/*--------------------------------*- C++ -*----------------------------------*\
  =========                 |
  \\      /  F ield         | OpenFOAM: The Open Source CFD Toolbox
   \\    /   O peration     | Website:  https://openfoam.org
    \\  /    A nd           | Version:  7
     \\/     M anipulation  |
\*---------------------------------------------------------------------------*/
FoamFile
{
    version     2.0;
    format      ascii;
    class       volScalarField;
    location    "0.475";
    object      p;
}
// * * * * * * * * * * * * * * * * * * * * * * * * * * * * * * * * * * * * * //

dimensions      [0 2 -2 0 0 0 0];

internalField   nonuniform List<scalar> 
6400
(
4.70838e-06
2.03155e-05
-0.000486096
-0.00151925
-0.00296205
-0.00470425
-0.0066455
-0.00869627
-0.0107793
-0.0128292
-0.0147908
-0.0166179
-0.0182721
-0.0197217
-0.0209408
-0.0219088
-0.0226094
-0.0230305
-0.0231636
-0.0230033
-0.0225471
-0.021795
-0.0207496
-0.0194154
-0.0177988
-0.0159082
-0.0137532
-0.0113454
-0.00869713
-0.00582245
-0.00273632
0.000545214
0.00400516
0.00762566
0.011388
0.0152729
0.0192603
0.0233295
0.0274595
0.0316288
0.0358156
0.0399978
0.0441531
0.0482593
0.052294
0.0562353
0.0600614
0.0637507
0.0672823
0.0706361
0.0737926
0.0767334
0.0794409
0.0818993
0.0840937
0.0860112
0.0876407
0.0889729
0.0900008
0.0907198
0.0911281
0.0912264
0.0910189
0.0905129
0.0897195
0.0886536
0.0873347
0.0857869
0.0840396
0.082128
0.0800939
0.0779865
0.0758633
0.0737912
0.0718479
0.0701219
0.0687102
0.0677171
0.0672493
0.0672872
-3.88946e-06
9.6804e-06
-0.000444091
-0.00132771
-0.00254194
-0.00400757
-0.00564868
-0.00739291
-0.009175
-0.0109377
-0.0126313
-0.0142132
-0.0156475
-0.0169037
-0.0179569
-0.0187865
-0.0193765
-0.0197142
-0.0197906
-0.0195996
-0.019138
-0.0184049
-0.0174019
-0.0161324
-0.0146019
-0.0128174
-0.0107878
-0.00852314
-0.00603489
-0.00333576
-0.000439547
0.00263892
0.00588388
0.00927869
0.012806
0.0164476
0.0201849
0.0239985
0.0278688
0.0317755
0.0356982
0.0396163
0.0435089
0.0473552
0.0511345
0.054826
0.0584095
0.0618651
0.0651735
0.0683157
0.071274
0.0740314
0.0765719
0.078881
0.0809453
0.0827534
0.0842951
0.0855627
0.0865502
0.0872542
0.0876736
0.0878102
0.0876685
0.0872564
0.0865853
0.0856701
0.0845298
0.0831877
0.0816721
0.0800161
0.0782586
0.0764446
0.0746257
0.0728602
0.0712135
0.069757
0.0685637
0.0677086
0.0672854
0.0673244
0.00050286
0.000464861
1.08602e-05
-0.000805298
-0.00189632
-0.0031989
-0.00465184
-0.00619505
-0.0077729
-0.00933534
-0.0108381
-0.0122424
-0.013515
-0.0146275
-0.015556
-0.016281
-0.0167866
-0.0170605
-0.0170934
-0.016879
-0.0164136
-0.0156958
-0.0147265
-0.0135086
-0.0120465
-0.0103468
-0.00841711
-0.00626684
-0.00390651
-0.00134786
0.00139626
0.00431201
0.00738461
0.0105985
0.0139372
0.0173838
0.0209205
0.0245292
0.0281913
0.0318876
0.0355989
0.0393057
0.0429882
0.0466269
0.0502022
0.0536945
0.0570849
0.0603545
0.0634853
0.0664596
0.0692608
0.0718729
0.0742814
0.0764725
0.0784342
0.0801559
0.0816286
0.0828453
0.0838009
0.0844926
0.0849199
0.0850852
0.0849933
0.0846522
0.084073
0.0832705
0.0822629
0.0810725
0.0797259
0.0782539
0.0766925
0.0750824
0.0734696
0.0719051
0.0704449
0.0691482
0.0680742
0.0672831
0.0668605
0.0668581
0.00153593
0.00135094
0.000827126
7.6838e-06
-0.00104069
-0.00226441
-0.00361171
-0.00503186
-0.00647724
-0.00790425
-0.0092737
-0.0105509
-0.0117054
-0.0127112
-0.0135461
-0.0141917
-0.0146328
-0.0148577
-0.0148573
-0.0146254
-0.014158
-0.0134536
-0.0125127
-0.0113375
-0.00993222
-0.00830256
-0.00645571
-0.00440024
-0.00214596
0.000296129
0.002914
0.00569461
0.00862403
0.0116875
0.0148696
0.0181541
0.0215242
0.0249628
0.028452
0.0319738
0.0355099
0.0390416
0.0425503
0.0460174
0.0494242
0.0527522
0.0559834
0.0591001
0.0620849
0.0649214
0.0675938
0.0700871
0.0723876
0.0744825
0.0763605
0.0780117
0.079428
0.0806029
0.0815319
0.0822126
0.082645
0.0828315
0.0827771
0.0824895
0.0819797
0.0812615
0.0803523
0.0792732
0.0780487
0.0767074
0.0752819
0.0738091
0.0723296
0.0708882
0.069533
0.0683145
0.0672829
0.06649
0.0660037
0.0658681
0.002985
0.0025735
0.00192182
0.00104948
-6.31956e-06
-0.00120071
-0.00248981
-0.0038313
-0.00518492
-0.00651316
-0.00778183
-0.00896023
-0.0100212
-0.0109411
-0.0116997
-0.01228
-0.0126679
-0.0128523
-0.0128248
-0.0125791
-0.0121115
-0.0114204
-0.0105059
-0.00937014
-0.00801675
-0.00645099
-0.00467951
-0.00271029
-0.000552489
0.00178358
0.00428659
0.00694424
0.00974339
0.0126701
0.0157096
0.0188467
0.0220653
0.0253492
0.0286814
0.0320448
0.0354218
0.0387948
0.042146
0.0454577
0.0487121
0.0518917
0.0549793
0.0579579
0.0608114
0.0635239
0.0660805
0.0684671
0.0706706
0.0726792
0.0744821
0.0760701
0.0774355
0.0785725
0.0794769
0.0801467
0.080582
0.0807851
0.080761
0.0805171
0.0800637
0.079414
0.0785842
0.0775936
0.0764649
0.0752242
0.0739007
0.0725274
0.0711399
0.069777
0.0684798
0.0672908
0.0662532
0.0654106
0.0648042
0.0644564
0.00474792
0.00405951
0.00323683
0.00227127
0.00116666
-3.99411e-05
-0.00131127
-0.00261261
-0.00391039
-0.00517278
-0.00637032
-0.00747623
-0.00846659
-0.00932035
-0.0100193
-0.0105481
-0.0108938
-0.0110463
-0.0109977
-0.0107423
-0.0102765
-0.00959864
-0.00870896
-0.00760929
-0.00630304
-0.00479507
-0.0030916
-0.00120009
0.000870823
0.00311144
0.00551106
0.00805805
0.01074
0.0135436
0.0164549
0.0194594
0.0225418
0.0256867
0.0288779
0.0320991
0.0353335
0.0385642
0.0417745
0.0449472
0.0480654
0.0511126
0.0540721
0.0569279
0.0596645
0.0622668
0.0647207
0.0670127
0.0691303
0.0710624
0.0727987
0.0743306
0.0756507
0.0767536
0.0776354
0.0782941
0.07873
0.0789452
0.0789444
0.0787346
0.0783254
0.077729
0.0769602
0.0760369
0.0749795
0.0738116
0.0725592
0.0712513
0.0699192
0.068596
0.0673165
0.0661159
0.0650315
0.0640997
0.0633304
0.0627194
0.00673394
0.00574041
0.00471689
0.00362651
0.00243915
0.00118535
-0.000103072
-0.0013981
-0.00267217
-0.00389857
-0.00505225
-0.0061102
-0.00705163
-0.00785809
-0.00851349
-0.00900411
-0.00931852
-0.00944749
-0.00938391
-0.00912267
-0.00866056
-0.00799612
-0.00712958
-0.00606272
-0.00479878
-0.00334238
-0.00169938
0.000123141
0.00211702
0.00427307
0.00658112
0.00903014
0.0116083
0.0143029
0.0171009
0.0199881
0.0229503
0.0259724
0.0290392
0.0321349
0.0352436
0.0383492
0.0414355
0.0444862
0.047485
0.0504161
0.0532635
0.056012
0.0586466
0.061153
0.0635175
0.0657272
0.0677703
0.0696359
0.0713144
0.0727974
0.0740779
0.0751505
0.0760117
0.0766594
0.0770938
0.0773167
0.0773325
0.0771476
0.0767707
0.076213
0.0754879
0.0746116
0.0736025
0.0724815
0.0712718
0.0699986
0.0686888
0.067371
0.066074
0.064827
0.063662
0.0626095
0.0616471
0.0607438
0.00886376
0.00755164
0.0063082
0.00506984
0.00377366
0.00244495
0.00111113
-0.000205563
-0.00148289
-0.00269874
-0.00383212
-0.00486352
-0.00577513
-0.00655105
-0.0071773
-0.00764189
-0.00793479
-0.00804791
-0.00797501
-0.00771164
-0.00725503
-0.00660405
-0.00575908
-0.00472194
-0.00349579
-0.00208509
-0.000495467
0.00126633
0.00319251
0.00527429
0.00750199
0.00986508
0.0123523
0.0149515
0.0176501
0.0204347
0.0232916
0.0262065
0.0291646
0.0321509
0.0351502
0.0381468
0.0411254
0.0440701
0.0469655
0.0497961
0.0525468
0.0552027
0.0577495
0.0601733
0.0624611
0.0646003
0.0665796
0.0683883
0.0700173
0.0714583
0.0727045
0.0737508
0.0745934
0.0752303
0.0756614
0.0758883
0.0759147
0.0757463
0.0753911
0.074859
0.0741623
0.0733151
0.072334
0.0712374
0.0700457
0.0687807
0.0674655
0.0661244
0.0647812
0.0634596
0.0621877
0.0609911
0.059816
0.0586057
0.0110703
0.0094357
0.00796125
0.00655871
0.00513427
0.00370916
0.00230741
0.000946257
-0.000356676
-0.00158338
-0.00271651
-0.00373977
-0.0046382
-0.00539827
-0.00600809
-0.00645739
-0.00673757
-0.00684172
-0.00676452
-0.00650227
-0.00605274
-0.00541518
-0.00459022
-0.00357981
-0.00238713
-0.00101655
0.000526465
0.00223539
0.00410274
0.00612007
0.00827811
0.0105668
0.0129752
0.0154918
0.0181045
0.0208005
0.0235666
0.0263889
0.0292534
0.0321456
0.0350507
0.037954
0.0408402
0.0436944
0.0465014
0.0492465
0.051915
0.0544924
0.056965
0.0593192
0.0615423
0.0636223
0.0655479
0.067309
0.0688964
0.0703022
0.0715195
0.0725432
0.0733694
0.0739961
0.0744225
0.0746501
0.0746819
0.074523
0.0741801
0.0736622
0.0729802
0.0721466
0.071176
0.0700844
0.0688896
0.0676104
0.0662667
0.0648786
0.063466
0.0620477
0.0606489
0.0592914
0.0578918
0.0563695
0.0132978
0.0113425
0.00963156
0.008054
0.00648714
0.0049492
0.00346171
0.00203769
0.000690745
-0.000564687
-0.00171452
-0.0027454
-0.00364496
-0.00440196
-0.00500646
-0.00544988
-0.00572507
-0.00582628
-0.00574917
-0.00549081
-0.00504959
-0.00442521
-0.00361862
-0.00263196
-0.0014685
-0.000132603
0.00137035
0.003034
0.00485108
0.00681343
0.0089121
0.0111374
0.0134788
0.0159252
0.018465
0.0210858
0.0237748
0.0265188
0.0293042
0.032117
0.034943
0.0377676
0.0405765
0.0433549
0.0460883
0.0487623
0.0513625
0.053875
0.0562864
0.0585834
0.0607536
0.0627852
0.0646673
0.0663897
0.0679434
0.0693206
0.0705144
0.0715194
0.0723317
0.0729489
0.07337
0.0735957
0.0736286
0.0734729
0.0731344
0.0726208
0.0719418
0.0711083
0.0701329
0.0690297
0.067814
0.0665018
0.0651101
0.0636559
0.0621552
0.0606231
0.0590823
0.0575524
0.055922
0.0540886
0.0154992
0.0132285
0.0112795
0.00952009
0.00780077
0.00613768
0.00455058
0.00304899
0.00164306
0.000344143
-0.000836571
-0.00188837
-0.00280125
-0.00356611
-0.00417484
-0.00462051
-0.00489734
-0.00500075
-0.00492742
-0.00467519
-0.00424312
-0.00363141
-0.00284137
-0.0018754
-0.000736915
0.000569659
0.00203897
0.00366474
0.00543988
0.00735643
0.00940572
0.0115783
0.0138641
0.0162523
0.0187317
0.0212902
0.0239157
0.0265951
0.0293155
0.0320631
0.0348242
0.0375847
0.0403306
0.0430476
0.0457216
0.0483383
0.0508839
0.0533448
0.0557076
0.0579595
0.0600882
0.0620822
0.0639304
0.0656231
0.0671509
0.0685061
0.0696818
0.0706724
0.0714736
0.0720826
0.072498
0.0727202
0.0727508
0.0725931
0.0722523
0.0717347
0.0710487
0.0702037
0.0692107
0.0680819
0.0668301
0.0654693
0.0640138
0.0624777
0.060874
0.0592148
0.0575213
0.0558111
0.0539474
0.0518072
0.0176353
0.0150561
0.0128698
0.0109247
0.00904603
0.00724873
0.00555142
0.00396066
0.00248373
0.00112928
-9.40067e-05
-0.00117779
-0.00211422
-0.00289612
-0.00351716
-0.00397191
-0.00425594
-0.00436583
-0.00429922
-0.00405479
-0.00363226
-0.00303236
-0.00225681
-0.00130833
-0.000190522
0.00109207
0.00253407
0.00412925
0.00587059
0.00775032
0.00975994
0.0118903
0.0141315
0.0164731
0.0189042
0.0214132
0.0239881
0.0266163
0.0292852
0.0319814
0.0346916
0.0374021
0.0400991
0.0427686
0.0453968
0.0479699
0.0504742
0.0528962
0.0552229
0.0574416
0.05954
0.0615068
0.063331
0.0650026
0.0665125
0.0678526
0.0690158
0.0699963
0.0707896
0.0713923
0.0718026
0.07202
0.0720458
0.0718823
0.0715336
0.0710051
0.0703038
0.0694377
0.0684163
0.0672499
0.0659497
0.0645274
0.062995
0.0613644
0.0596461
0.0578496
0.0559954
0.0541002
0.0520029
0.0495618
0.0196725
0.0167925
0.0143712
0.0122385
0.010196
0.00825805
0.00644251
0.0047536
0.00319614
0.00177648
0.000501107
-0.00062373
-0.00159212
-0.00239868
-0.00303868
-0.00350813
-0.00380387
-0.00392361
-0.00386594
-0.00363036
-0.00321726
-0.00262794
-0.00186457
-0.000930171
0.000171374
0.00143539
0.0028564
0.00442818
0.00614376
0.00799547
0.00997496
0.0120732
0.0142807
0.0165871
0.0189818
0.0214535
0.0239905
0.0265805
0.0292112
0.0318695
0.0345424
0.0372165
0.0398782
0.0425138
0.0451098
0.0476525
0.0501284
0.0525243
0.054827
0.0570241
0.0591035
0.0610535
0.0628633
0.0645228
0.0660226
0.0673546
0.0685112
0.0694865
0.0702755
0.0708743
0.0712805
0.0714931
0.0715124
0.0713402
0.0709794
0.0704345
0.069711
0.068816
0.0677572
0.0665436
0.0651847
0.0636902
0.0620704
0.0603353
0.0584932
0.0565518
0.0545313
0.0524481
0.0501185
0.047383
0.0215823
0.0184089
0.0157557
0.0134349
0.011226
0.00914276
0.00720309
0.00540916
0.00376374
0.00227122
0.000936156
-0.000237035
-0.00124419
-0.00208154
-0.00274583
-0.00323444
-0.00354541
-0.0036775
-0.00363024
-0.00340393
-0.00299966
-0.00241928
-0.00166542
-0.000741488
0.00034838
0.0015993
0.00300569
0.00456126
0.00625905
0.00809145
0.0100502
0.0121264
0.0143108
0.0165931
0.018963
0.0214095
0.0239209
0.0264855
0.0290909
0.0317245
0.0343734
0.0370245
0.0396643
0.0422794
0.0448564
0.0473818
0.0498421
0.0522242
0.0545151
0.0567023
0.0587735
0.0607173
0.0625224
0.0641787
0.0656767
0.0670077
0.0681642
0.0691395
0.0699282
0.0705261
0.0709301
0.0711385
0.0711508
0.0709679
0.0705919
0.0700262
0.0692755
0.0683452
0.0672419
0.0659732
0.0645471
0.062972
0.0612564
0.0594087
0.0574358
0.0553438
0.053153
0.05088
0.0483199
0.0452964
0.0233395
0.01988
0.0169982
0.0144898
0.0121129
0.00988137
0.00781329
0.00590921
0.00417015
0.00259882
0.00119812
-2.91617e-05
-0.00108042
-0.00195336
-0.00264609
-0.00315722
-0.00348595
-0.00363205
-0.00359594
-0.00337871
-0.00298213
-0.00240861
-0.00166127
-0.000743891
0.000339084
0.00158255
0.00298077
0.00452735
0.00621531
0.00803704
0.00998434
0.0120485
0.0142201
0.0164893
0.0188459
0.0212789
0.0237771
0.0263287
0.0289216
0.0315434
0.0341814
0.0368226
0.0394537
0.0420615
0.0446325
0.0471534
0.0496108
0.0519916
0.0542827
0.0564715
0.0585457
0.0604937
0.062304
0.0639664
0.0654709
0.0668086
0.0679714
0.0689524
0.0697456
0.0703462
0.0707506
0.0709562
0.0709618
0.0707674
0.0703743
0.069785
0.0690028
0.0680324
0.0668791
0.0655491
0.0640492
0.0623866
0.0605685
0.058602
0.0564928
0.0542457
0.0518817
0.0494181
0.0466296
0.0433236
0.0249221
0.0211828
0.0180759
0.0153808
0.0128352
0.0104535
0.00825407
0.00623609
0.00439915
0.00274452
0.00127366
-1.20743e-05
-0.00111149
-0.0020236
-0.00274778
-0.00328381
-0.00363192
-0.00379287
-0.00376794
-0.00355898
-0.0031684
-0.00259922
-0.00185502
-0.000939988
0.000141116
0.00138294
0.00277955
0.00432445
0.00601056
0.00783026
0.00977538
0.0118372
0.0140065
0.0162735
0.018628
0.0210592
0.0235561
0.026107
0.0287001
0.0313229
0.0339629
0.0366072
0.0392427
0.0418561
0.0444342
0.0469634
0.0494305
0.0518222
0.0541255
0.0563276
0.058416
0.0603788
0.0622045
0.0638823
0.0654019
0.0667542
0.0679307
0.0689236
0.0697266
0.0703342
0.0707421
0.0709472
0.0709474
0.0707418
0.0703308
0.0697159
0.0688997
0.0678857
0.0666781
0.065282
0.0637032
0.0619477
0.0600218
0.0579316
0.0556818
0.0532763
0.0507371
0.0480822
0.045067
0.0414832
0.0263101
0.0222966
0.0189677
0.0160871
0.0133729
0.0108399
0.00850707
0.00637257
0.0044347
0.00269351
0.00114919
-0.000198171
-0.00134863
-0.00230242
-0.00306005
-0.00362239
-0.00399066
-0.00416652
-0.0041521
-0.00394997
-0.0035632
-0.00299536
-0.00225054
-0.00133332
-0.000248793
0.000997405
0.00239914
0.00394976
0.00564209
0.00746844
0.00942063
0.0114899
0.0136672
0.0159427
0.0183063
0.0207474
0.0232549
0.0258174
0.0284229
0.0310594
0.0337142
0.0363745
0.0390273
0.0416594
0.0442573
0.0468077
0.0492971
0.0517121
0.0540397
0.0562668
0.0583807
0.0603693
0.0622206
0.0639235
0.0654675
0.0668428
0.0680403
0.069052
0.0698707
0.0704904
0.0709059
0.0711135
0.0711104
0.0708948
0.0704662
0.0698252
0.0689734
0.0679133
0.0666484
0.0651829
0.0635213
0.0616689
0.059631
0.0574133
0.0550194
0.0524529
0.0497369
0.0468904
0.0436498
0.0397918
0.0274855
0.0232024
0.0196542
0.0165894
0.0137067
0.0110219
0.00855452
0.00630176
0.00426089
0.0024309
0.000810876
-0.000600237
-0.00180362
-0.0028006
-0.00359276
-0.00418194
-0.00457033
-0.00476045
-0.00475519
-0.00455786
-0.00417215
-0.00360221
-0.00285258
-0.00192828
-0.000834764
0.00042207
0.00183585
0.00339975
0.00510645
0.0069482
0.00891674
0.0110034
0.0131989
0.0154936
0.0178775
0.0203399
0.0228699
0.025456
0.0280865
0.0307491
0.0334315
0.0361207
0.0388037
0.0414672
0.0440979
0.0466823
0.0492066
0.0516575
0.0540216
0.0562856
0.0584366
0.060462
0.0623496
0.0640879
0.0656657
0.0670727
0.0682994
0.0693372
0.0701783
0.0708158
0.0712439
0.071458
0.0714545
0.071231
0.070786
0.0701193
0.0692315
0.0681243
0.0668003
0.0652629
0.0635157
0.0615634
0.0594106
0.0570623
0.0545217
0.051792
0.0488976
0.0458589
0.0423937
0.0382638
0.0284312
0.0238822
0.0201171
0.0168692
0.0138186
0.0109818
0.00837911
0.00600706
0.0038619
0.00194173
0.000244655
-0.00123142
-0.00248868
-0.00352949
-0.00435639
-0.00497217
-0.00537988
-0.00558287
-0.00558479
-0.00538964
-0.00500173
-0.00442574
-0.00366673
-0.00273012
-0.00162171
-0.000347722
0.00108524
0.00267014
0.00439952
0.00626551
0.00825977
0.0103735
0.0125976
0.0149223
0.0173376
0.0198328
0.022397
0.0250189
0.0276866
0.030388
0.0331106
0.0358415
0.0385677
0.0412757
0.0439521
0.0465832
0.0491553
0.0516547
0.0540677
0.0563808
0.0585806
0.0606543
0.0625892
0.0643733
0.0659949
0.0674431
0.0687078
0.0697797
0.0706503
0.0713121
0.0717584
0.0719839
0.0719841
0.0717557
0.0712966
0.0706056
0.0696825
0.0685281
0.0671442
0.0655334
0.063699
0.0616446
0.0593745
0.0568933
0.0542039
0.0513092
0.048235
0.0450033
0.0413135
0.0369127
0.0291311
0.0243189
0.0203387
0.0169087
0.0136907
0.010702
0.00796384
0.00547199
0.00322194
0.00121095
-0.00056377
-0.00210522
-0.00341653
-0.004501
-0.00536207
-0.00600343
-0.00642896
-0.00664278
-0.00664927
-0.0064531
-0.00605919
-0.00547277
-0.00469936
-0.00374481
-0.0026153
-0.00131736
0.000142158
0.00175599
0.00351652
0.00541572
0.00744516
0.00959601
0.011859
0.0142244
0.0166822
0.0192217
0.0218321
0.0245018
0.0272191
0.0299717
0.0327473
0.0355328
0.038315
0.0410806
0.0438157
0.0465066
0.0491394
0.0517001
0.0541746
0.0565492
0.0588101
0.0609438
0.0629375
0.0647783
0.0664542
0.0679536
0.0692657
0.0703804
0.0712885
0.0719818
0.0724529
0.0726954
0.0727042
0.0724751
0.072005
0.071292
0.0703351
0.0691344
0.0676909
0.0660064
0.0640837
0.061926
0.059537
0.0569211
0.054081
0.0510195
0.0477641
0.0443381
0.0404231
0.0357511
0.0295696
0.0244961
0.020302
0.0166908
0.0133059
0.0101655
0.00729188
0.00468019
0.00232515
0.000223297
-0.00162897
-0.0032355
-0.0046003
-0.00572753
-0.00662151
-0.00728673
-0.00772789
-0.00794985
-0.00795771
-0.00775677
-0.00735255
-0.0067508
-0.00595756
-0.00497907
-0.0038219
-0.0024929
-0.000999194
0.000651725
0.00245205
0.00439359
0.00646781
0.00866577
0.0109781
0.0133951
0.0159066
0.018502
0.0211702
0.0238999
0.0266791
0.0294957
0.032337
0.03519
0.0380414
0.0408775
0.0436846
0.0464486
0.0491551
0.0517901
0.0543391
0.0567879
0.0591224
0.0613285
0.0633927
0.0653018
0.0670431
0.0686042
0.0699737
0.0711407
0.0720951
0.0728279
0.0733311
0.0735973
0.0736204
0.0733955
0.0729187
0.072187
0.071199
0.0699538
0.0684517
0.066694
0.0646829
0.0624211
0.0599122
0.0571602
0.0541678
0.0509379
0.0474996
0.0438778
0.0397359
0.0347911
0.0297315
0.0243976
0.0199903
0.0161984
0.012647
0.00935526
0.00634647
0.00361522
0.00115556
-0.00103667
-0.00296581
-0.0046365
-0.00605358
-0.00722202
-0.00814695
-0.00883367
-0.00928764
-0.00951445
-0.00951987
-0.00930984
-0.00889048
-0.00826807
-0.0074491
-0.00644029
-0.00524854
-0.00388105
-0.00234524
-0.000648842
0.00120013
0.00319334
0.00532209
0.00757731
0.00994958
0.0124291
0.0150055
0.0176683
0.0204064
0.0232082
0.0260619
0.028955
0.0318749
0.0348084
0.0377421
0.0406622
0.0435546
0.0464049
0.0491987
0.0519213
0.054558
0.0570942
0.0595151
0.0618063
0.0639536
0.0659431
0.0677613
0.0693954
0.070833
0.0720624
0.0730728
0.0738542
0.0743975
0.0746948
0.0747391
0.0745243
0.0740458
0.0732999
0.0722841
0.0709971
0.0694384
0.0676087
0.0655097
0.0631438
0.0605144
0.0576254
0.0544793
0.0510793
0.047456
0.0436363
0.0392652
0.0340448
0.0296015
0.0240074
0.0193871
0.0154146
0.011697
0.0082543
0.00511078
0.00226054
-0.000303023
-0.0025847
-0.00458952
-0.0063229
-0.00779043
-0.0089979
-0.00995122
-0.0106564
-0.0111198
-0.0113475
-0.0113461
-0.0111222
-0.0106823
-0.0100334
-0.00918242
-0.00813646
-0.00690286
-0.00548913
-0.003903
-0.00215245
-0.000245717
0.00180867
0.00400185
0.00632466
0.00876754
0.0113206
0.0139734
0.0167154
0.0195352
0.0224215
0.0253621
0.0283445
0.031356
0.0343832
0.0374126
0.04043
0.0434213
0.0463717
0.0492663
0.0520902
0.0548283
0.0574653
0.059986
0.0623755
0.0646189
0.0667014
0.068609
0.070328
0.0718451
0.073148
0.0742248
0.0750645
0.0756572
0.075994
0.076067
0.0758693
0.0753952
0.0746403
0.0736012
0.0722759
0.0706633
0.0687637
0.066578
0.0641086
0.0613585
0.0583316
0.0550306
0.0514585
0.0476482
0.0436281
0.0390244
0.0335244
0.0291643
0.0233093
0.0184756
0.0143226
0.0104389
0.0068455
0.00356778
0.000599336
-0.00206708
-0.00443686
-0.00651571
-0.00830977
-0.0098254
-0.0110691
-0.0120477
-0.0127678
-0.0132365
-0.0134607
-0.0134476
-0.0132043
-0.0127381
-0.0120563
-0.0111665
-0.0100762
-0.00879305
-0.00732497
-0.00567999
-0.00386634
-0.0018925
0.000232797
0.00250055
0.00490143
0.00742576
0.0100635
0.0128042
0.0156371
0.0185509
0.021534
0.0245741
0.0276588
0.030775
0.0339093
0.0370478
0.0401763
0.0432802
0.0463445
0.049354
0.0522933
0.0551467
0.0578985
0.060533
0.0630345
0.0653875
0.0675765
0.0695865
0.0714031
0.0730121
0.0744001
0.0755546
0.0764634
0.0771157
0.0775014
0.0776117
0.0774389
0.0769763
0.0762186
0.0751615
0.0738024
0.0721396
0.0701726
0.0679022
0.0653302
0.0624596
0.0592944
0.0558371
0.0520913
0.0480913
0.0438676
0.0390274
0.0332425
0.0284042
0.0222869
0.0172391
0.0129051
0.00885521
0.00511146
0.00170017
-0.00138552
-0.00415346
-0.00660964
-0.00876044
-0.0106127
-0.0121735
-0.0134502
-0.0144502
-0.0151811
-0.0156505
-0.0158661
-0.0158357
-0.0155671
-0.0150682
-0.0143468
-0.0134109
-0.0122686
-0.0109278
-0.00939695
-0.00768424
-0.00579825
-0.00374767
-0.00154146
0.000811195
0.00330082
0.00591761
0.0086514
0.0114917
0.0144275
0.0174475
0.0205398
0.0236924
0.0268923
0.0301265
0.0333814
0.0366428
0.0398962
0.0431268
0.0463192
0.0494579
0.052527
0.0555102
0.0583913
0.061154
0.0637818
0.0662585
0.068568
0.0706943
0.072622
0.074336
0.075822
0.0770663
0.0780559
0.0787788
0.0792239
0.0793813
0.0792422
0.0787991
0.0780457
0.0769771
0.0755895
0.0738807
0.0718499
0.0694971
0.0668242
0.0638338
0.0605299
0.0569153
0.0529935
0.0488011
0.0443702
0.0392886
0.0332122
0.0273053
0.0209235
0.0156602
0.0111446
0.00692832
0.0030344
-0.000509779
-0.00371158
-0.00657946
-0.00912002
-0.0113403
-0.0132478
-0.0148504
-0.0161562
-0.0171734
-0.0179102
-0.0183751
-0.0185765
-0.0185228
-0.0182224
-0.0176838
-0.0169155
-0.0159258
-0.0147233
-0.0133164
-0.0117139
-0.0099242
-0.00795629
-0.00581906
-0.00352169
-0.00107355
0.00151572
0.00423616
0.00707752
0.0100291
0.01308
0.0162185
0.0194329
0.0227107
0.0260391
0.0294048
0.0327939
0.0361922
0.0395847
0.0429564
0.0462915
0.049574
0.0527875
0.0559155
0.0589409
0.0618468
0.0646159
0.0672313
0.069676
0.0719332
0.0739864
0.0758195
0.0774171
0.0787645
0.0798475
0.0806531
0.0811691
0.0813843
0.0812889
0.0808745
0.0801336
0.0790605
0.0776508
0.0759013
0.0738107
0.0713788
0.0686069
0.0654977
0.0620551
0.0582819
0.054182
0.049794
0.0451518
0.0398233
0.0334478
0.0258508
0.0192018
0.0137212
0.00902301
0.00463997
0.000596038
-0.00308031
-0.00639694
-0.00936294
-0.0119855
-0.0142723
-0.0162317
-0.0178723
-0.0192027
-0.0202322
-0.0209697
-0.0214243
-0.0216051
-0.0215214
-0.0211822
-0.0205964
-0.0197732
-0.0187216
-0.0174503
-0.0159684
-0.0142849
-0.0124087
-0.0103489
-0.00811484
-0.00571578
-0.00316132
-0.000461287
0.00237423
0.00533483
0.00840976
0.0115879
0.0148575
0.0182067
0.021623
0.0250932
0.028604
0.0321413
0.0356905
0.0392366
0.042764
0.0462566
0.049698
0.0530714
0.0563594
0.0595447
0.0626093
0.0655355
0.0683052
0.0709006
0.073304
0.075498
0.0774652
0.0791892
0.0806539
0.0818442
0.0827457
0.083345
0.08363
0.0835894
0.0832138
0.0824947
0.0814254
0.0800007
0.0782167
0.0760713
0.073564
0.0706957
0.0674689
0.0638877
0.0599549
0.0556747
0.0510876
0.0462295
0.0406476
0.0339644
0.0240234
0.0171039
0.0114038
0.00652172
0.00197132
-0.00222252
-0.00603026
-0.0094603
-0.0125224
-0.0152242
-0.0175744
-0.0195817
-0.0212558
-0.022606
-0.0236423
-0.0243744
-0.0248123
-0.0249658
-0.0248448
-0.024459
-0.0238181
-0.0229317
-0.0218092
-0.0204601
-0.0188938
-0.0171196
-0.0151468
-0.012985
-0.0106434
-0.00813186
-0.00546
-0.00263783
0.000324393
0.00341614
0.00662654
0.00994433
0.0133578
0.0168549
0.0204228
0.0240485
0.0277182
0.0314177
0.0351323
0.0388466
0.0425447
0.0462101
0.0498259
0.0533747
0.0568388
0.0601999
0.0634395
0.066539
0.0694795
0.072242
0.074808
0.0771588
0.0792762
0.0811422
0.0827397
0.0840522
0.085064
0.0857604
0.0861281
0.0861547
0.0858292
0.0851423
0.0840862
0.0826546
0.080843
0.0786487
0.0760704
0.0731088
0.0697663
0.0660469
0.0619535
0.0574905
0.0527005
0.0476214
0.0417791
0.0347784
0.0218052
0.014611
0.00868878
0.00362132
-0.00109718
-0.00544089
-0.00937921
-0.0129211
-0.0160769
-0.0188551
-0.0212648
-0.0233158
-0.0250184
-0.0263829
-0.0274199
-0.0281401
-0.0285542
-0.0286729
-0.0285067
-0.028066
-0.0273612
-0.0264025
-0.0251999
-0.0237634
-0.0221027
-0.0202277
-0.018148
-0.0158733
-0.0134135
-0.0107783
-0.00797761
-0.0050217
-0.00192091
0.0013141
0.00467233
0.00814242
0.0117126
0.0153706
0.0191036
0.0228984
0.0267411
0.0306173
0.0345119
0.0384093
0.0422933
0.0461471
0.0499532
0.0536937
0.0573502
0.0609038
0.0643353
0.0676251
0.0707535
0.0737005
0.0764463
0.0789711
0.0812556
0.0832806
0.0850274
0.0864781
0.0876159
0.0884245
0.0888892
0.0889963
0.0887336
0.0880905
0.087058
0.0856289
0.0837977
0.081561
0.0789169
0.0758658
0.0724098
0.0685529
0.064298
0.0596496
0.0546528
0.0493473
0.0432365
0.0359075
0.0191772
0.0117037
0.00555621
0.000301579
-0.00458594
-0.00907953
-0.0131475
-0.0167995
-0.0200464
-0.0228976
-0.0253628
-0.0274527
-0.0291782
-0.0305508
-0.0315819
-0.0322829
-0.0326655
-0.0327411
-0.0325211
-0.0320166
-0.0312386
-0.030198
-0.0289054
-0.0273712
-0.0256057
-0.0236192
-0.0214217
-0.0190232
-0.0164337
-0.0136633
-0.0107223
-0.00762073
-0.00436928
-0.000978707
0.00253991
0.0061751
0.00991499
0.0137472
0.017659
0.0216368
0.0256667
0.0297341
0.0338236
0.0379194
0.0420049
0.0460629
0.0500756
0.0540244
0.0578903
0.0616536
0.0652945
0.0687924
0.0721266
0.0752762
0.0782201
0.0809373
0.083407
0.0856088
0.0875226
0.0891292
0.0904098
0.091347
0.0919243
0.0921269
0.0919409
0.0913544
0.0903572
0.0889409
0.0870992
0.0848277
0.0821239
0.0789877
0.0754209
0.0714275
0.0670102
0.0621741
0.056966
0.0514281
0.0450404
0.0373712
0.0161195
0.00836144
0.00198518
-0.00345871
-0.0085163
-0.0131598
-0.0173566
-0.0211167
-0.0244519
-0.0273723
-0.0298883
-0.0320116
-0.0337541
-0.035128
-0.0361457
-0.0368196
-0.0371622
-0.0371858
-0.0369026
-0.0363245
-0.0354633
-0.0343305
-0.0329373
-0.0312946
-0.0294134
-0.0273042
-0.0249775
-0.0224436
-0.0197128
-0.0167955
-0.013702
-0.0104427
-0.00702828
-0.00346961
0.000222122
0.00403538
0.00795821
0.0119782
0.0160824
0.0202573
0.0244888
0.028762
0.0330616
0.0373712
0.0416741
0.0459527
0.0501885
0.0543627
0.0584555
0.0624465
0.066315
0.0700395
0.0735984
0.0769696
0.0801308
0.0830596
0.0857339
0.0881318
0.0902317
0.0920127
0.0934546
0.0945381
0.0952453
0.0955595
0.0954655
0.0949499
0.0940011
0.0926093
0.0907673
0.0884695
0.0857129
0.0824967
0.0788225
0.0746939
0.0701138
0.0650873
0.0596636
0.0538868
0.047213
0.0391907
0.0126112
0.00456264
-0.00204633
-0.00768181
-0.0129107
-0.0177043
-0.0220287
-0.0258948
-0.0293152
-0.0323005
-0.0348623
-0.0370131
-0.0387657
-0.0401333
-0.0411295
-0.0417675
-0.0420608
-0.0420227
-0.0416661
-0.041004
-0.0400488
-0.0388126
-0.0373075
-0.035545
-0.0335364
-0.0312928
-0.028825
-0.0261437
-0.0232596
-0.0201831
-0.0169248
-0.0134953
-0.00990528
-0.00616578
-0.00228802
0.00171642
0.00583555
0.0100569
0.0143675
0.0187536
0.0232012
0.0276952
0.0322201
0.0367594
0.0412959
0.0458115
0.0502877
0.0547047
0.0590424
0.0632796
0.0673946
0.0713651
0.0751683
0.078781
0.0821797
0.0853406
0.0882401
0.0908546
0.093161
0.0951367
0.0967596
0.0980088
0.0988645
0.0993082
0.0993231
0.0988941
0.0980081
0.0966539
0.094823
0.0925087
0.0897073
0.0864171
0.0826393
0.0783775
0.0736342
0.0684148
0.0627708
0.0567484
0.0497784
0.0413891
0.00863012
0.00028455
-0.00656154
-0.0123912
-0.0177928
-0.0227365
-0.0271874
-0.0311571
-0.034659
-0.0377047
-0.0403066
-0.0424781
-0.0442333
-0.0455864
-0.046552
-0.0471445
-0.0473783
-0.0472678
-0.0468269
-0.0460693
-0.0450084
-0.0436571
-0.0420281
-0.0401335
-0.0379852
-0.0355948
-0.0329735
-0.0301324
-0.0270824
-0.0238341
-0.0203983
-0.0167858
-0.0130074
-0.00907413
-0.00499723
-0.000788327
0.00354058
0.00797702
0.012508
0.0171197
0.0217981
0.026528
0.0312936
0.0360784
0.0408649
0.0456347
0.0503685
0.0550464
0.0596474
0.0641498
0.068531
0.0727675
0.0768356
0.0807109
0.0843684
0.0877831
0.0909295
0.0937826
0.0963174
0.0985093
0.100335
0.10177
0.102795
0.103388
0.10353
0.103205
0.102398
0.101096
0.0992889
0.0969692
0.0941319
0.0907746
0.086898
0.0825053
0.0775989
0.0721841
0.066315
0.0600399
0.0527631
0.0439919
0.00415298
-0.00449687
-0.011585
-0.0176118
-0.0231875
-0.0282814
-0.0328576
-0.0369282
-0.0405076
-0.0436084
-0.0462439
-0.0484289
-0.0501783
-0.0515077
-0.0524327
-0.052969
-0.0531322
-0.0529377
-0.0524004
-0.051535
-0.0503559
-0.0488767
-0.0471109
-0.0450712
-0.0427703
-0.04022
-0.0374322
-0.0344182
-0.0311892
-0.0277561
-0.0241299
-0.0203214
-0.0163414
-0.0122012
-0.00791184
-0.00348504
0.00106727
0.00573262
0.010498
0.0153499
0.0202738
0.0252547
0.0302768
0.0353232
0.0403762
0.0454173
0.0504267
0.0553839
0.0602673
0.0650544
0.0697219
0.0742455
0.0785999
0.0827597
0.0866985
0.0903896
0.0938062
0.0969212
0.0997077
0.102139
0.10419
0.105835
0.107051
0.107814
0.108104
0.107902
0.107192
0.105958
0.104189
0.101876
0.0990136
0.0955972
0.0916273
0.0871067
0.0820376
0.0764252
0.0703261
0.0637907
0.0561959
0.0470267
-0.000844943
-0.00980712
-0.0171426
-0.0233698
-0.0291213
-0.0343656
-0.0390654
-0.0432338
-0.0468863
-0.0500363
-0.0526985
-0.0548885
-0.0566229
-0.0579183
-0.0587918
-0.0592602
-0.0593405
-0.0590491
-0.0584023
-0.0574158
-0.0561048
-0.054484
-0.0525675
-0.050369
-0.0479016
-0.0451777
-0.0422097
-0.0390092
-0.0355877
-0.0319564
-0.0281262
-0.0241083
-0.0199135
-0.0155528
-0.0110376
-0.00637935
-0.00158994
0.00331825
0.0083323
0.0134386
0.018623
0.0238703
0.0291644
0.0344887
0.0398251
0.0451549
0.0504579
0.0557132
0.0608984
0.0659906
0.0709653
0.0757974
0.0804606
0.0849278
0.0891715
0.0931632
0.0968744
0.100276
0.103339
0.106036
0.108337
0.110216
0.111646
0.112603
0.113063
0.113006
0.112412
0.111264
0.10955
0.107258
0.104381
0.100915
0.0968584
0.0922137
0.0869827
0.0811707
0.0748365
0.0680331
0.0601082
0.0505239
-0.00638988
-0.0156733
-0.0232622
-0.0296932
-0.0356224
-0.041017
-0.0458387
-0.0501016
-0.053822
-0.0570147
-0.0596954
-0.0618813
-0.0635902
-0.0648403
-0.06565
-0.0660376
-0.0660214
-0.0656192
-0.0648485
-0.0637262
-0.0622686
-0.0604913
-0.0584094
-0.0560373
-0.0533887
-0.0504767
-0.047314
-0.0439127
-0.0402847
-0.0364411
-0.0323933
-0.0281523
-0.0237289
-0.0191343
-0.0143796
-0.00947621
-0.0044359
0.00072908
0.00600596
0.0113813
0.0168409
0.0223698
0.0279519
0.0335704
0.0392071
0.0448432
0.0504582
0.0560305
0.0615376
0.0669555
0.072259
0.077422
0.082417
0.0872158
0.091789
0.0961067
0.100138
0.103853
0.10722
0.110208
0.112786
0.114926
0.116597
0.117773
0.118428
0.118538
0.118082
0.11704
0.115399
0.113144
0.110266
0.106761
0.102625
0.0978607
0.0924693
0.0864558
0.0798816
0.0728021
0.0645345
0.0545169
-0.0125097
-0.0221241
-0.0299731
-0.0366119
-0.0427207
-0.0482655
-0.0532072
-0.0575605
-0.0613432
-0.064571
-0.0672613
-0.0694327
-0.0711045
-0.0722965
-0.0730288
-0.0733212
-0.0731936
-0.0726652
-0.0717549
-0.0704809
-0.0688606
-0.0669108
-0.0646475
-0.0620859
-0.0592405
-0.0561249
-0.0527524
-0.0491355
-0.0452861
-0.0412159
-0.0369362
-0.032458
-0.0277923
-0.0229499
-0.017942
-0.0127797
-0.00747468
-0.00203892
0.00351497
0.00917376
0.0149234
0.0207491
0.026635
0.032564
0.0385182
0.0444782
0.0504236
0.0563325
0.0621817
0.0679464
0.0736009
0.0791179
0.0844688
0.0896241
0.0945527
0.0992231
0.103603
0.107659
0.111357
0.114666
0.11755
0.119979
0.12192
0.123342
0.124218
0.124522
0.124227
0.123315
0.121766
0.119565
0.116702
0.113169
0.108963
0.104085
0.0985355
0.0923192
0.0855
0.078136
0.0695123
0.0590419
-0.0192341
-0.0291905
-0.0373068
-0.0441577
-0.0504482
-0.0561432
-0.0612024
-0.0656416
-0.0694799
-0.0727346
-0.0754243
-0.0775694
-0.079191
-0.0803108
-0.0809504
-0.0811317
-0.080876
-0.0802044
-0.0791372
-0.077694
-0.0758936
-0.0737539
-0.071292
-0.0685239
-0.0654649
-0.0621295
-0.0585311
-0.0546828
-0.0505969
-0.0462851
-0.0417588
-0.0370291
-0.0321068
-0.0270028
-0.0217277
-0.0162928
-0.0107092
-0.00498881
0.000856207
0.00681282
0.0128673
0.019005
0.0252102
0.0314661
0.0377546
0.0440565
0.050351
0.0566159
0.0628277
0.068961
0.0749891
0.0808839
0.0866156
0.0921532
0.0974644
0.102515
0.107272
0.111699
0.11576
0.119419
0.122641
0.125389
0.12763
0.12933
0.130457
0.130981
0.130876
0.130117
0.128683
0.126556
0.123725
0.120178
0.115913
0.110928
0.105223
0.0988028
0.0917339
0.0840767
0.0750828
0.0641389
-0.0265946
-0.0369052
-0.0452971
-0.0523649
-0.0588393
-0.0646842
-0.0698581
-0.0743781
-0.0782645
-0.0815363
-0.0842139
-0.0863195
-0.0878762
-0.0889077
-0.0894377
-0.08949
-0.0890879
-0.0882542
-0.087011
-0.0853795
-0.0833799
-0.0810314
-0.0783522
-0.0753594
-0.072069
-0.0684962
-0.0646551
-0.060559
-0.0562206
-0.0516516
-0.0468637
-0.0418678
-0.0366746
-0.0312946
-0.0257386
-0.0200172
-0.0141413
-0.00812241
-0.00197232
0.00429634
0.0106701
0.0171348
0.0236749
0.0302738
0.0369137
0.0435751
0.0502373
0.056878
0.0634731
0.0699968
0.0764218
0.0827188
0.088857
0.0948039
0.100526
0.105987
0.111151
0.115979
0.120435
0.124478
0.128071
0.131173
0.133748
0.135757
0.137167
0.137944
0.138057
0.137478
0.136184
0.134155
0.131374
0.12783
0.123517
0.118433
0.112577
0.105953
0.0986293
0.0906699
0.0812909
0.0698514
-0.0346253
-0.0453038
-0.0539803
-0.0612702
-0.0679309
-0.0739254
-0.0792107
-0.0838053
-0.0877312
-0.0910091
-0.0936614
-0.0957125
-0.0971877
-0.0981129
-0.0985142
-0.0984176
-0.0978485
-0.0968319
-0.0953916
-0.0935507
-0.0913311
-0.0887532
-0.0858366
-0.0825993
-0.0790584
-0.0752297
-0.0711279
-0.0667667
-0.062159
-0.0573169
-0.0522517
-0.0469745
-0.0414957
-0.0358257
-0.0299747
-0.0239531
-0.0177712
-0.0114402
-0.00497125
0.0016234
0.00833084
0.0151372
0.0220274
0.0289852
0.0359931
0.0430317
0.0500803
0.0571165
0.0641158
0.0710522
0.0778975
0.0846216
0.0911927
0.0975769
0.103739
0.10964
0.115243
0.120508
0.125392
0.129855
0.133853
0.137346
0.14029
0.142646
0.144373
0.145436
0.1458
0.145433
0.144307
0.1424
0.139692
0.136168
0.131822
0.126649
0.120647
0.113819
0.106236
0.0979658
0.0881859
0.0762273
-0.0433625
-0.0544242
-0.0633956
-0.0709134
-0.0777632
-0.0839064
-0.0892992
-0.0939614
-0.0979168
-0.101188
-0.1038
-0.10578
-0.107154
-0.107953
-0.108204
-0.107936
-0.107177
-0.105954
-0.104294
-0.10222
-0.0997576
-0.0969279
-0.0937519
-0.090249
-0.086437
-0.0823326
-0.0779511
-0.0733066
-0.0684122
-0.0632802
-0.0579218
-0.0523479
-0.0465687
-0.0405943
-0.0344344
-0.0280988
-0.0215975
-0.0149409
-0.00813967
-0.0012054
0.0058496
0.013012
0.0202672
0.0275996
0.0349918
0.042425
0.0498784
0.0573296
0.0647541
0.0721254
0.0794149
0.0865916
0.0936226
0.100473
0.107105
0.113479
0.119555
0.12529
0.13064
0.135559
0.140002
0.143923
0.147277
0.150017
0.152102
0.153489
0.154139
0.154017
0.153092
0.151335
0.148724
0.145242
0.140879
0.135629
0.129487
0.122456
0.114611
0.106019
0.0958218
0.0833188
-0.0528455
-0.0643078
-0.0735856
-0.0813378
-0.0883793
-0.0946703
-0.100166
-0.104887
-0.108861
-0.112111
-0.114665
-0.116554
-0.117807
-0.118455
-0.118532
-0.118068
-0.117093
-0.115638
-0.113731
-0.1114
-0.108669
-0.105563
-0.102104
-0.098312
-0.0942069
-0.0898057
-0.0851243
-0.0801773
-0.0749781
-0.0695387
-0.0638706
-0.0579843
-0.0518898
-0.0455965
-0.0391138
-0.0324507
-0.0256167
-0.0186214
-0.0114749
-0.00418777
0.00322823
0.0107605
0.0183953
0.0261173
0.0339098
0.0417544
0.0496307
0.0575164
0.0653869
0.0732155
0.0809732
0.0886282
0.0961468
0.103492
0.110626
0.117507
0.124091
0.130333
0.136186
0.141602
0.146531
0.150923
0.154728
0.157897
0.16038
0.162132
0.163109
0.163271
0.16258
0.161006
0.158521
0.155105
0.150743
0.145429
0.139156
0.131924
0.123812
0.11489
0.104258
0.0911833
-0.0631168
-0.0749992
-0.0845964
-0.0925902
-0.0998264
-0.106264
-0.111857
-0.116628
-0.120605
-0.123818
-0.126295
-0.128069
-0.129176
-0.129649
-0.129523
-0.128834
-0.127616
-0.1259
-0.123718
-0.1211
-0.118073
-0.114663
-0.110895
-0.10679
-0.102368
-0.0976473
-0.0926447
-0.087375
-0.0818517
-0.0760872
-0.0700924
-0.0638778
-0.0574527
-0.0508261
-0.0440067
-0.037003
-0.0298233
-0.0224766
-0.0149721
-0.00731952
0.000470362
0.00838582
0.0164138
0.02454
0.0327482
0.0410207
0.0493375
0.0576767
0.0660138
0.074322
0.0825718
0.0907312
0.0987653
0.106636
0.114304
0.121725
0.128854
0.135643
0.142041
0.147996
0.153455
0.158363
0.162666
0.166308
0.169237
0.1714
0.172748
0.173235
0.172819
0.171463
0.169135
0.165812
0.161475
0.156113
0.149718
0.142289
0.133907
0.124646
0.113559
0.099884
-0.0742225
-0.0865475
-0.0964787
-0.104722
-0.112156
-0.118738
-0.124421
-0.12923
-0.133197
-0.136352
-0.138728
-0.140363
-0.141295
-0.141563
-0.141204
-0.140258
-0.138763
-0.136753
-0.134264
-0.131328
-0.127975
-0.124233
-0.120127
-0.115681
-0.110917
-0.105853
-0.100506
-0.0948928
-0.0890256
-0.0829172
-0.0765784
-0.0700191
-0.0632482
-0.056274
-0.0491044
-0.0417469
-0.0342092
-0.0264989
-0.0186244
-0.0105943
-0.00241837
0.00589275
0.0143271
0.0228712
0.0315098
0.0402258
0.0490002
0.0578113
0.066635
0.0754447
0.0842107
0.0929006
0.101479
0.109906
0.118141
0.126139
0.133851
0.141226
0.148212
0.154752
0.160788
0.166261
0.171111
0.175278
0.178702
0.181327
0.183094
0.183954
0.183856
0.18276
0.180627
0.177427
0.17314
0.16775
0.161245
0.153624
0.144969
0.135358
0.123797
0.10949
-0.0862131
-0.0990062
-0.109288
-0.11779
-0.125425
-0.132149
-0.137914
-0.142748
-0.146684
-0.149759
-0.152009
-0.153475
-0.1542
-0.154227
-0.1536
-0.152361
-0.150552
-0.148213
-0.145382
-0.142093
-0.138379
-0.134272
-0.129798
-0.124983
-0.119848
-0.114415
-0.108701
-0.102721
-0.0964888
-0.0900173
-0.0833166
-0.0763962
-0.0692642
-0.0619281
-0.0543949
-0.0466712
-0.0387633
-0.030678
-0.0224222
-0.0140034
-0.00543013
0.00328828
0.012141
0.0211158
0.0301985
0.0393731
0.0486211
0.0579219
0.0672518
0.0765845
0.0858903
0.0951366
0.104287
0.113302
0.122139
0.130749
0.139084
0.147089
0.154708
0.16188
0.168543
0.174634
0.180085
0.184832
0.188808
0.191949
0.194191
0.195475
0.195747
0.194955
0.193058
0.190019
0.18581
0.180414
0.173815
0.166008
0.157079
0.147107
0.135052
0.120078
-0.099144
-0.112435
-0.123086
-0.131857
-0.139696
-0.146558
-0.152395
-0.157237
-0.161122
-0.164089
-0.166181
-0.167444
-0.167925
-0.167673
-0.166737
-0.165164
-0.163001
-0.160292
-0.157078
-0.153397
-0.149287
-0.144779
-0.139903
-0.134686
-0.129153
-0.123323
-0.117215
-0.110845
-0.104227
-0.0973722
-0.0902915
-0.0829933
-0.0754849
-0.067773
-0.0598633
-0.0517612
-0.043472
-0.0350009
-0.0263533
-0.0175356
-0.00855462
0.000581633
0.00986382
0.019281
0.0288205
0.0384673
0.0482043
0.0580115
0.0678662
0.0777427
0.0876115
0.09744
0.107192
0.116826
0.126298
0.13556
0.144559
0.153238
0.161537
0.169392
0.176737
0.183501
0.189612
0.194999
0.199587
0.203305
0.206082
0.20785
0.208546
0.208112
0.206497
0.203659
0.199565
0.194189
0.187513
0.179529
0.170325
0.159982
0.147409
0.131731
-0.113076
-0.126898
-0.137941
-0.146991
-0.155038
-0.162034
-0.167931
-0.172761
-0.176569
-0.179398
-0.181296
-0.182315
-0.182509
-0.181933
-0.180642
-0.178689
-0.176125
-0.173
-0.169358
-0.165243
-0.160695
-0.155747
-0.150433
-0.144781
-0.138816
-0.13256
-0.126032
-0.119247
-0.11222
-0.104963
-0.0974834
-0.0897907
-0.0818909
-0.0737894
-0.0654908
-0.0569991
-0.048318
-0.0394512
-0.0304026
-0.0211768
-0.011779
-0.00221555
0.00750582
0.0173759
0.0273834
0.037515
0.0477548
0.0580842
0.0684814
0.0789215
0.0893757
0.0998116
0.110192
0.120477
0.13062
0.140572
0.150277
0.159677
0.168707
0.177299
0.185382
0.19288
0.199714
0.205806
0.211074
0.215436
0.218815
0.221132
0.222315
0.222298
0.22102
0.218431
0.21449
0.209166
0.202434
0.194284
0.184805
0.174082
0.160966
0.144543
-0.128078
-0.14247
-0.153929
-0.163271
-0.171528
-0.178652
-0.184594
-0.18939
-0.193089
-0.195742
-0.197404
-0.198133
-0.197991
-0.19704
-0.195341
-0.192954
-0.189937
-0.186344
-0.182226
-0.177629
-0.172597
-0.167168
-0.161376
-0.155251
-0.148821
-0.142108
-0.13513
-0.127906
-0.120447
-0.112765
-0.104868
-0.0967646
-0.0884586
-0.0799544
-0.0712551
-0.0623632
-0.0532806
-0.0440094
-0.0345516
-0.0249099
-0.0150875
-0.00508906
0.00507977
0.0154116
0.0258969
0.0365243
0.0472795
0.0581452
0.0691013
0.0801237
0.0911848
0.102252
0.11329
0.124257
0.135106
0.145787
0.156242
0.16641
0.176223
0.185609
0.194491
0.202788
0.210414
0.217282
0.223302
0.228384
0.232438
0.235378
0.23712
0.237586
0.236707
0.234422
0.23068
0.225445
0.218684
0.210382
0.20063
0.189515
0.17583
0.158617
-0.144225
-0.159232
-0.171135
-0.180783
-0.189254
-0.196498
-0.202465
-0.207198
-0.210753
-0.213187
-0.214563
-0.214948
-0.214412
-0.213026
-0.210859
-0.207978
-0.204449
-0.200331
-0.19568
-0.190549
-0.184984
-0.179026
-0.172713
-0.166076
-0.159144
-0.15194
-0.144484
-0.136792
-0.128878
-0.12075
-0.112418
-0.103887
-0.09516
-0.0862406
-0.0771297
-0.0678281
-0.0583357
-0.0486526
-0.0387788
-0.0287147
-0.0184617
-0.008022
0.00260084
0.0134015
0.0243729
0.0355052
0.0467865
0.0582012
0.0697309
0.081353
0.093041
0.104764
0.116486
0.128165
0.139756
0.151205
0.162455
0.173441
0.184092
0.194331
0.204077
0.213242
0.221733
0.229455
0.236308
0.242191
0.247005
0.25065
0.25303
0.254056
0.253647
0.251728
0.248241
0.243137
0.236378
0.227942
0.21792
0.206404
0.192121
0.174068
-0.161603
-0.177277
-0.189657
-0.199626
-0.208312
-0.215665
-0.221635
-0.226272
-0.229638
-0.231801
-0.232832
-0.23281
-0.231814
-0.229924
-0.22722
-0.223777
-0.219668
-0.21496
-0.209716
-0.203992
-0.197838
-0.191301
-0.18442
-0.177229
-0.169756
-0.162027
-0.154061
-0.145875
-0.137479
-0.128885
-0.120099
-0.111124
-0.101963
-0.0926163
-0.083084
-0.0733643
-0.0634551
-0.0533541
-0.0430591
-0.0325681
-0.0218801
-0.0109948
8.67212e-05
0.0113615
0.0228248
0.0344695
0.0462855
0.05826
0.0703761
0.0826135
0.0949471
0.107347
0.119779
0.132202
0.144569
0.156827
0.168916
0.180771
0.192316
0.203472
0.214151
0.224258
0.233694
0.242353
0.250127
0.256903
0.262568
0.26701
0.27012
0.271793
0.271934
0.270456
0.267286
0.262366
0.255646
0.247098
0.236813
0.224885
0.209971
0.191023
-0.180308
-0.196711
-0.209604
-0.21991
-0.228813
-0.236261
-0.242206
-0.246704
-0.24983
-0.251659
-0.252277
-0.251773
-0.250239
-0.247767
-0.244447
-0.240364
-0.2356
-0.230229
-0.224322
-0.21794
-0.211139
-0.203968
-0.196468
-0.188676
-0.180622
-0.172331
-0.163823
-0.155113
-0.146213
-0.13713
-0.127871
-0.118437
-0.108829
-0.0990451
-0.0890828
-0.0789381
-0.0686067
-0.0580836
-0.047364
-0.0364435
-0.0253181
-0.013985
-0.00244243
0.00930944
0.0212685
0.0334304
0.0457878
0.0583303
0.0710437
0.0839098
0.0969057
0.110003
0.12317
0.136364
0.149542
0.162649
0.175624
0.188399
0.200898
0.213035
0.224719
0.235848
0.246314
0.256003
0.264794
0.272563
0.279183
0.284527
0.288469
0.290889
0.291674
0.290721
0.287943
0.283267
0.276632
0.267999
0.257461
0.245111
0.229532
0.209625
-0.200452
-0.217653
-0.231103
-0.241765
-0.250883
-0.258408
-0.264291
-0.268601
-0.271422
-0.272845
-0.272968
-0.271895
-0.269733
-0.266587
-0.26256
-0.257748
-0.252243
-0.246129
-0.239483
-0.232372
-0.224858
-0.216992
-0.20882
-0.200378
-0.1917
-0.182809
-0.173725
-0.164462
-0.155032
-0.145441
-0.135691
-0.125784
-0.115717
-0.105486
-0.0950866
-0.0845119
-0.0737546
-0.0628072
-0.0516619
-0.0403113
-0.0287485
-0.0169677
-0.00496405
0.00726533
0.0197215
0.032403
0.0453057
0.058422
0.0717409
0.0852468
0.0989193
0.112733
0.126656
0.140651
0.154672
0.168666
0.182573
0.196322
0.209835
0.223023
0.235788
0.248023
0.259611
0.270429
0.280344
0.289217
0.296907
0.30327
0.308161
0.311442
0.312979
0.312652
0.310353
0.305993
0.299498
0.290815
0.280036
0.267254
0.250972
0.230034
-0.22216
-0.240242
-0.254298
-0.265335
-0.274666
-0.282242
-0.28802
-0.292079
-0.294519
-0.295447
-0.294978
-0.293234
-0.290339
-0.286414
-0.281575
-0.275933
-0.269592
-0.262643
-0.255173
-0.247256
-0.238957
-0.230332
-0.221429
-0.212287
-0.202938
-0.193408
-0.183714
-0.17387
-0.163885
-0.153764
-0.143508
-0.133114
-0.122578
-0.111893
-0.101052
-0.0900437
-0.0788593
-0.0674875
-0.0559176
-0.0441388
-0.0321412
-0.0199154
-0.00745337
0.0052512
0.0182028
0.0314035
0.0448525
0.0585457
0.0724754
0.0866293
0.10099
0.115536
0.130236
0.145056
0.159953
0.174873
0.189757
0.204533
0.219122
0.233431
0.247358
0.260789
0.273599
0.285654
0.296808
0.306909
0.315798
0.323311
0.329285
0.333557
0.335972
0.336386
0.334669
0.330713
0.324423
0.315734
0.304731
0.29151
0.274482
0.252433
-0.245578
-0.264639
-0.279358
-0.290789
-0.300327
-0.307923
-0.313539
-0.31727
-0.319236
-0.319562
-0.318387
-0.315852
-0.312101
-0.307274
-0.301505
-0.294919
-0.287632
-0.279748
-0.27136
-0.26255
-0.253389
-0.243936
-0.234242
-0.224345
-0.21428
-0.204069
-0.193731
-0.183277
-0.172714
-0.162044
-0.151266
-0.140374
-0.12936
-0.118216
-0.10693
-0.0954877
-0.0838771
-0.0720836
-0.0600929
-0.0478907
-0.0354635
-0.0227984
-0.00988372
0.00329069
0.0167331
0.0304493
0.0444424
0.0587122
0.0732549
0.0880618
0.10312
0.118409
0.133905
0.149574
0.165375
0.181259
0.197164
0.213022
0.22875
0.244253
0.259426
0.274148
0.288286
0.301695
0.314216
0.325681
0.335912
0.344725
0.351932
0.357346
0.360785
0.362077
0.361066
0.357617
0.351614
0.342971
0.33177
0.318101
0.300279
0.277027
-0.270879
-0.291031
-0.306477
-0.318325
-0.328058
-0.33563
-0.341013
-0.344322
-0.345699
-0.345297
-0.343278
-0.33981
-0.33506
-0.32919
-0.322354
-0.314694
-0.30634
-0.297408
-0.288
-0.278205
-0.268099
-0.257744
-0.247193
-0.236486
-0.225655
-0.214724
-0.203707
-0.192616
-0.181452
-0.170216
-0.158903
-0.147503
-0.136007
-0.1244
-0.112668
-0.100794
-0.0887616
-0.0765518
-0.064147
-0.0515292
-0.0386809
-0.0255853
-0.0122269
0.00140868
0.0153337
0.0295583
0.0440898
0.0589324
0.0740865
0.089548
0.105308
0.121351
0.137657
0.154195
0.170928
0.187808
0.204779
0.221771
0.238701
0.255475
0.271981
0.288094
0.303673
0.318563
0.33259
0.345571
0.357306
0.367587
0.376201
0.382931
0.387563
0.389893
0.389733
0.386917
0.381299
0.372771
0.361403
0.347283
0.328614
0.304052
-0.298261
-0.319639
-0.335886
-0.348171
-0.35808
-0.365572
-0.370633
-0.373402
-0.374052
-0.372766
-0.36974
-0.36517
-0.359254
-0.352179
-0.34412
-0.335239
-0.325682
-0.315577
-0.305037
-0.294156
-0.283016
-0.271682
-0.260207
-0.248632
-0.236988
-0.225295
-0.213568
-0.201812
-0.190027
-0.17821
-0.16635
-0.154437
-0.142455
-0.130386
-0.118211
-0.105911
-0.0934629
-0.0808457
-0.0680369
-0.0550146
-0.0417571
-0.0282434
-0.0144536
-0.000369228
0.0140267
0.0287487
0.043809
0.0592165
0.0749765
0.0910899
0.107553
0.124355
0.14148
0.158904
0.176593
0.194503
0.21258
0.230758
0.248955
0.267074
0.285004
0.302613
0.319755
0.336262
0.351948
0.36661
0.380029
0.391969
0.402188
0.410434
0.416458
0.420017
0.420882
0.418851
0.413741
0.405412
0.393922
0.379349
0.359773
0.333776
-0.32796
-0.350723
-0.367856
-0.380599
-0.390653
-0.397991
-0.402613
-0.404696
-0.404448
-0.402092
-0.397863
-0.391994
-0.384717
-0.376247
-0.366788
-0.356521
-0.34561
-0.334195
-0.3224
-0.310326
-0.298058
-0.285664
-0.273196
-0.260695
-0.248189
-0.235697
-0.223227
-0.210782
-0.198359
-0.185948
-0.173536
-0.161106
-0.148638
-0.136111
-0.1235
-0.110782
-0.0979294
-0.084917
-0.071718
-0.058306
-0.0446548
-0.0307391
-0.0165344
-0.00201734
0.0128336
0.028038
0.0436132
0.0595734
0.0759294
0.0926876
0.10985
0.127412
0.145363
0.163684
0.182348
0.201316
0.220539
0.239952
0.259477
0.27902
0.298466
0.317682
0.336514
0.354785
0.372295
0.388824
0.404127
0.417942
0.429993
0.439989
0.447638
0.45265
0.454751
0.453689
0.449236
0.441215
0.42966
0.414638
0.39409
0.366512
-0.360259
-0.384595
-0.402711
-0.415926
-0.426081
-0.433165
-0.437204
-0.438415
-0.437059
-0.433407
-0.42774
-0.420338
-0.411471
-0.401391
-0.390329
-0.378491
-0.366057
-0.353184
-0.340002
-0.32662
-0.313126
-0.299588
-0.286058
-0.272574
-0.25916
-0.245831
-0.232591
-0.219438
-0.206362
-0.19335
-0.180381
-0.167435
-0.154487
-0.141509
-0.128473
-0.115349
-0.102107
-0.0887162
-0.0751448
-0.0613618
-0.0473366
-0.0330391
-0.0184398
-0.00351058
0.0117753
0.0274427
0.0435144
0.0600103
0.0769474
0.0943382
0.112191
0.130508
0.149286
0.168512
0.188166
0.208216
0.228617
0.249312
0.270227
0.291269
0.312326
0.333263
0.353919
0.374111
0.393626
0.412223
0.429635
0.44557
0.459712
0.471728
0.481276
0.488011
0.4916
0.491734
0.488127
0.480549
0.469008
0.453549
0.431952
0.402624
-0.395495
-0.421627
-0.440837
-0.454534
-0.464725
-0.471421
-0.474687
-0.474797
-0.472072
-0.466847
-0.459462
-0.45025
-0.439529
-0.427589
-0.414696
-0.401079
-0.386939
-0.372444
-0.357736
-0.342926
-0.328104
-0.313338
-0.298677
-0.284155
-0.26979
-0.255592
-0.241558
-0.227681
-0.213944
-0.200326
-0.186804
-0.173348
-0.159928
-0.146513
-0.133066
-0.119555
-0.105943
-0.0921937
-0.0782718
-0.064141
-0.0497658
-0.0351108
-0.0201418
-0.00482539
0.0108706
0.0269767
0.0435216
0.0605314
0.0780293
0.0960351
0.114564
0.133626
0.153225
0.173357
0.19401
0.215159
0.236768
0.258787
0.281149
0.303765
0.326527
0.3493
0.371922
0.394202
0.415915
0.436803
0.456575
0.474905
0.491436
0.505787
0.517557
0.526336
0.531721
0.533328
0.530801
0.523844
0.512421
0.496548
0.473819
0.442538
-0.434076
-0.462273
-0.482702
-0.49688
-0.507009
-0.513141
-0.515389
-0.514105
-0.50969
-0.502556
-0.493116
-0.481767
-0.468883
-0.454799
-0.439816
-0.424191
-0.408143
-0.391854
-0.375471
-0.359109
-0.342858
-0.326781
-0.310923
-0.295311
-0.279957
-0.264862
-0.250018
-0.235406
-0.221005
-0.206786
-0.192717
-0.178763
-0.164888
-0.151052
-0.137217
-0.12334
-0.109382
-0.0953004
-0.0810548
-0.066604
-0.0519071
-0.0369239
-0.0216147
-0.0059407
0.0101359
0.0266514
0.0436408
0.0611369
0.0791698
0.0977668
0.116951
0.136741
0.157149
0.178181
0.199834
0.222093
0.244933
0.268312
0.292172
0.316433
0.340992
0.365719
0.390452
0.414996
0.439116
0.462539
0.484948
0.505983
0.525246
0.542297
0.556671
0.567879
0.575433
0.57886
0.57771
0.5716
0.560436
0.544189
0.520235
0.486759
-0.476503
-0.507085
-0.528875
-0.543512
-0.553441
-0.558769
-0.559684
-0.556635
-0.550129
-0.540676
-0.528776
-0.514906
-0.499501
-0.482949
-0.465588
-0.447702
-0.429529
-0.411262
-0.393051
-0.375012
-0.35723
-0.339763
-0.322648
-0.305901
-0.289528
-0.273517
-0.257851
-0.242504
-0.227444
-0.212633
-0.198033
-0.1836
-0.169291
-0.15506
-0.14086
-0.126647
-0.112372
-0.0979891
-0.0834518
-0.0687136
-0.0537285
-0.0384509
-0.0228359
-0.00683898
0.00958338
0.0264738
0.0438736
0.0618226
0.0803584
0.0995162
0.119328
0.139821
0.161019
0.182937
0.205583
0.228955
0.253039
0.277806
0.303209
0.32918
0.355625
0.382422
0.409414
0.436404
0.463153
0.489374
0.514726
0.538819
0.561203
0.58138
0.598808
0.61291
0.623092
0.628767
0.62937
0.624403
0.613689
0.597136
0.571854
0.535892
-0.52339
-0.556748
-0.580054
-0.595098
-0.604627
-0.60883
-0.607996
-0.602712
-0.593616
-0.581342
-0.566499
-0.549655
-0.531317
-0.51193
-0.49187
-0.471449
-0.450921
-0.430485
-0.410291
-0.390451
-0.371043
-0.352114
-0.333688
-0.315773
-0.298357
-0.281421
-0.264935
-0.24886
-0.233154
-0.217771
-0.202662
-0.187776
-0.173062
-0.158466
-0.143937
-0.12942
-0.114864
-0.100216
-0.0854242
-0.0704364
-0.0552016
-0.0396687
-0.0237873
-0.00750738
0.0092207
0.0264458
0.044216
0.0625783
0.0815782
0.10126
0.121663
0.142828
0.164786
0.187566
0.211189
0.235667
0.260999
0.287171
0.314153
0.34189
0.370303
0.399282
0.428678
0.458303
0.487914
0.517215
0.545849
0.573389
0.59934
0.623139
0.644156
0.661709
0.675081
0.683544
0.68638
0.682944
0.672942
0.656187
0.629467
0.590668
-0.575505
-0.612111
-0.637102
-0.652456
-0.661295
-0.663935
-0.660811
-0.652689
-0.64038
-0.624673
-0.606309
-0.585961
-0.564219
-0.541584
-0.518475
-0.495226
-0.472101
-0.449301
-0.426972
-0.405215
-0.384093
-0.36364
-0.343865
-0.324757
-0.306292
-0.288433
-0.271137
-0.254353
-0.238026
-0.2221
-0.206515
-0.191212
-0.176129
-0.161208
-0.146388
-0.131609
-0.116813
-0.101942
-0.0869384
-0.0717444
-0.0563035
-0.0405596
-0.0244567
-0.00793885
0.00904933
0.0265632
0.0446576
0.0633871
0.0828054
0.102965
0.123918
0.145711
0.168392
0.192001
0.216573
0.242136
0.268707
0.29629
0.324872
0.354419
0.384871
0.416135
0.44808
0.480526
0.51324
0.545923
0.578203
0.609626
0.63965
0.667643
0.692882
0.714561
0.731816
0.743744
0.749435
0.748044
0.739114
0.72232
0.694045
0.651982
-0.633814
-0.674247
-0.701102
-0.716589
-0.724322
-0.724802
-0.718674
-0.706942
-0.690642
-0.670756
-0.648181
-0.623713
-0.59803
-0.571693
-0.545154
-0.518768
-0.492801
-0.467446
-0.442838
-0.419059
-0.396153
-0.374131
-0.352983
-0.332676
-0.313168
-0.294405
-0.276325
-0.258864
-0.241953
-0.225524
-0.209506
-0.193829
-0.178425
-0.163224
-0.148161
-0.133168
-0.11818
-0.103135
-0.0879671
-0.0726156
-0.057018
-0.0411126
-0.0248382
-0.00813318
0.0090638
0.0268144
0.0451806
0.0642243
0.0840078
0.104593
0.126041
0.148413
0.171767
0.196159
0.221639
0.248254
0.27604
0.305022
0.335211
0.366596
0.399142
0.432782
0.467406
0.502858
0.538919
0.575296
0.611615
0.647399
0.682066
0.714915
0.74512
0.771741
0.793735
0.809986
0.819335
0.820675
0.81332
0.796736
0.766794
0.72094
-0.699552
-0.744526
-0.773416
-0.788743
-0.794767
-0.792268
-0.782189
-0.765856
-0.744594
-0.719621
-0.69202
-0.662722
-0.632495
-0.601958
-0.571589
-0.54175
-0.512698
-0.484611
-0.457596
-0.43171
-0.406969
-0.383355
-0.360831
-0.33934
-0.318816
-0.299183
-0.280363
-0.262273
-0.244829
-0.22795
-0.211553
-0.195558
-0.179887
-0.164462
-0.14921
-0.134058
-0.118933
-0.103767
-0.0884906
-0.073036
-0.0573362
-0.0413244
-0.024934
-0.00809807
0.00925066
0.0271801
0.045759
0.0650569
0.0851446
0.106093
0.127975
0.150863
0.17483
0.199945
0.226279
0.253896
0.282855
0.313206
0.344987
0.378216
0.412891
0.448975
0.486395
0.525022
0.564667
0.605058
0.645827
0.686492
0.726438
0.7649
0.800949
0.833494
0.861285
0.882947
0.897005
0.902001
0.896924
0.880937
0.849233
0.798936
-0.774319
-0.824717
-0.855786
-0.87047
-0.873907
-0.867299
-0.852013
-0.829806
-0.80237
-0.771212
-0.737628
-0.702689
-0.667254
-0.631985
-0.597373
-0.563769
-0.531408
-0.50043
-0.470909
-0.442861
-0.416262
-0.391062
-0.367187
-0.344551
-0.323061
-0.302617
-0.283117
-0.264462
-0.246552
-0.22929
-0.212581
-0.196334
-0.180461
-0.164877
-0.149499
-0.134249
-0.119049
-0.103823
-0.088498
-0.0730004
-0.0572584
-0.0412006
-0.0247551
-0.00784994
0.00958772
0.0276319
0.0463579
0.0658428
0.0861656
0.107407
0.129651
0.152982
0.177486
0.203252
0.230367
0.258917
0.288987
0.320654
0.353987
0.389041
0.42585
0.464421
0.504722
0.546672
0.590122
0.634838
0.680481
0.726579
0.772503
0.817436
0.860353
0.900001
0.9349
0.963358
0.983503
0.99341
0.991612
0.976816
0.943298
0.88775
-0.860223
-0.917147
-0.950461
-0.963715
-0.963281
-0.950996
-0.928829
-0.899112
-0.864
-0.825339
-0.784658
-0.743172
-0.701811
-0.66126
-0.621998
-0.58434
-0.548473
-0.514488
-0.482399
-0.452172
-0.423734
-0.396987
-0.37182
-0.348109
-0.325729
-0.304554
-0.284459
-0.265323
-0.247029
-0.229465
-0.212523
-0.196102
-0.180102
-0.164432
-0.149001
-0.133723
-0.118515
-0.103297
-0.0879886
-0.0725133
-0.0567946
-0.0407562
-0.0243218
-0.00741456
0.0100436
0.0281322
0.0469331
0.0665305
0.0870114
0.108466
0.130989
0.154677
0.179632
0.205958
0.233764
0.263158
0.294252
0.327155
0.36197
0.398794
0.437707
0.478768
0.522
0.567381
0.614825
0.664157
0.71509
0.767192
0.819845
0.872208
0.923174
0.971335
1.01495
1.05197
1.08002
1.09656
1.09947
1.08679
1.05151
0.989696
-0.9601
-1.02493
-1.06038
-1.07093
-1.06473
-1.04458
-1.0133
-0.97398
-0.929339
-0.881613
-0.832568
-0.783541
-0.735505
-0.689127
-0.644836
-0.602879
-0.563366
-0.526308
-0.491646
-0.459277
-0.429064
-0.400856
-0.374492
-0.34981
-0.326648
-0.30485
-0.284266
-0.264753
-0.246176
-0.228408
-0.211327
-0.19482
-0.17878
-0.163106
-0.1477
-0.132471
-0.11733
-0.102192
-0.0869722
-0.0715901
-0.055965
-0.0400165
-0.0236644
-0.00682736
0.0105773
0.0286344
0.0474315
0.0670595
0.0876131
0.109192
0.1319
0.155847
0.18115
0.20793
0.236316
0.266442
0.298447
0.332473
0.368665
0.407165
0.448107
0.49161
0.537768
0.586636
0.63821
0.692403
0.749013
0.807682
0.867849
0.928687
0.989046
1.04738
1.1017
1.14953
1.18788
1.21342
1.22312
1.214
1.17721
1.10785
-1.07786
-1.15229
-1.18941
-1.1952
-1.18043
-1.14936
-1.10599
-1.0544
-0.997972
-0.939359
-0.880539
-0.822925
-0.767467
-0.714759
-0.665127
-0.618703
-0.57548
-0.535363
-0.498195
-0.463783
-0.43192
-0.402387
-0.374969
-0.349459
-0.325656
-0.303373
-0.282431
-0.262666
-0.243925
-0.226064
-0.20895
-0.192459
-0.176475
-0.160888
-0.145595
-0.130498
-0.115505
-0.100525
-0.0854704
-0.070257
-0.0548005
-0.0390171
-0.022823
-0.00613333
0.0111388
0.0290827
0.0477911
0.0673608
0.0878937
0.109498
0.132287
0.156383
0.181916
0.209025
0.23786
0.268579
0.30135
0.336354
0.373776
0.413809
0.456648
0.502484
0.551494
0.603829
0.659592
0.718815
0.781422
0.847181
0.915641
0.986058
1.0573
1.12774
1.19515
1.25663
1.30846
1.34628
1.36582
1.36255
1.3249
1.24643
-1.21905
-1.30514
-1.34275
-1.3404
-1.31287
-1.2666
-1.20721
-1.13998
-1.06907
-0.997504
-0.9274
-0.860148
-0.796585
-0.737142
-0.681968
-0.631022
-0.584138
-0.541076
-0.501558
-0.465287
-0.431965
-0.401303
-0.373024
-0.346872
-0.322606
-0.300003
-0.278861
-0.258991
-0.240223
-0.222398
-0.205371
-0.189008
-0.173183
-0.157783
-0.142696
-0.127822
-0.113063
-0.098324
-0.0835163
-0.0685515
-0.0533426
-0.0378035
-0.0218475
-0.00538656
0.0116693
0.0294131
0.047942
0.067358
0.087769
0.10929
0.132045
0.156166
0.181796
0.209092
0.238221
0.269368
0.302731
0.338526
0.376983
0.418352
0.462892
0.510875
0.562575
0.618256
0.678157
0.742466
0.811279
0.884551
0.962022
1.04312
1.12684
1.21156
1.29494
1.37362
1.44312
1.49779
1.53165
1.53789
1.50082
1.41135
-1.39183
-1.49188
-1.52736
-1.51134
-1.46478
-1.39732
-1.31674
-1.22973
-1.14119
-1.05442
-0.971515
-0.89367
-0.821465
-0.75505
-0.694307
-0.638947
-0.588596
-0.542834
-0.501235
-0.463379
-0.42887
-0.39734
-0.368448
-0.341884
-0.317369
-0.294646
-0.273485
-0.253679
-0.235038
-0.217391
-0.200582
-0.184469
-0.168919
-0.153811
-0.139032
-0.124475
-0.11004
-0.0956306
-0.0811545
-0.0665214
-0.0516429
-0.0364307
-0.0207961
-0.00464921
0.0121025
0.0295548
0.0478083
0.0669689
0.0871496
0.108472
0.131066
0.155076
0.180655
0.207975
0.237223
0.268605
0.30235
0.338708
0.377957
0.4204
0.466369
0.516223
0.570342
0.629124
0.692967
0.762254
0.837307
0.918345
1.00539
1.09819
1.19598
1.29737
1.40002
1.5003
1.59293
1.67077
1.72561
1.7473
1.71379
1.61125
-1.60876
-1.72474
-1.75262
-1.7138
-1.63882
-1.54191
-1.43347
-1.32169
-1.21203
-1.10777
-1.01068
-0.92152
-0.840405
-0.76705
-0.700954
-0.641508
-0.58807
-0.540007
-0.496723
-0.457664
-0.422326
-0.390259
-0.361057
-0.33436
-0.309846
-0.28723
-0.266258
-0.246702
-0.228359
-0.211047
-0.194599
-0.178866
-0.163711
-0.149009
-0.134642
-0.120502
-0.106486
-0.0924963
-0.0784397
-0.0642247
-0.0497617
-0.0349616
-0.0197347
-0.00399002
0.0123664
0.0294321
0.0473097
0.066108
0.0859439
0.106943
0.129243
0.152993
0.178359
0.205523
0.234691
0.266088
0.299969
0.33662
0.376362
0.419553
0.466597
0.517941
0.574082
0.635563
0.702968
0.776907
0.857988
0.946773
1.0437
1.14895
1.26229
1.38277
1.50837
1.6355
1.75828
1.86801
1.95373
2.00055
1.97658
1.85937
-1.8901
-2.02191
-2.03107
-1.95437
-1.83703
-1.69939
-1.55475
-1.4125
-1.2781
-1.15428
-1.04201
-0.941259
-0.851395
-0.771516
-0.700615
-0.637682
-0.581761
-0.531979
-0.48755
-0.447782
-0.412064
-0.379862
-0.35071
-0.324199
-0.299973
-0.27772
-0.257165
-0.238064
-0.220203
-0.203391
-0.187455
-0.17224
-0.157607
-0.143427
-0.129581
-0.11596
-0.10246
-0.0889839
-0.0754366
-0.0617274
-0.0477667
-0.0334656
-0.0187345
-0.00348212
0.0123855
0.0289666
0.0463646
0.0646898
0.0840608
0.104607
0.126468
0.149801
0.174778
0.201592
0.230459
0.261625
0.295365
0.331997
0.371878
0.415421
0.463095
0.515437
0.57306
0.636661
0.707021
0.785011
0.871573
0.967697
1.07435
1.19239
1.32233
1.46409
1.61646
1.77645
1.93814
2.0916
2.22282
2.31062
2.30813
2.17695
-2.2706
-2.41093
-2.37889
-2.23955
-2.05946
-1.86621
-1.67546
-1.4967
-1.33434
-1.18957
-1.0619
-0.94998
-0.852149
-0.76668
-0.691939
-0.626448
-0.568905
-0.518179
-0.473299
-0.433434
-0.397872
-0.366005
-0.337313
-0.311349
-0.287728
-0.266116
-0.246223
-0.227795
-0.210611
-0.194473
-0.179205
-0.164651
-0.15067
-0.137131
-0.123918
-0.11092
-0.0980342
-0.0851641
-0.0722166
-0.0591016
-0.0457307
-0.0320162
-0.0178695
-0.00320068
0.0120835
0.0280804
0.0448929
0.0626311
0.081414
0.101371
0.122646
0.145395
0.169797
0.196051
0.224381
0.255046
0.288338
0.324597
0.364214
0.407644
0.455415
0.508147
0.56656
0.631499
0.70395
0.785055
0.876128
0.978655
1.09427
1.22467
1.3715
1.53602
1.71858
1.91775
2.12876
2.34151
2.53955
2.69419
2.73692
2.60032
-2.81315
-2.93358
-2.81507
-2.57292
-2.30131
-2.03395
-1.7864
-1.56585
-1.3736
-1.20792
-1.06589
-0.944314
-0.840155
-0.750689
-0.673572
-0.606826
-0.548798
-0.498112
-0.453625
-0.414384
-0.379596
-0.348595
-0.32082
-0.295797
-0.27312
-0.252446
-0.233475
-0.215948
-0.199642
-0.184357
-0.169919
-0.156171
-0.142972
-0.130197
-0.117727
-0.105456
-0.0932825
-0.0811126
-0.0688552
-0.0564226
-0.0437289
-0.0306884
-0.0172151
-0.00322107
0.0113845
0.0266968
0.0428168
0.0598526
0.0779214
0.0971515
0.117685
0.139679
0.163313
0.188786
0.216328
0.246202
0.278712
0.314212
0.353113
0.395903
0.443156
0.495552
0.553908
0.619196
0.692588
0.775491
0.869594
0.976911
1.09982
1.24109
1.40378
1.59109
1.80589
2.04981
2.32129
2.61265
2.90749
3.17069
3.30595
3.19487
-3.63211
-3.65032
-3.35766
-2.95029
-2.54886
-2.18663
-1.87297
-1.60795
-1.38662
-1.20243
-1.04899
-0.920714
-0.812922
-0.721813
-0.644326
-0.578012
-0.520907
-0.471433
-0.428315
-0.390515
-0.357186
-0.327627
-0.301257
-0.277589
-0.256214
-0.236784
-0.219
-0.202607
-0.187383
-0.173132
-0.159684
-0.146885
-0.134601
-0.122707
-0.111091
-0.0996496
-0.0882856
-0.0769079
-0.0654296
-0.0537663
-0.0418355
-0.0295552
-0.0168428
-0.00361387
0.0102189
0.0247471
0.040068
0.056286
0.0735146
0.0918784
0.111516
0.13258
0.155247
0.179713
0.206207
0.234989
0.266366
0.300693
0.338394
0.379968
0.426014
0.477254
0.534565
0.599015
0.671921
0.754909
0.85
0.959713
1.08719
1.23632
1.41189
1.61958
1.86588
2.15741
2.49909
2.89069
3.32213
3.7584
4.0768
4.07837
-4.93394
-4.64065
-4.01645
-3.35563
-2.77798
-2.30083
-1.91621
-1.60909
-1.36376
-1.1667
-1.0071
-0.876643
-0.768964
-0.679254
-0.603846
-0.539928
-0.485327
-0.438341
-0.397627
-0.362115
-0.33094
-0.3034
-0.278916
-0.257008
-0.237277
-0.219382
-0.203038
-0.187995
-0.174042
-0.160991
-0.14868
-0.136963
-0.125712
-0.114807
-0.104144
-0.0936244
-0.0831559
-0.0726526
-0.0620323
-0.0512154
-0.0401241
-0.0286808
-0.0168076
-0.00442464
0.00855057
0.0222047
0.0366297
0.0519248
0.0681976
0.0855665
0.104163
0.124135
0.145648
0.168893
0.194089
0.221489
0.25139
0.28414
0.320155
0.35993
0.404064
0.453288
0.508499
0.570809
0.641613
0.722675
0.81625
0.925249
1.05346
1.20584
1.38893
1.61128
1.88396
2.22079
2.63781
3.15048
3.76663
4.46678
5.12953
5.46078
-7.17814
-6.00422
-4.75337
-3.73053
-2.93578
-2.33561
-1.88773
-1.55093
-1.29373
-1.09406
-0.936459
-0.81011
-0.707354
-0.622709
-0.552185
-0.492827
-0.442411
-0.399233
-0.361973
-0.329587
-0.301247
-0.27628
-0.25414
-0.234373
-0.216604
-0.200516
-0.18584
-0.172346
-0.159835
-0.148135
-0.137092
-0.126574
-0.11646
-0.10664
-0.0970174
-0.0874995
-0.0780019
-0.0684447
-0.0587515
-0.0488486
-0.0386635
-0.0281245
-0.0171592
-0.00569344
0.00634927
0.0190494
0.0324924
0.0467702
0.0619828
0.0782404
0.095665
0.114394
0.134582
0.156407
0.180073
0.205817
0.233918
0.264702
0.298562
0.335969
0.377493
0.423836
0.475865
0.534671
0.601635
0.678537
0.767699
0.872197
0.99618
1.14533
1.32756
1.55404
1.84066
2.2101
2.69466
3.33686
4.18015
5.25641
6.56567
7.80735
-11.5602
-7.80269
-5.29308
-3.82001
-2.84178
-2.1723
-1.71136
-1.38443
-1.14419
-0.962318
-0.821132
-0.70916
-0.61874
-0.544612
-0.483055
-0.431372
-0.387559
-0.350098
-0.317819
-0.289803
-0.265318
-0.243776
-0.224695
-0.207678
-0.192395
-0.178566
-0.165954
-0.154358
-0.1436
-0.133527
-0.124006
-0.114915
-0.106149
-0.0976097
-0.089209
-0.0808655
-0.0725029
-0.0640496
-0.0554368
-0.0465983
-0.0374688
-0.0279838
-0.0180781
-0.007685
0.00326431
0.0148421
0.027125
0.0401955
0.0541431
0.0690662
0.0850738
0.102288
0.120847
0.140909
0.162655
0.186294
0.212074
0.240284
0.271271
0.305452
0.343332
0.385532
0.432823
0.486176
0.546827
0.61638
0.696946
0.791363
0.903534
1.03895
1.2056
1.41536
1.68652
2.04824
2.54904
3.26601
4.30364
5.85008
8.44989
12.3182
-18.9699
-9.55628
-5.06816
-3.2474
-2.28439
-1.70024
-1.32934
-1.07809
-0.896661
-0.759577
-0.65265
-0.567233
-0.497735
-0.440362
-0.392435
-0.351996
-0.317581
-0.288065
-0.262574
-0.240413
-0.221024
-0.203952
-0.188824
-0.175327
-0.163199
-0.152217
-0.142191
-0.132956
-0.124368
-0.116302
-0.108647
-0.101302
-0.0941779
-0.0871937
-0.0802747
-0.0733516
-0.0663596
-0.0592376
-0.0519267
-0.0443703
-0.0365124
-0.0282976
-0.0196698
-0.0105722
-0.000945726
0.00927125
0.020144
0.0317424
0.0441422
0.0574261
0.0716855
0.0870223
0.103551
0.121402
0.140724
0.161688
0.184494
0.209376
0.236612
0.266533
0.299537
0.336112
0.376858
0.422522
0.47405
0.532656
0.599927
0.677977
0.769697
0.879156
1.01231
1.1783
1.39196
1.67955
2.09193
2.72596
3.75691
5.67365
10.2794
19.8164
)
;

boundaryField
{
    movingWall
    {
        type            zeroGradient;
    }
    fixedWalls
    {
        type            zeroGradient;
    }
    frontAndBack
    {
        type            empty;
    }
}


// ************************************************************************* //
