/*--------------------------------*- C++ -*----------------------------------*\
  =========                 |
  \\      /  F ield         | OpenFOAM: The Open Source CFD Toolbox
   \\    /   O peration     | Website:  https://openfoam.org
    \\  /    A nd           | Version:  7
     \\/     M anipulation  |
\*---------------------------------------------------------------------------*/
FoamFile
{
    version     2.0;
    format      ascii;
    class       volScalarField;
    location    "0.075";
    object      p;
}
// * * * * * * * * * * * * * * * * * * * * * * * * * * * * * * * * * * * * * //

dimensions      [0 2 -2 0 0 0 0];

internalField   nonuniform List<scalar> 
6400
(
7.0836e-06
3.59052e-05
-0.000435744
-0.00141636
-0.00279407
-0.00446043
-0.00631767
-0.00827915
-0.0102703
-0.0122276
-0.0140977
-0.0158361
-0.0174059
-0.0187766
-0.0199229
-0.0208248
-0.0214669
-0.0218376
-0.021929
-0.0217359
-0.0212558
-0.0204891
-0.0194382
-0.0181079
-0.0165042
-0.0146351
-0.0125097
-0.0101392
-0.00753598
-0.00471349
-0.00168644
0.00152956
0.00491815
0.00846218
0.0121436
0.0159434
0.0198424
0.0238208
0.0278584
0.0319344
0.0360274
0.040116
0.0441788
0.0481944
0.0521415
0.0559983
0.0597437
0.063357
0.0668184
0.0701085
0.0732088
0.0761011
0.0787683
0.0811945
0.0833652
0.085268
0.0868921
0.0882286
0.0892705
0.090013
0.0904537
0.0905932
0.0904352
0.089987
0.0892593
0.0882666
0.0870275
0.0855649
0.0839068
0.0820867
0.0801446
0.0781279
0.0760919
0.0741016
0.0722321
0.0705691
0.0692068
0.0682462
0.0677919
0.0678277
1.26682e-05
3.52619e-05
-0.000389465
-0.00122835
-0.0023866
-0.00378669
-0.00535484
-0.00702098
-0.00872227
-0.0104033
-0.0120158
-0.0135186
-0.0148771
-0.0160621
-0.0170492
-0.0178185
-0.0183546
-0.0186455
-0.0186827
-0.0184603
-0.0179754
-0.0172273
-0.0162174
-0.0149495
-0.0134287
-0.0116617
-0.0096568
-0.00742407
-0.0049747
-0.00232094
0.000523708
0.00354473
0.00672685
0.0100541
0.0135097
0.0170761
0.0207351
0.0244682
0.0282565
0.0320803
0.0359197
0.0397546
0.0435652
0.0473314
0.0510329
0.0546497
0.0581619
0.0615503
0.0647967
0.0678832
0.0707926
0.0735081
0.076014
0.0782957
0.0803403
0.0821367
0.0836753
0.0849486
0.0859505
0.0866771
0.0871271
0.0873018
0.0872057
0.0868465
0.0862351
0.0853862
0.084318
0.0830527
0.0816168
0.0800423
0.0783662
0.0766319
0.0748894
0.0731951
0.0716124
0.0702107
0.069061
0.0682359
0.0678266
0.0678635
0.000519305
0.000485729
5.52765e-05
-0.000721709
-0.00176274
-0.00300668
-0.0043942
-0.00586709
-0.00737179
-0.00886026
-0.0102894
-0.0116218
-0.0128252
-0.013872
-0.0147395
-0.0154085
-0.0158639
-0.0160938
-0.0160894
-0.0158446
-0.0153562
-0.0146231
-0.013646
-0.0124278
-0.0109727
-0.00928689
-0.00737803
-0.00525525
-0.00292875
-0.000409829
0.00228893
0.00515389
0.00817068
0.0113243
0.014599
0.0179783
0.0214451
0.0249818
0.0285703
0.0321922
0.0358288
0.0394611
0.0430702
0.0466371
0.0501427
0.0535681
0.0568945
0.0601041
0.0631797
0.0661047
0.0688628
0.0714383
0.0738165
0.0759841
0.0779293
0.0796419
0.0811134
0.0823369
0.0833072
0.084021
0.0844776
0.0846789
0.0846295
0.0843375
0.0838138
0.0830726
0.0821314
0.0810114
0.0797377
0.0783399
0.0768522
0.0753142
0.0737703
0.0722701
0.0708677
0.0696207
0.0685868
0.0678243
0.0674159
0.0674116
0.00152802
0.0013482
0.000846558
6.35087e-05
-0.000938015
-0.00210704
-0.00339368
-0.0047488
-0.00612637
-0.00748468
-0.00878592
-0.00999638
-0.0110865
-0.0120311
-0.0128086
-0.0134015
-0.0137953
-0.0139784
-0.0139421
-0.0136806
-0.0131905
-0.0124703
-0.0115206
-0.0103435
-0.00894284
-0.00732425
-0.0054948
-0.00346294
-0.00123811
0.00116916
0.003747
0.00648246
0.00936201
0.0123716
0.0154963
0.0187205
0.0220278
0.0254014
0.0288243
0.032279
0.0357476
0.0392123
0.0426549
0.0460572
0.049401
0.0526685
0.0558421
0.0589048
0.0618403
0.0646328
0.0672669
0.0697278
0.0720017
0.0740763
0.0759404
0.0775848
0.0790016
0.0801843
0.0811283
0.0818309
0.0822916
0.0825124
0.0824984
0.0822572
0.0817995
0.0811389
0.0802919
0.0792785
0.0781219
0.0768493
0.0754923
0.0740862
0.0726707
0.0712892
0.0699884
0.068817
0.0678242
0.0670599
0.0665894
0.0664551
0.00293012
0.00253016
0.00190327
0.00106731
5.71363e-05
-0.00108457
-0.00231591
-0.00359604
-0.004886
-0.0061497
-0.0073544
-0.00847024
-0.00947078
-0.0103331
-0.0110377
-0.0115682
-0.0119109
-0.0120553
-0.0119931
-0.0117186
-0.0112285
-0.0105212
-0.00959676
-0.00845726
-0.00710631
-0.00554898
-0.00379176
-0.00184242
0.000290229
0.00259616
0.0050641
0.00768184
0.0104367
0.0133155
0.016304
0.0193874
0.0225498
0.0257753
0.0290479
0.032351
0.0356677
0.0389806
0.0422724
0.0455257
0.0487234
0.0518485
0.0548844
0.0578148
0.0606243
0.0632977
0.0658203
0.0681784
0.0703589
0.0723501
0.0741417
0.075725
0.0770925
0.0782383
0.0791581
0.0798495
0.0803122
0.0805484
0.0805629
0.0803631
0.0799593
0.079364
0.0785928
0.077664
0.0765991
0.0754229
0.0741636
0.0728531
0.071526
0.0702201
0.0689752
0.0678324
0.0668336
0.0660211
0.0654341
0.0650937
0.00462865
0.00396179
0.00316932
0.00224228
0.00118381
2.95247e-05
-0.00118531
-0.00242747
-0.00366453
-0.00486561
-0.00600232
-0.00704886
-0.00798202
-0.0087813
-0.00942906
-0.00991031
-0.0102127
-0.0103265
-0.0102443
-0.00996077
-0.0094725
-0.00877786
-0.007877
-0.00677192
-0.00546604
-0.003964
-0.00227174
-0.000396507
0.0016533
0.00386812
0.00623727
0.0087493
0.0113923
0.0141537
0.01702
0.0199768
0.0230091
0.0261019
0.0292399
0.0324073
0.0355879
0.0387649
0.0419219
0.0450422
0.0481096
0.0511079
0.0540212
0.0568341
0.0595316
0.0620993
0.0645232
0.0667902
0.0688879
0.0708054
0.0725329
0.074062
0.0753856
0.0764983
0.0773958
0.0780761
0.0785388
0.0787861
0.0788225
0.0786551
0.0782932
0.0777487
0.0770357
0.076171
0.0751741
0.0740674
0.0728761
0.0716282
0.0703542
0.0690863
0.0678582
0.066704
0.0656598
0.0647609
0.064016
0.0634209
0.00653771
0.00557749
0.00459151
0.00354366
0.00240461
0.00120394
-2.81142e-05
-0.00126491
-0.0024798
-0.003647
-0.00474224
-0.00574326
-0.00662991
-0.00738426
-0.00799058
-0.00843553
-0.0087081
-0.00879957
-0.00870327
-0.00841429
-0.00792952
-0.00724757
-0.00636872
-0.00529493
-0.0040294
-0.00257644
-0.00094166
0.000867992
0.00284446
0.00497867
0.00726055
0.00967932
0.0122236
0.0148815
0.0176398
0.0204849
0.0234026
0.0263785
0.0293981
0.0324461
0.0355069
0.0385646
0.0416032
0.044607
0.0475603
0.0504479
0.0532543
0.0559646
0.0585646
0.0610403
0.0633785
0.0655664
0.0675925
0.0694462
0.071118
0.0726
0.0738853
0.0749686
0.075846
0.0765153
0.0769761
0.0772304
0.0772823
0.0771384
0.0768071
0.0762993
0.0756277
0.0748075
0.0738564
0.0727943
0.0716434
0.0704284
0.0691756
0.0679124
0.066667
0.0654677
0.0643453
0.0633295
0.062398
0.0615201
0.00858219
0.00731575
0.00611823
0.00492777
0.00368336
0.00240963
0.00113308
-0.000125307
-0.00134412
-0.00250195
-0.00357843
-0.00455471
-0.00541339
-0.00613889
-0.00671756
-0.00713785
-0.0073902
-0.00746686
-0.00736181
-0.00707076
-0.00659113
-0.00592191
-0.0050636
-0.00401809
-0.00278841
-0.00137869
0.000205593
0.00195766
0.00386981
0.00593346
0.0081391
0.0104764
0.0129346
0.0155018
0.0181659
0.0209135
0.0237313
0.0266054
0.0295218
0.032466
0.0354227
0.0383767
0.0413127
0.0442157
0.0470705
0.0498625
0.0525768
0.0551991
0.0577153
0.0601121
0.0623768
0.0644973
0.0664622
0.0682614
0.0698857
0.0713274
0.0725797
0.0736374
0.0744967
0.0751552
0.0756126
0.0758703
0.0759321
0.0758037
0.0754927
0.0750089
0.0743638
0.073571
0.072646
0.0716067
0.0704725
0.0692648
0.0680061
0.0667199
0.0654294
0.0641576
0.0629316
0.0617764
0.0606392
0.0594648
0.0106986
0.00912226
0.00770228
0.0063536
0.0049854
0.0036182
0.00227526
0.000973233
-0.000271057
-0.00144018
-0.00251735
-0.00348667
-0.00433338
-0.00504418
-0.00560756
-0.00601366
-0.00625424
-0.0063226
-0.00621355
-0.00592353
-0.00545057
-0.00479409
-0.00395476
-0.00293448
-0.00173628
-0.000364335
0.00117596
0.00287805
0.00473457
0.00673735
0.00887723
0.0111443
0.013528
0.0160172
0.0186001
0.0212639
0.0239957
0.0267824
0.0296103
0.0324654
0.035333
0.0381984
0.0410469
0.0438639
0.0466352
0.0493461
0.0519825
0.0545302
0.0569758
0.0593064
0.0615095
0.0635734
0.0654873
0.067241
0.0688257
0.0702336
0.0714581
0.072494
0.0733374
0.0739858
0.0744385
0.0746966
0.0747633
0.0746434
0.0743438
0.073873
0.0732413
0.0724607
0.071545
0.0705097
0.0693718
0.0681497
0.0668627
0.0655304
0.0641723
0.0628066
0.0614575
0.0601465
0.0587924
0.0573167
0.0128337
0.0109494
0.0093017
0.00778411
0.00627824
0.00480178
0.00337541
0.00201186
0.000724203
-0.000473607
-0.00156782
-0.00254529
-0.00339382
-0.00410238
-0.00466132
-0.00506237
-0.00529854
-0.00536426
-0.00525537
-0.00496911
-0.00450409
-0.00386008
-0.00303797
-0.00203986
-0.000868971
0.00047046
0.00197312
0.00363266
0.005442
0.00739319
0.00947738
0.011685
0.0140057
0.0164289
0.0189431
0.0215362
0.0241957
0.0269088
0.0296623
0.0324426
0.0352354
0.0380267
0.0408022
0.0435479
0.0462497
0.0488937
0.0514657
0.0539522
0.0563399
0.0586163
0.0607693
0.0627875
0.06466
0.0663771
0.0679299
0.0693105
0.0705125
0.0715306
0.0723605
0.0729997
0.073447
0.0737031
0.0737705
0.0736533
0.0733573
0.07289
0.0722603
0.0714789
0.0705578
0.0695104
0.0683514
0.0670967
0.0657625
0.0643655
0.0629215
0.0614452
0.0599586
0.0584805
0.0569032
0.0551271
0.0149427
0.0127555
0.0108786
0.00918533
0.00753198
0.00593411
0.00441091
0.00297153
0.00162593
0.000385092
-0.000739849
-0.00173833
-0.00260052
-0.00331749
-0.00388128
-0.00428504
-0.00452311
-0.00459116
-0.00448603
-0.00420573
-0.0037494
-0.00311721
-0.00231044
-0.00133149
-0.000183778
0.00112837
0.00259968
0.00422398
0.00599431
0.00790291
0.00994113
0.0120996
0.0143685
0.0167374
0.0191952
0.0217303
0.0243305
0.0269833
0.0296761
0.0323953
0.0351275
0.0378588
0.0405754
0.0432637
0.04591
0.0485005
0.0510215
0.0534596
0.0558019
0.058036
0.0601502
0.062133
0.0639738
0.065663
0.0671914
0.0685514
0.0697363
0.0707405
0.0715597
0.072191
0.0726329
0.0728853
0.0729502
0.0728307
0.0725319
0.0720599
0.0714227
0.0706294
0.0696903
0.0686171
0.0674224
0.0661196
0.0647228
0.0632459
0.0617016
0.0601017
0.0584668
0.056814
0.0550108
0.0529381
0.0169883
0.0145046
0.0123991
0.0105263
0.00871862
0.00699045
0.0053599
0.0038334
0.00241816
0.00112268
-4.43653e-05
-0.00107471
-0.00196059
-0.00269487
-0.00327119
-0.00368417
-0.00392957
-0.00400415
-0.00390568
-0.00363287
-0.00318546
-0.00256415
-0.00177067
-0.000807748
0.000320984
0.00161111
0.00305734
0.00465355
0.00639288
0.00826767
0.0102694
0.012389
0.0146168
0.0169427
0.019356
0.0218454
0.024399
0.0270046
0.0296498
0.0323215
0.0350066
0.0376916
0.0403631
0.0430077
0.0456119
0.0481622
0.0506451
0.0530474
0.0553564
0.0575599
0.0596461
0.061604
0.0634227
0.0650925
0.0666043
0.0679503
0.0691235
0.0701182
0.07093
0.0715552
0.0719921
0.07224
0.0722999
0.0721744
0.0718673
0.0713841
0.0707313
0.0699167
0.0689492
0.0678386
0.0665959
0.0652326
0.0637604
0.0621912
0.0605352
0.0588017
0.0570106
0.0551781
0.0531485
0.0507846
0.018939
0.0161654
0.0138332
0.0117789
0.00981226
0.00794734
0.00620148
0.00457902
0.00308485
0.00172531
0.000506813
-0.000564321
-0.00148208
-0.00224095
-0.00283616
-0.00326384
-0.00352098
-0.00360539
-0.00351565
-0.00325123
-0.00281254
-0.00220085
-0.00141836
-0.00046812
0.000645995
0.00191943
0.00334684
0.00492207
0.00663829
0.00848786
0.0104624
0.012553
0.0147503
0.0170444
0.0194249
0.0218806
0.0243999
0.026971
0.0295815
0.0322189
0.0348702
0.0375223
0.040162
0.0427762
0.0453515
0.0478745
0.050332
0.0527109
0.0549986
0.0571829
0.0592522
0.0611952
0.0630013
0.0646604
0.0661634
0.0675022
0.0686695
0.0696596
0.0704673
0.0710889
0.0715219
0.0717649
0.0718185
0.0716841
0.0713648
0.070865
0.07019
0.0693464
0.0683417
0.0671844
0.0658836
0.0644493
0.0628916
0.0612201
0.0594433
0.0575686
0.0556155
0.0536002
0.051345
0.0486956
0.0207675
0.0177107
0.0151541
0.0129175
0.010789
0.00878264
0.00691563
0.00519042
0.00360996
0.00217873
0.000901321
-0.000217671
-0.00117383
-0.00196321
-0.00258256
-0.00302932
-0.0033016
-0.00339817
-0.00331847
-0.00306277
-0.00263212
-0.00202841
-0.00125427
-0.000313103
0.000790952
0.00205315
0.00346803
0.00502937
0.00673028
0.00856315
0.0105197
0.0125912
0.0147685
0.0170417
0.0194007
0.0218344
0.0243316
0.0268805
0.029469
0.032085
0.0347155
0.0373479
0.039969
0.0425658
0.0451251
0.0476337
0.0500783
0.052446
0.0547241
0.0569007
0.0589638
0.0609023
0.0627052
0.0643624
0.0658645
0.067203
0.0683707
0.0693611
0.0701689
0.0707898
0.0712206
0.0714595
0.071506
0.071361
0.0710265
0.0705059
0.0698035
0.0689247
0.0678758
0.066664
0.0652972
0.0637835
0.0621317
0.0603502
0.0584454
0.0564235
0.0543043
0.0521039
0.0496245
0.0466953
0.0224502
0.0191161
0.0163378
0.0139188
0.0116267
0.00947565
0.00748313
0.00564998
0.00397753
0.00246867
0.00112653
-4.58581e-05
-0.0010456
-0.00187019
-0.00251773
-0.00298684
-0.00327665
-0.00338687
-0.00331784
-0.00307057
-0.00264682
-0.00204898
-0.00128019
-0.000344192
0.000754584
0.00201115
0.00341987
0.00497441
0.00666782
0.00849249
0.0104402
0.0125024
0.0146698
0.0169329
0.0192816
0.021705
0.0241919
0.0267308
0.02931
0.0319171
0.0345399
0.0371654
0.0397808
0.0423731
0.0449291
0.0474358
0.04988
0.0522485
0.054529
0.056709
0.0587769
0.0607211
0.0625304
0.0641946
0.065704
0.0670498
0.0682243
0.0692207
0.0700331
0.0706568
0.071088
0.071324
0.0713638
0.0712073
0.0708557
0.0703114
0.0695777
0.0686589
0.0675603
0.0662879
0.0648483
0.0632485
0.061496
0.0595978
0.0575595
0.0553858
0.0530972
0.0507107
0.0480085
0.0448044
0.0239658
0.0203598
0.0173625
0.0147614
0.0123047
0.0100067
0.00788549
0.00594054
0.00417182
0.00258088
0.00116955
-6.05246e-05
-0.00110782
-0.00197117
-0.00264985
-0.00314352
-0.00345234
-0.00357694
-0.00351852
-0.00327883
-0.00286025
-0.00226575
-0.0014989
-0.000563841
0.000534668
0.00179135
0.00320039
0.00475531
0.00644908
0.00827407
0.0102221
0.0122846
0.0144525
0.0167161
0.0190654
0.0214899
0.0239784
0.0265195
0.0291015
0.0317125
0.03434
0.0369714
0.0395939
0.0421944
0.0447599
0.0472773
0.0497332
0.0521148
0.0544093
0.0566043
0.0586878
0.0606481
0.0624737
0.0641542
0.0656793
0.0670401
0.0682284
0.0692368
0.0700591
0.0706898
0.0711245
0.0713599
0.0713941
0.0712262
0.0708567
0.0702868
0.0695191
0.0685568
0.0674043
0.0660664
0.0645489
0.0628576
0.060999
0.0589791
0.0568025
0.0544734
0.0520131
0.0494394
0.0465158
0.0430408
0.0252953
0.021422
0.0182078
0.0154255
0.0128036
0.0103572
0.00810497
0.00604543
0.00417729
0.00250099
0.00101714
-0.000273786
-0.00137153
-0.0022761
-0.00298781
-0.00350736
-0.00383585
-0.00397483
-0.00392631
-0.00369274
-0.0032771
-0.00268289
-0.00191419
-0.000975533
0.000127964
0.00139072
0.0028067
0.0043693
0.00607139
0.00790527
0.00986276
0.0119352
0.0141136
0.0163883
0.0187494
0.0211863
0.023688
0.0262433
0.0288405
0.0314677
0.0341125
0.0367625
0.0394047
0.0420261
0.0446137
0.0471542
0.0496343
0.052041
0.0543614
0.0565828
0.0586931
0.06068
0.0625322
0.0642384
0.0657882
0.0671723
0.0683818
0.069409
0.0702469
0.0708895
0.0713316
0.0715694
0.0716
0.0714219
0.0710345
0.0704383
0.069635
0.0686269
0.0674175
0.0660106
0.0644111
0.0626241
0.060655
0.0585093
0.0561909
0.0537034
0.0510694
0.0483077
0.0451634
0.0414202
0.0264214
0.0222843
0.0188553
0.0158922
0.013105
0.0105093
0.00812445
0.00594832
0.00397852
0.0022145
0.000655811
-0.000698162
-0.00184826
-0.00279554
-0.00354129
-0.00408719
-0.00443529
-0.00458797
-0.004548
-0.00431849
-0.00390301
-0.00330561
-0.00253088
-0.00158377
-0.000469774
0.000805232
0.00223498
0.00381272
0.00553122
0.00738265
0.00935876
0.0114509
0.0136499
0.0159462
0.0183299
0.0207905
0.0233172
0.0258986
0.0285232
0.0311789
0.0338536
0.0365346
0.0392092
0.0418642
0.0444864
0.0470626
0.0495793
0.0520234
0.0543816
0.0566412
0.0587895
0.0608141
0.0627031
0.064445
0.066029
0.067445
0.0686837
0.0697369
0.0705969
0.071257
0.0717113
0.0719553
0.0719853
0.071799
0.0713949
0.0707728
0.0699333
0.0688782
0.0676099
0.0661316
0.0644472
0.0625612
0.0604783
0.0582036
0.0557404
0.0530921
0.0502825
0.0473318
0.0439669
0.0399571
0.0273278
0.0229295
0.0192872
0.0161438
0.0131912
0.0104456
0.00792718
0.00563305
0.00356007
0.00170678
7.17839e-05
-0.00134656
-0.00255005
-0.00354067
-0.00432067
-0.00489268
-0.00525962
-0.00542465
-0.00539123
-0.00516314
-0.00474453
-0.00414003
-0.00335471
-0.00239397
-0.00126366
3.00336e-05
0.00148061
0.00308117
0.00482429
0.00670202
0.00870596
0.0108274
0.0130572
0.0153857
0.017803
0.0202987
0.0228619
0.0254813
0.0281454
0.030842
0.0335589
0.0362837
0.0390033
0.0417045
0.0443741
0.0469986
0.0495645
0.0520582
0.0544665
0.0567761
0.058974
0.0610475
0.0629842
0.0647722
0.0664001
0.0678573
0.069134
0.0702211
0.0711103
0.0717943
0.0722664
0.0725213
0.0725546
0.072363
0.0719444
0.0712976
0.0704226
0.0693202
0.0679921
0.0664408
0.0646696
0.0626822
0.0604831
0.0580767
0.0554663
0.0526549
0.0496679
0.0465269
0.0429408
0.0386645
0.0279991
0.0233414
0.0194867
0.0161634
0.0130452
0.0101492
0.00749658
0.00508362
0.00290653
0.000963092
-0.000748986
-0.00223226
-0.0034894
-0.00452326
-0.00533703
-0.00593421
-0.00631853
-0.00649389
-0.00646443
-0.00623457
-0.00580906
-0.00519309
-0.00439224
-0.00341233
-0.00225956
-0.000940436
0.000538295
0.00216953
0.00394565
0.00585851
0.00789959
0.0100601
0.0123308
0.0147021
0.017164
0.0197062
0.0223176
0.024987
0.0277026
0.0304524
0.0332242
0.0360052
0.0387826
0.0415429
0.0442726
0.0469582
0.0495859
0.052142
0.0546127
0.0569845
0.0592439
0.0613779
0.0633736
0.0652185
0.0669008
0.0684091
0.0697329
0.0708625
0.0717889
0.0725039
0.0730002
0.0732716
0.0733129
0.0731201
0.07269
0.0720209
0.0711117
0.0699627
0.0685749
0.0669501
0.0650909
0.0630007
0.0606834
0.0581434
0.0553835
0.052407
0.0492405
0.0459075
0.0420988
0.0375548
0.0284204
0.023504
0.0194373
0.0159342
0.0126502
0.00960355
0.00681622
0.00428403
0.00200241
-3.15155e-05
-0.00182085
-0.00336896
-0.00467932
-0.00575566
-0.00660205
-0.0072228
-0.0076224
-0.00780545
-0.00777677
-0.00754144
-0.00710478
-0.00647254
-0.00565079
-0.00464577
-0.00346404
-0.00211244
-0.000597978
0.001072
0.00288966
0.00484665
0.00693432
0.00914382
0.0114658
0.0138906
0.0164082
0.0190082
0.0216795
0.0244108
0.0271901
0.0300056
0.0328447
0.0356948
0.0385428
0.041375
0.0441779
0.0469376
0.04964
0.0522712
0.0548171
0.0572636
0.0595969
0.0618035
0.0638699
0.0657831
0.0675306
0.0691004
0.0704813
0.0716627
0.0726349
0.073389
0.0739168
0.0742111
0.0742662
0.0740769
0.0736394
0.0729511
0.0720103
0.0708164
0.0693698
0.0676717
0.0657242
0.0635302
0.0610935
0.0584181
0.0555069
0.052363
0.049015
0.0454876
0.0414541
0.0366398
0.028577
0.0234016
0.0191227
0.0154396
0.0119895
0.00879193
0.00586968
0.00321812
0.000831978
-0.0012923
-0.00315852
-0.00477075
-0.00613329
-0.00725073
-0.00812795
-0.00877002
-0.00918216
-0.00936967
-0.00933803
-0.00909298
-0.00864042
-0.00798663
-0.00713817
-0.00610169
-0.00488413
-0.00349268
-0.00193465
-0.000217633
0.00165032
0.00366064
0.00580454
0.00807306
0.0104568
0.012946
0.0155304
0.0181997
0.0209426
0.0237478
0.0266032
0.0294967
0.0324159
0.0353479
0.0382795
0.0411968
0.044086
0.0469329
0.0497234
0.0524428
0.0550769
0.057611
0.060031
0.0623226
0.064472
0.0664654
0.0682897
0.0699321
0.0713806
0.0726239
0.0736514
0.0744533
0.0750206
0.0753454
0.0754207
0.0752408
0.0748009
0.0740976
0.0731284
0.0718921
0.0703884
0.0686181
0.0665826
0.0642846
0.0617276
0.0589155
0.0558511
0.0525376
0.0490055
0.0452811
0.0410195
0.0359311
0.0284539
0.0230183
0.0185265
0.0146629
0.0110465
0.00769763
0.00464038
0.00186955
-0.000620785
-0.00283485
-0.00477704
-0.00645214
-0.00786526
-0.00902182
-0.00992744
-0.010588
-0.0110093
-0.0111974
-0.0111586
-0.010899
-0.0104253
-0.00974416
-0.00886272
-0.00778802
-0.0065274
-0.00508841
-0.00347868
-0.00170604
0.000221192
0.00229426
0.00450424
0.00684206
0.00929817
0.0118626
0.0145252
0.0172753
0.0201017
0.0229928
0.0259366
0.0289208
0.031933
0.03496
0.0379883
0.0410041
0.0439929
0.0469406
0.0498325
0.0526537
0.0553893
0.0580245
0.0605443
0.0629341
0.0651792
0.0672654
0.0691786
0.0709053
0.0724328
0.0737488
0.0748418
0.0757012
0.076317
0.0766804
0.0767835
0.0766195
0.0761831
0.0754698
0.0744765
0.0732012
0.0716431
0.0698022
0.0676797
0.0652779
0.0626
0.0596501
0.0564307
0.0529454
0.0492263
0.0453018
0.0408081
0.0354408
0.0280359
0.0223385
0.0176325
0.0135874
0.00980418
0.0063038
0.00311154
0.000221715
-0.00237224
-0.00467511
-0.00669189
-0.00842812
-0.00988971
-0.0110828
-0.0120139
-0.0126894
-0.0131159
-0.0133004
-0.0132494
-0.01297
-0.0124694
-0.0117546
-0.0108335
-0.00971338
-0.00840208
-0.00690752
-0.00523764
-0.00340054
-0.00140476
0.00074075
0.00302688
0.00544442
0.00798368
0.0106345
0.0133866
0.0162292
0.0191511
0.0221404
0.0251852
0.0282729
0.0313909
0.0345261
0.0376646
0.0407923
0.0438945
0.0469566
0.0499637
0.0529006
0.0557517
0.0585017
0.0611351
0.0636365
0.0659908
0.0681828
0.0701978
0.0720215
0.07364
0.0750403
0.07621
0.0771374
0.0778115
0.0782226
0.0783619
0.0782217
0.0777956
0.0770783
0.076066
0.0747559
0.0731466
0.0712376
0.0690297
0.0665247
0.0637258
0.060637
0.057261
0.0536014
0.0496923
0.0455639
0.0408336
0.0351812
0.0273075
0.0213458
0.0164238
0.0121962
0.00824528
0.00459311
0.0012659
-0.00174249
-0.00443918
-0.00682949
-0.00891908
-0.0107143
-0.0122217
-0.0134483
-0.0144011
-0.0150875
-0.0155149
-0.0156906
-0.0156222
-0.0153172
-0.0147832
-0.0140281
-0.01306
-0.0118869
-0.0105169
-0.00895844
-0.00721964
-0.0053089
-0.00323499
-0.0010071
0.00136549
0.00387339
0.00650672
0.00925519
0.0121083
0.0150552
0.0180847
0.0211847
0.024343
0.0275471
0.0307842
0.034041
0.0373033
0.0405566
0.0437861
0.0469768
0.0501133
0.05318
0.0561609
0.05904
0.0618013
0.0644286
0.0669061
0.0692179
0.0713483
0.0732821
0.0750046
0.0765018
0.0777601
0.0787669
0.0795103
0.0799793
0.0801643
0.0800564
0.0796484
0.0789341
0.0779088
0.0765691
0.0749126
0.0729386
0.0706473
0.0680404
0.0651207
0.0618923
0.0583579
0.0545216
0.0504191
0.0460827
0.0411102
0.0351656
0.0262526
0.0200233
0.0148831
0.0104715
0.00635202
0.00254766
-0.000914384
-0.00404071
-0.00683896
-0.009315
-0.0114752
-0.0133267
-0.0148768
-0.0161332
-0.0171037
-0.0177965
-0.0182195
-0.018381
-0.0182891
-0.0179519
-0.0173778
-0.0165751
-0.0155524
-0.0143183
-0.0128812
-0.01125
-0.00943316
-0.00743927
-0.00527737
-0.0029569
-0.000487327
0.00212175
0.00486027
0.00771776
0.0106836
0.0137469
0.0168961
0.0201193
0.0234041
0.0267377
0.0301072
0.0334991
0.036899
0.040292
0.043663
0.0469966
0.0502771
0.0534884
0.0566138
0.0596369
0.0625409
0.065309
0.0679244
0.0703705
0.0726307
0.0746889
0.0765293
0.0781367
0.0794967
0.0805955
0.0814199
0.0819582
0.0821993
0.0821336
0.0817526
0.0810492
0.0800179
0.0786543
0.0769557
0.0749205
0.0725486
0.0698413
0.0668014
0.0634329
0.0597386
0.0557228
0.0514234
0.0468744
0.0416535
0.0354083
0.0248543
0.0183534
0.0129925
0.00839521
0.00410605
0.000148994
-0.00344771
-0.00669114
-0.00958949
-0.0121493
-0.0143776
-0.0162823
-0.0178714
-0.0191534
-0.0201369
-0.0208307
-0.0212438
-0.021385
-0.021263
-0.0208867
-0.0202649
-0.0194068
-0.0183214
-0.0170177
-0.0155048
-0.0137917
-0.0118873
-0.00980038
-0.00754032
-0.00511679
-0.0025395
0.000181758
0.00303675
0.00601484
0.00910526
0.012297
0.0155785
0.0189377
0.0223619
0.0258383
0.0293538
0.0328945
0.036446
0.039993
0.04352
0.0470113
0.0504507
0.0538216
0.0571069
0.0602894
0.0633515
0.0662759
0.0690448
0.0716406
0.074046
0.0762436
0.0782167
0.0799489
0.0814246
0.0826289
0.0835475
0.0841673
0.0844763
0.0844635
0.0841195
0.0834361
0.0824068
0.0810263
0.0792913
0.0771994
0.0747503
0.0719449
0.0687857
0.0652768
0.0614211
0.0572231
0.0527228
0.047956
0.0424798
0.0359246
0.023095
0.0163181
0.0107333
0.00594847
0.00148841
-0.00262191
-0.00635303
-0.00971255
-0.0127093
-0.0153506
-0.0176442
-0.0195984
-0.0212224
-0.0225252
-0.0235164
-0.0242056
-0.0246024
-0.0247165
-0.0245572
-0.0241342
-0.0234569
-0.022535
-0.0213783
-0.0199961
-0.018398
-0.0165934
-0.0145914
-0.0124013
-0.0100326
-0.00749529
-0.00479932
-0.00195464
0.00102833
0.00413879
0.00736586
0.0106984
0.0141248
0.0176328
0.0212096
0.0248422
0.0285174
0.0322211
0.0359385
0.039654
0.0433518
0.0470159
0.0506296
0.0541757
0.0576367
0.0609945
0.0642309
0.0673277
0.0702663
0.0730282
0.0755949
0.0779481
0.0800697
0.0819422
0.0835489
0.0848734
0.0859004
0.0866154
0.0870051
0.0870574
0.0867616
0.0861082
0.0850899
0.0837005
0.0819356
0.0797926
0.0772704
0.0743695
0.0710925
0.0674432
0.0634247
0.0590416
0.0543361
0.0493461
0.0436067
0.0367308
0.0209563
0.0138984
0.00808621
0.00311159
-0.00152079
-0.00578489
-0.0096501
-0.0131245
-0.0162179
-0.018938
-0.0212934
-0.0232932
-0.0249472
-0.0262656
-0.0272586
-0.0279367
-0.0283104
-0.02839
-0.0281857
-0.0277078
-0.0269664
-0.0259719
-0.0247345
-0.0232643
-0.0215712
-0.0196649
-0.0175551
-0.0152512
-0.0127631
-0.010101
-0.00727505
-0.00429547
-0.00117279
0.00208206
0.00545804
0.00894395
0.0125281
0.0161979
0.0199407
0.0237432
0.0275919
0.0314728
0.0353705
0.0392694
0.0431532
0.0470055
0.0508093
0.0545467
0.0581996
0.0617493
0.0651768
0.068463
0.0715884
0.0745335
0.0772786
0.0798044
0.0820914
0.084121
0.085875
0.0873358
0.0884866
0.0893117
0.0897963
0.089927
0.0896916
0.0890797
0.0880825
0.0866931
0.0849062
0.0827183
0.0801278
0.0771349
0.0737417
0.0699523
0.0657696
0.0611986
0.0562834
0.051064
0.045053
0.0378447
0.018419
0.0110743
0.00503082
-0.000136101
-0.00494229
-0.00936068
-0.0133595
-0.0169476
-0.0201354
-0.0229313
-0.0253446
-0.0273854
-0.0290642
-0.0303922
-0.0313805
-0.0320405
-0.0323834
-0.0324204
-0.0321626
-0.0316209
-0.0308062
-0.0297295
-0.0284018
-0.0268335
-0.0250349
-0.0230165
-0.020788
-0.0183593
-0.0157406
-0.0129423
-0.0099749
-0.00684865
-0.00357426
-0.000162807
0.00337456
0.00702655
0.0107813
0.0146263
0.0185485
0.0225347
0.0265712
0.0306436
0.0347365
0.0388338
0.0429191
0.0469755
0.0509855
0.0549308
0.0587925
0.0625512
0.0661872
0.0696805
0.0730105
0.0761567
0.0790985
0.0818149
0.0842855
0.08649
0.088409
0.0900233
0.0913147
0.092266
0.092861
0.0930846
0.0929234
0.0923655
0.091401
0.0900217
0.0882214
0.0859959
0.0833428
0.0802619
0.076755
0.072826
0.0684779
0.0637158
0.0585861
0.0531308
0.0468389
0.0392858
0.0154626
0.00782489
0.00154586
-0.00381612
-0.00879772
-0.0133709
-0.0175029
-0.0212032
-0.0244829
-0.0273511
-0.029818
-0.0318946
-0.0335924
-0.0349234
-0.0358997
-0.0365338
-0.0368376
-0.0368233
-0.0365027
-0.0358877
-0.0349898
-0.0338208
-0.0323921
-0.030715
-0.0288001
-0.0266583
-0.0242999
-0.021735
-0.0189741
-0.016028
-0.0129072
-0.00962221
-0.00618385
-0.00260334
0.00110809
0.00493905
0.00887762
0.0129112
0.0170265
0.0212104
0.0254489
0.0297275
0.0340305
0.0383417
0.0426443
0.046921
0.0511538
0.0553239
0.0594118
0.0633973
0.0672599
0.0709787
0.0745321
0.0778984
0.0810558
0.0839822
0.0866555
0.0890541
0.0911569
0.0929434
0.0943936
0.0954888
0.096211
0.0965436
0.0964717
0.0959819
0.0950627
0.093705
0.0919013
0.0896464
0.0869372
0.083773
0.0801552
0.0760876
0.0715731
0.0666168
0.0612676
0.0555694
0.0489867
0.0410752
0.0120657
0.00412812
-0.0023912
-0.00795118
-0.0131099
-0.0178384
-0.0221031
-0.0259138
-0.0292825
-0.0322192
-0.0347349
-0.0368415
-0.0385517
-0.0398784
-0.0408348
-0.0414343
-0.0416899
-0.0416147
-0.0412214
-0.0405226
-0.0395309
-0.0382586
-0.0367179
-0.0349205
-0.0328777
-0.030601
-0.0281008
-0.0253879
-0.0224728
-0.0193667
-0.0160803
-0.0126242
-0.00900933
-0.00524707
-0.00134871
0.0026743
0.00680997
0.0110456
0.0153679
0.0197636
0.0242186
0.0287182
0.0332467
0.0377874
0.0423233
0.0468369
0.0513095
0.0557219
0.0600539
0.0642846
0.0683926
0.0723561
0.0761524
0.0797588
0.0831521
0.0863087
0.0892051
0.0918183
0.0941253
0.096104
0.0977327
0.0989908
0.0998587
0.100318
0.100352
0.0999458
0.0990863
0.0977628
0.0959668
0.0936919
0.0909343
0.0876923
0.0839672
0.0797624
0.0750806
0.0699272
0.0643532
0.0584049
0.0515211
0.0432367
0.00820504
-3.97099e-05
-0.00680436
-0.0125654
-0.0179032
-0.0227877
-0.0271842
-0.0311034
-0.0345579
-0.0375586
-0.0401175
-0.0422478
-0.043963
-0.0452773
-0.0462049
-0.0467603
-0.0469577
-0.046811
-0.0463341
-0.0455405
-0.0444434
-0.043056
-0.0413913
-0.0394615
-0.0372787
-0.0348547
-0.0322005
-0.0293271
-0.0262454
-0.0229668
-0.0195021
-0.0158622
-0.0120581
-0.0081012
-0.00400287
0.000225412
0.00457161
0.00902297
0.0135663
0.018188
0.0228741
0.0276098
0.0323791
0.0371652
0.0419508
0.046718
0.0514479
0.0561205
0.060715
0.0652098
0.0695828
0.0738109
0.0778707
0.081738
0.0853883
0.0887968
0.0919381
0.0947876
0.0973206
0.099513
0.101341
0.102783
0.103817
0.104422
0.104581
0.104275
0.103491
0.102216
0.100441
0.0981565
0.095359
0.0920459
0.0882177
0.0838777
0.0790282
0.0736747
0.0678708
0.0616649
0.0544689
0.0457962
0.00385636
-0.00470365
-0.0117191
-0.0176846
-0.0232034
-0.0282445
-0.0327719
-0.036797
-0.0403335
-0.0433932
-0.0459894
-0.048136
-0.0498481
-0.0511408
-0.0520299
-0.0525307
-0.0526588
-0.0524293
-0.0518569
-0.0509562
-0.0497412
-0.0482261
-0.0464245
-0.0443495
-0.0420138
-0.0394296
-0.0366084
-0.0335615
-0.0303003
-0.0268362
-0.0231803
-0.0193436
-0.0153372
-0.0111725
-0.00686102
-0.00241413
0.00215613
0.006837
0.0116152
0.0164773
0.0214093
0.0263961
0.0314218
0.0364694
0.0415213
0.0465594
0.0515641
0.0565152
0.0613911
0.0661696
0.0708277
0.0753413
0.0796858
0.083836
0.0877658
0.0914488
0.0948582
0.0979672
0.100749
0.103179
0.10523
0.106878
0.1081
0.108873
0.109175
0.10899
0.108299
0.107088
0.105347
0.103066
0.100238
0.0968618
0.0929358
0.0884632
0.083446
0.0778899
0.0718508
0.0653795
0.0578596
0.0487819
-0.001006
-0.00989001
-0.0171622
-0.0233359
-0.0290379
-0.034236
-0.038893
-0.0430212
-0.0466354
-0.0497486
-0.052375
-0.0545299
-0.0562297
-0.0574908
-0.0583303
-0.058765
-0.0588117
-0.0584866
-0.0578058
-0.0567846
-0.0554383
-0.0537819
-0.0518298
-0.0495959
-0.0470935
-0.0443353
-0.0413336
-0.0380997
-0.0346454
-0.0309824
-0.027122
-0.0230752
-0.0188532
-0.0144675
-0.00992943
-0.00525044
-0.0004425
0.0044817
0.00950899
0.0146259
0.0198184
0.0250717
0.0303694
0.0356946
0.0410296
0.0463558
0.0516535
0.0569017
0.0620784
0.0671608
0.0721247
0.0769454
0.081597
0.0860529
0.0902857
0.0942673
0.0979691
0.101362
0.104419
0.10711
0.109409
0.111288
0.112722
0.113685
0.114154
0.114109
0.113531
0.112403
0.110712
0.108447
0.105602
0.10217
0.0981528
0.093551
0.0883668
0.0826057
0.0763262
0.0695813
0.061725
0.0522248
-0.00640896
-0.0156265
-0.023162
-0.029548
-0.0354352
-0.0407906
-0.0455757
-0.0498038
-0.0534909
-0.0566512
-0.0593
-0.0614542
-0.0631313
-0.0643496
-0.0651275
-0.0654833
-0.0654352
-0.0650007
-0.0641972
-0.0630411
-0.0615489
-0.0597363
-0.057619
-0.0552115
-0.0525279
-0.0495814
-0.0463847
-0.0429496
-0.0392882
-0.0354124
-0.0313337
-0.0270632
-0.0226121
-0.0179918
-0.0132137
-0.00828899
-0.00322966
0.00195177
0.00724223
0.0126284
0.0180963
0.0236312
0.0292167
0.0348359
0.0404708
0.0461027
0.0517115
0.057276
0.0627734
0.0681801
0.0734715
0.0786216
0.0836034
0.088389
0.0929495
0.097255
0.101275
0.104979
0.108336
0.111317
0.11389
0.116026
0.117698
0.118876
0.119537
0.119656
0.119212
0.118186
0.116563
0.114331
0.11148
0.108004
0.103902
0.0991758
0.0938258
0.0878577
0.0813324
0.0743054
0.0660997
0.056158
-0.0123813
-0.0219429
-0.0297488
-0.0363513
-0.042426
-0.0479388
-0.0528502
-0.0571746
-0.0609291
-0.0641292
-0.0667916
-0.0689347
-0.0705778
-0.0717407
-0.0724435
-0.0727062
-0.0725485
-0.0719894
-0.0710475
-0.0697407
-0.0680865
-0.066102
-0.0638037
-0.0612069
-0.0583265
-0.0551763
-0.0517695
-0.0481183
-0.0442352
-0.0401322
-0.0358211
-0.0313128
-0.0266188
-0.0217502
-0.0167183
-0.0115342
-0.00620973
-0.000757167
0.00481061
0.0104804
0.0162386
0.0220703
0.0279593
0.0338887
0.0398406
0.0457959
0.0517344
0.0576344
0.0634727
0.0692251
0.0748661
0.0803686
0.0857046
0.0908449
0.0957588
0.100415
0.104781
0.108823
0.11251
0.115808
0.118684
0.121106
0.123044
0.124466
0.125344
0.125653
0.125366
0.124465
0.12293
0.120748
0.117906
0.114398
0.110221
0.105375
0.0998613
0.0936844
0.086908
0.0795902
0.0710211
0.0606181
-0.018954
-0.028871
-0.0369552
-0.0437787
-0.0500432
-0.0557135
-0.0607492
-0.0651655
-0.068981
-0.0722125
-0.0748785
-0.076999
-0.0785951
-0.0796885
-0.0803012
-0.080455
-0.0801711
-0.0794705
-0.078373
-0.0768982
-0.0750648
-0.0728911
-0.0703945
-0.0675916
-0.0644977
-0.0611275
-0.0574946
-0.0536118
-0.0494916
-0.0451465
-0.0405882
-0.035828
-0.0308768
-0.025746
-0.0204465
-0.0149894
-0.00938593
-0.00364835
0.00221082
0.00817867
0.0142417
0.0203853
0.0265936
0.0328495
0.0391352
0.0454317
0.0517185
0.0579735
0.0641733
0.0702929
0.0763061
0.0821849
0.0879
0.0934208
0.0987153
0.10375
0.10849
0.112901
0.116947
0.120593
0.123804
0.126543
0.128777
0.130473
0.131599
0.132124
0.132022
0.13127
0.129846
0.127732
0.124917
0.121391
0.117149
0.11219
0.106515
0.100128
0.0930953
0.0854775
0.0765306
0.0656452
-0.0261602
-0.0364453
-0.044816
-0.0518655
-0.0583222
-0.0641501
-0.0693072
-0.0738104
-0.0776794
-0.0809329
-0.083591
-0.0856757
-0.0872103
-0.0882184
-0.0887241
-0.0887512
-0.088323
-0.0874619
-0.08619
-0.0845281
-0.0824965
-0.0801147
-0.0774015
-0.0743741
-0.071049
-0.0674414
-0.0635655
-0.0594345
-0.0550613
-0.0504586
-0.0456382
-0.0406112
-0.0353886
-0.0299815
-0.0244006
-0.0186565
-0.0127603
-0.00672395
-0.000559457
0.0057206
0.0121031
0.0185736
0.0251165
0.031715
0.0383514
0.0450068
0.0516605
0.0582903
0.0648722
0.071381
0.0777896
0.084069
0.0901888
0.0961171
0.10182
0.107263
0.112408
0.117218
0.121657
0.125684
0.129261
0.132351
0.134916
0.136918
0.138323
0.139096
0.139209
0.138632
0.137344
0.135322
0.132553
0.129023
0.124728
0.119665
0.113832
0.107234
0.0999405
0.0920135
0.0826737
0.0712835
-0.034035
-0.044702
-0.0533686
-0.0606494
-0.067301
-0.0732861
-0.0785616
-0.0831455
-0.0870596
-0.090324
-0.0929611
-0.0949953
-0.0964518
-0.0973567
-0.0977365
-0.0976171
-0.0970239
-0.0959818
-0.0945143
-0.0926444
-0.0903938
-0.0877835
-0.0848334
-0.0815621
-0.0779866
-0.0741231
-0.0699862
-0.0655898
-0.060947
-0.0560706
-0.0509725
-0.0456637
-0.0401551
-0.0344575
-0.0285811
-0.0225363
-0.0163339
-0.00998501
-0.00350146
0.00310473
0.00982084
0.0166329
0.0235257
0.0304827
0.0374865
0.0445182
0.0515574
0.0585816
0.0655666
0.0724867
0.0793142
0.0860191
0.0925701
0.0989336
0.105075
0.110955
0.116538
0.121781
0.126646
0.131089
0.13507
0.138547
0.141478
0.143822
0.145541
0.146597
0.146956
0.146586
0.145461
0.143557
0.140855
0.137341
0.133006
0.127848
0.121862
0.115054
0.107494
0.0992489
0.0895003
0.0775815
-0.0426156
-0.0536801
-0.0626529
-0.070171
-0.0770203
-0.083162
-0.0885519
-0.0932096
-0.0971587
-0.100422
-0.103023
-0.104989
-0.106349
-0.107131
-0.107363
-0.107075
-0.106294
-0.105048
-0.103362
-0.101261
-0.0987681
-0.0959069
-0.0926982
-0.0891616
-0.0853152
-0.081176
-0.0767593
-0.0720793
-0.0671495
-0.0619827
-0.0565909
-0.050985
-0.0451756
-0.039173
-0.0329872
-0.0266281
-0.0201058
-0.0134311
-0.00661498
0.000330961
0.00739462
0.0145626
0.02182
0.029151
0.0365386
0.0439641
0.0514071
0.0588453
0.0662543
0.0736081
0.0808782
0.0880341
0.0950432
0.101871
0.10848
0.114831
0.120884
0.126596
0.131923
0.13682
0.141243
0.145145
0.148482
0.151208
0.153279
0.154655
0.155297
0.155168
0.154238
0.152479
0.149869
0.146391
0.142034
0.136791
0.13066
0.123642
0.115812
0.107239
0.0970647
0.0845918
-0.0519424
-0.0634219
-0.0727125
-0.0804746
-0.0875242
-0.0938216
-0.0993212
-0.104044
-0.108017
-0.111264
-0.113813
-0.115692
-0.116934
-0.117569
-0.11763
-0.117148
-0.116154
-0.114677
-0.112747
-0.110389
-0.10763
-0.104493
-0.101002
-0.097177
-0.0930378
-0.0886019
-0.0838852
-0.0789025
-0.0736674
-0.0681929
-0.0624909
-0.0565721
-0.0504469
-0.044125
-0.0376158
-0.0309287
-0.0240733
-0.0170595
-0.00989781
-0.0025989
0.00482576
0.0123635
0.02
0.0277202
0.0355074
0.0433436
0.0512087
0.0590803
0.0669341
0.0747438
0.0824807
0.0901133
0.0976081
0.104929
0.112038
0.118893
0.125452
0.131669
0.137497
0.142888
0.147794
0.152164
0.155948
0.159099
0.161565
0.163303
0.164267
0.164417
0.163717
0.162136
0.159646
0.156228
0.151866
0.146554
0.140284
0.133059
0.124955
0.116044
0.105426
0.0923719
-0.0620592
-0.0739733
-0.0835949
-0.091608
-0.0988609
-0.105312
-0.110916
-0.115695
-0.119678
-0.122892
-0.125368
-0.127138
-0.128237
-0.1287
-0.128562
-0.127858
-0.126622
-0.124887
-0.122683
-0.12004
-0.116986
-0.113548
-0.109748
-0.10561
-0.101155
-0.0963995
-0.0913616
-0.0860559
-0.0804965
-0.0746964
-0.0686672
-0.0624196
-0.0559632
-0.0493074
-0.0424611
-0.0354326
-0.028231
-0.0208655
-0.0133455
-0.00568096
0.00211762
0.0100383
0.0180679
0.0261917
0.0343941
0.0426575
0.0509622
0.0592862
0.0676053
0.0758933
0.0841209
0.0922563
0.100265
0.10811
0.115751
0.123145
0.130246
0.137006
0.143376
0.149304
0.154736
0.15962
0.163899
0.16752
0.170428
0.172572
0.173903
0.174374
0.173944
0.172577
0.170239
0.166908
0.162564
0.157198
0.1508
0.143371
0.13499
0.125731
0.114651
0.100985
-0.0730136
-0.0853848
-0.0953518
-0.103624
-0.111083
-0.117687
-0.123388
-0.128211
-0.132189
-0.135351
-0.137731
-0.139366
-0.140294
-0.140554
-0.140186
-0.139228
-0.137718
-0.135692
-0.133183
-0.130224
-0.126845
-0.123075
-0.118939
-0.114461
-0.109664
-0.104565
-0.0991831
-0.0935333
-0.0876297
-0.0814853
-0.0751116
-0.0685187
-0.0617159
-0.0547118
-0.0475145
-0.0401317
-0.0325714
-0.0248418
-0.0169515
-0.00890929
-0.000724583
0.00759172
0.0160273
0.0245686
0.0332008
0.0419071
0.0506685
0.0594634
0.068268
0.0770561
0.0857985
0.0944627
0.103013
0.111413
0.119619
0.127587
0.135269
0.142614
0.149569
0.156079
0.162086
0.167531
0.172354
0.176496
0.179897
0.182499
0.184245
0.185085
0.184969
0.183855
0.181707
0.178494
0.174194
0.168792
0.162279
0.15465
0.145989
0.136372
0.124809
0.110501
-0.0848577
-0.0977112
-0.10804
-0.11658
-0.124249
-0.131002
-0.136792
-0.141646
-0.145599
-0.148686
-0.150944
-0.152414
-0.153139
-0.153163
-0.15253
-0.151282
-0.149461
-0.147107
-0.144258
-0.140948
-0.137211
-0.133076
-0.128573
-0.123726
-0.118559
-0.113091
-0.107342
-0.101325
-0.0950566
-0.0885487
-0.0818125
-0.0748578
-0.0676932
-0.0603265
-0.0527649
-0.0450151
-0.037084
-0.0289789
-0.020707
-0.0122758
-0.00369364
0.00502989
0.0138837
0.0228553
0.031931
0.0410951
0.0503294
0.059613
0.0689226
0.0782323
0.087513
0.096732
0.105854
0.114839
0.123644
0.132224
0.140526
0.148499
0.156084
0.163224
0.169855
0.175914
0.181337
0.186055
0.190004
0.193118
0.195335
0.196595
0.196844
0.19603
0.194112
0.191054
0.186827
0.181413
0.174798
0.166976
0.158033
0.148049
0.135982
0.120997
-0.0976482
-0.111013
-0.121723
-0.13054
-0.138421
-0.14532
-0.151189
-0.156057
-0.159964
-0.162949
-0.165054
-0.166324
-0.16681
-0.166558
-0.165619
-0.164041
-0.161868
-0.159147
-0.155917
-0.152217
-0.148084
-0.14355
-0.138646
-0.133399
-0.127833
-0.121968
-0.115825
-0.109418
-0.102763
-0.0958719
-0.0887551
-0.0814219
-0.0738802
-0.0661368
-0.0581978
-0.0500689
-0.0417558
-0.0332643
-0.0246003
-0.0157699
-0.00677993
0.00236144
0.0116445
0.0210582
0.0305901
0.0402258
0.0499481
0.0597372
0.0695705
0.0794227
0.0892648
0.0990644
0.108785
0.118388
0.127827
0.137055
0.14602
0.154664
0.162928
0.170748
0.178058
0.184789
0.190868
0.196223
0.200781
0.20447
0.207217
0.208957
0.209625
0.209165
0.207525
0.204662
0.200542
0.195143
0.188445
0.180439
0.171213
0.16085
0.148256
0.132557
-0.111447
-0.125357
-0.136468
-0.145573
-0.15367
-0.16071
-0.166645
-0.171508
-0.175344
-0.178195
-0.18011
-0.181142
-0.181344
-0.180773
-0.179482
-0.177526
-0.174956
-0.17182
-0.168165
-0.164033
-0.159464
-0.154492
-0.14915
-0.143468
-0.137471
-0.131181
-0.124617
-0.117796
-0.110732
-0.103436
-0.0959203
-0.0881918
-0.0802578
-0.0721239
-0.0637951
-0.0552757
-0.04657
-0.0376823
-0.0286168
-0.0193779
-0.00997092
-0.00040234
0.00931977
0.019186
0.0291856
0.0393054
0.0495298
0.05984
0.0702146
0.0806291
0.0910552
0.101461
0.111809
0.12206
0.132169
0.142085
0.151753
0.161116
0.170108
0.178663
0.186709
0.194171
0.200971
0.207029
0.212263
0.216593
0.219938
0.222223
0.223375
0.223326
0.222018
0.219399
0.215427
0.210074
0.203313
0.195134
0.185626
0.174875
0.16173
0.145275
-0.126324
-0.140816
-0.152354
-0.161759
-0.170074
-0.177249
-0.183235
-0.18807
-0.191802
-0.194483
-0.196166
-0.196912
-0.196783
-0.19584
-0.194145
-0.191758
-0.188738
-0.185138
-0.181008
-0.176396
-0.171344
-0.165892
-0.160073
-0.153919
-0.147457
-0.14071
-0.133697
-0.126435
-0.118939
-0.111219
-0.103285
-0.0951442
-0.0868029
-0.0782653
-0.0695348
-0.0606143
-0.0515063
-0.0422135
-0.0327382
-0.0230829
-0.0132511
-0.00324735
0.00692217
0.01725
0.027727
0.038342
0.0490809
0.0599266
0.0708589
0.0818545
0.092886
0.103922
0.114925
0.125857
0.136669
0.147312
0.157729
0.167858
0.177632
0.186978
0.195821
0.20408
0.211668
0.2185
0.224483
0.229529
0.233548
0.236452
0.238158
0.238589
0.237674
0.235353
0.231576
0.226305
0.219509
0.21117
0.201382
0.190232
0.176509
0.159253
-0.142355
-0.157475
-0.169466
-0.179186
-0.187721
-0.195023
-0.20104
-0.205818
-0.209411
-0.211877
-0.21328
-0.213686
-0.213167
-0.211793
-0.209634
-0.206757
-0.203227
-0.199104
-0.194444
-0.189299
-0.183716
-0.177736
-0.171397
-0.164732
-0.157769
-0.150531
-0.143039
-0.13531
-0.127357
-0.119191
-0.11082
-0.102251
-0.0934879
-0.0845339
-0.0753908
-0.0660594
-0.0565407
-0.0468351
-0.0369431
-0.0268651
-0.0166022
-0.00615696
0.00446661
0.0152632
0.0262258
0.0373453
0.0486096
0.0600033
0.0715081
0.0831021
0.0947593
0.106449
0.118135
0.129777
0.141329
0.152739
0.163949
0.174893
0.185503
0.195701
0.205406
0.21453
0.222982
0.230664
0.237478
0.243323
0.248097
0.251703
0.254044
0.25503
0.254581
0.252622
0.249094
0.243949
0.237148
0.228669
0.218604
0.207045
0.192715
0.174609
-0.159628
-0.175427
-0.187904
-0.197952
-0.206709
-0.214126
-0.220153
-0.224839
-0.228249
-0.230449
-0.231511
-0.231515
-0.23054
-0.228666
-0.225973
-0.222537
-0.218431
-0.213721
-0.208469
-0.202733
-0.196564
-0.190006
-0.1831
-0.17588
-0.168377
-0.160614
-0.152612
-0.144387
-0.135953
-0.127319
-0.118493
-0.109479
-0.100281
-0.0908984
-0.0813326
-0.071582
-0.0616454
-0.0515211
-0.0412071
-0.0307015
-0.0200031
-0.00911197
0.00197031
0.0132408
0.0246951
0.0363264
0.0481249
0.0600774
0.0721676
0.0843756
0.0966769
0.109042
0.121436
0.13382
0.146147
0.158364
0.170411
0.182223
0.193725
0.204837
0.215473
0.225538
0.234932
0.24355
0.251282
0.258017
0.26364
0.26804
0.271107
0.272737
0.272834
0.271311
0.268095
0.263128
0.25636
0.247763
0.237428
0.22545
0.210481
0.191469
-0.178241
-0.194778
-0.207778
-0.21817
-0.227151
-0.234668
-0.240675
-0.245228
-0.248402
-0.250273
-0.250927
-0.250454
-0.248945
-0.246493
-0.243187
-0.239114
-0.234355
-0.228985
-0.223074
-0.216682
-0.209866
-0.202675
-0.195151
-0.187331
-0.179246
-0.170921
-0.162377
-0.153628
-0.144688
-0.135565
-0.126265
-0.116791
-0.107144
-0.0973228
-0.0873255
-0.0771488
-0.0667888
-0.0562413
-0.0455019
-0.034566
-0.0234297
-0.0120904
-0.000546884
0.0112006
0.0231504
0.0352984
0.0476376
0.0601573
0.0728437
0.0856792
0.0986415
0.111703
0.12483
0.137984
0.15112
0.164183
0.177115
0.189845
0.202299
0.214392
0.226031
0.237116
0.247539
0.257184
0.265932
0.273657
0.280233
0.285531
0.289428
0.291801
0.292538
0.291537
0.288708
0.28398
0.277291
0.268603
0.258008
0.245601
0.229959
0.209977
-0.198305
-0.215651
-0.229215
-0.239969
-0.249171
-0.256771
-0.262721
-0.26709
-0.269964
-0.271433
-0.271597
-0.270559
-0.268427
-0.265305
-0.261296
-0.256497
-0.251
-0.244889
-0.238241
-0.231122
-0.223594
-0.215709
-0.207514
-0.199045
-0.190336
-0.18141
-0.17229
-0.162988
-0.153517
-0.143883
-0.134092
-0.124143
-0.114035
-0.103766
-0.0933302
-0.082722
-0.0719349
-0.060962
-0.0497959
-0.0384291
-0.0268547
-0.0150672
-0.00306247
0.00916252
0.0216091
0.0342763
0.0471601
0.0602529
0.0735438
0.087018
0.100656
0.114431
0.128314
0.142267
0.156244
0.170194
0.184055
0.197758
0.211225
0.224366
0.237085
0.249274
0.260818
0.271591
0.28146
0.290288
0.297931
0.304246
0.309089
0.31232
0.313807
0.313426
0.311073
0.306657
0.300102
0.291358
0.280516
0.26767
0.251317
0.230296
-0.219948
-0.238183
-0.25236
-0.263495
-0.272915
-0.280571
-0.286421
-0.290544
-0.293041
-0.294019
-0.293596
-0.291892
-0.28903
-0.285132
-0.280316
-0.274691
-0.26836
-0.261417
-0.253946
-0.246023
-0.237711
-0.229069
-0.220144
-0.210975
-0.201595
-0.192029
-0.182298
-0.172414
-0.162387
-0.152223
-0.141923
-0.131486
-0.120908
-0.110183
-0.099303
-0.08826
-0.0770443
-0.0656458
-0.0540539
-0.042258
-0.0302481
-0.0180151
-0.00555173
0.00714851
0.0200904
0.0332764
0.0467059
0.0603748
0.0742756
0.0883967
0.102722
0.117228
0.131886
0.146663
0.161514
0.176389
0.191225
0.205954
0.220495
0.234756
0.248636
0.26202
0.274784
0.286792
0.2979
0.307954
0.316794
0.324258
0.330181
0.3344
0.336762
0.337119
0.335345
0.331328
0.324974
0.316218
0.305147
0.291854
0.274747
0.252606
-0.243317
-0.262538
-0.277383
-0.288917
-0.298549
-0.306229
-0.311921
-0.31572
-0.317747
-0.318129
-0.317003
-0.314511
-0.310798
-0.306003
-0.300259
-0.293693
-0.28642
-0.278544
-0.270158
-0.261344
-0.252172
-0.242703
-0.232986
-0.223062
-0.212965
-0.202719
-0.192342
-0.181847
-0.171241
-0.160526
-0.149703
-0.138766
-0.127708
-0.116522
-0.105196
-0.0937171
-0.0820737
-0.070252
-0.0582381
-0.0460178
-0.0335774
-0.0209046
-0.00798815
0.00518206
0.0186146
0.0323158
0.0462889
0.0605338
0.0750467
0.0898199
0.104841
0.12009
0.135542
0.151166
0.166921
0.182757
0.198614
0.214423
0.230101
0.245556
0.26068
0.275354
0.289444
0.302806
0.315279
0.326696
0.336878
0.34564
0.352794
0.358154
0.361537
0.362769
0.361697
0.358183
0.352112
0.343397
0.332122
0.318376
0.300468
0.277115
-0.268582
-0.288901
-0.304478
-0.316433
-0.326263
-0.333924
-0.339387
-0.342768
-0.344211
-0.343868
-0.341902
-0.338481
-0.333773
-0.327939
-0.321132
-0.313495
-0.305158
-0.296236
-0.286832
-0.277034
-0.266919
-0.256548
-0.245975
-0.235241
-0.224378
-0.213411
-0.202355
-0.19122
-0.180012
-0.168729
-0.157369
-0.145922
-0.13438
-0.122729
-0.110956
-0.0990436
-0.0869763
-0.0747369
-0.0623076
-0.0496705
-0.0368081
-0.0237042
-0.0103435
0.00328805
0.0172033
0.0314127
0.0459237
0.0607407
0.0758643
0.0912911
0.107013
0.123014
0.139275
0.155767
0.172452
0.189284
0.206205
0.223147
0.240027
0.25675
0.273206
0.289271
0.304802
0.319643
0.333622
0.346553
0.358237
0.368467
0.377027
0.383701
0.388275
0.390544
0.390319
0.387435
0.381745
0.373141
0.361694
0.347491
0.328729
0.304057
-0.295945
-0.317495
-0.333877
-0.346273
-0.356282
-0.363867
-0.36901
-0.371855
-0.372574
-0.371352
-0.368382
-0.363864
-0.357994
-0.350958
-0.342932
-0.334077
-0.32454
-0.314448
-0.303913
-0.293031
-0.281882
-0.270533
-0.259036
-0.247434
-0.235757
-0.224027
-0.212259
-0.200458
-0.188627
-0.176761
-0.164853
-0.152891
-0.14086
-0.128745
-0.116527
-0.104187
-0.0917025
-0.0790539
-0.0662192
-0.0531763
-0.0399037
-0.0263808
-0.0125883
0.00149247
0.0158787
0.0305854
0.045625
0.0610064
0.0767353
0.0928133
0.109237
0.125997
0.143076
0.160452
0.178092
0.195952
0.213978
0.232105
0.25025
0.268318
0.286197
0.303757
0.32085
0.337307
0.352944
0.367557
0.380924
0.392812
0.402976
0.411166
0.417131
0.420626
0.421425
0.419323
0.414137
0.405728
0.394154
0.379493
0.359818
0.333704
-0.325643
-0.348581
-0.365852
-0.378707
-0.388864
-0.396297
-0.401006
-0.403167
-0.402992
-0.400703
-0.396535
-0.390721
-0.383493
-0.375067
-0.365643
-0.355406
-0.344517
-0.333117
-0.321329
-0.309255
-0.296979
-0.284569
-0.27208
-0.259551
-0.247012
-0.234481
-0.221969
-0.209479
-0.197007
-0.184545
-0.172082
-0.159601
-0.147083
-0.134507
-0.121851
-0.10909
-0.0961999
-0.0831545
-0.0699279
-0.0564939
-0.0428265
-0.0289007
-0.0146924
-0.00017853
0.014663
0.0298523
0.0454066
0.0613404
0.0776647
0.0943868
0.111509
0.129028
0.146932
0.165205
0.183818
0.202735
0.221905
0.241265
0.260738
0.280229
0.299623
0.318789
0.337571
0.355793
0.373254
0.389732
0.404983
0.418746
0.430742
0.440681
0.44827
0.453218
0.45525
0.454115
0.449584
0.441479
0.429836
0.414722
0.394069
0.366367
-0.357957
-0.382469
-0.400725
-0.414055
-0.424315
-0.431496
-0.435623
-0.436917
-0.435637
-0.432054
-0.426452
-0.419109
-0.410295
-0.400261
-0.389239
-0.377432
-0.365023
-0.352167
-0.338994
-0.325612
-0.31211
-0.298557
-0.285005
-0.271492
-0.258044
-0.244675
-0.231391
-0.218191
-0.205064
-0.191999
-0.178977
-0.165978
-0.152977
-0.139949
-0.126865
-0.113697
-0.100415
-0.086989
-0.0733882
-0.0595816
-0.0455388
-0.03123
-0.0166263
-0.00169957
0.0135774
0.0292298
0.0452807
0.0617501
0.0786552
0.0960095
0.113822
0.132095
0.150825
0.170001
0.189603
0.2096
0.229948
0.25059
0.271451
0.29244
0.313444
0.33433
0.354936
0.375078
0.394543
0.41309
0.430451
0.446333
0.460421
0.47238
0.481867
0.488538
0.492057
0.492116
0.488428
0.480765
0.469132
0.453576
0.43187
0.402411
-0.393226
-0.419535
-0.438885
-0.452698
-0.462994
-0.469789
-0.473146
-0.47334
-0.470694
-0.465543
-0.458225
-0.449076
-0.43841
-0.426521
-0.413669
-0.400087
-0.385973
-0.371497
-0.356798
-0.34199
-0.327161
-0.312379
-0.297696
-0.283143
-0.268743
-0.254503
-0.240424
-0.226497
-0.212707
-0.199035
-0.185456
-0.171945
-0.158471
-0.145002
-0.131505
-0.117947
-0.104293
-0.0905072
-0.0765541
-0.062398
-0.0480036
-0.0333361
-0.0183616
-0.00304663
0.0126412
0.0287328
0.0452571
0.0622404
0.0797063
0.0976752
0.116163
0.13518
0.154731
0.174812
0.195412
0.216507
0.238062
0.260026
0.282332
0.304895
0.327603
0.350325
0.372896
0.395126
0.416789
0.437627
0.457348
0.475626
0.492103
0.506398
0.518107
0.526822
0.532137
0.533669
0.53106
0.524014
0.512496
0.496524
0.473681
0.442263
-0.431858
-0.460229
-0.480798
-0.49509
-0.505326
-0.511558
-0.513899
-0.512701
-0.508368
-0.50131
-0.491941
-0.480658
-0.467833
-0.453802
-0.438863
-0.423275
-0.407255
-0.390986
-0.374613
-0.358253
-0.341994
-0.325901
-0.31002
-0.294377
-0.278985
-0.263848
-0.248955
-0.234292
-0.219835
-0.205559
-0.191432
-0.17742
-0.163488
-0.149597
-0.135708
-0.121783
-0.10778
-0.0936597
-0.0793809
-0.0649028
-0.0501851
-0.0351878
-0.0198717
-0.00419803
0.0118713
0.0283731
0.0453425
0.0628124
0.0808134
0.0993734
0.118516
0.138261
0.15862
0.1796
0.201199
0.223403
0.246187
0.26951
0.293314
0.31752
0.342026
0.3667
0.391382
0.415875
0.439945
0.463318
0.485677
0.506661
0.525871
0.542866
0.55718
0.568325
0.57581
0.57916
0.577927
0.571727
0.560467
0.544118
0.520046
0.486428
-0.474351
-0.505105
-0.527032
-0.541783
-0.551818
-0.557247
-0.558255
-0.555295
-0.548873
-0.539498
-0.527673
-0.513871
-0.498529
-0.482032
-0.464717
-0.44687
-0.428727
-0.41048
-0.39228
-0.374243
-0.356453
-0.33897
-0.321829
-0.305051
-0.288638
-0.272582
-0.256867
-0.241465
-0.226347
-0.211477
-0.196816
-0.182322
-0.167953
-0.153664
-0.13941
-0.125145
-0.110823
-0.0963989
-0.0818261
-0.0670585
-0.0520506
-0.0367573
-0.0211337
-0.00513571
0.0112807
0.0281584
0.045539
0.0634624
0.0819667
0.101088
0.120858
0.141305
0.162453
0.184319
0.20691
0.230226
0.254254
0.278963
0.304309
0.330224
0.356615
0.383358
0.410298
0.437237
0.463936
0.490108
0.515411
0.539452
0.561785
0.581908
0.599278
0.613316
0.623429
0.62903
0.629549
0.624491
0.61368
0.597022
0.57162
0.535513
-0.521321
-0.554846
-0.578285
-0.593442
-0.603076
-0.607378
-0.606639
-0.601445
-0.592435
-0.580242
-0.565476
-0.548704
-0.530431
-0.511101
-0.491091
-0.47071
-0.450213
-0.429797
-0.409614
-0.389776
-0.370359
-0.351412
-0.332961
-0.315012
-0.297555
-0.280572
-0.264033
-0.247901
-0.232135
-0.21669
-0.201518
-0.186569
-0.171792
-0.157136
-0.142548
-0.127978
-0.113372
-0.0986805
-0.0838505
-0.0688312
-0.0535714
-0.0380207
-0.022129
-0.00584616
0.0108775
0.0280912
0.0458433
0.0641809
0.0831501
0.102795
0.123158
0.144276
0.166184
0.188912
0.212479
0.2369
0.262174
0.288288
0.315211
0.342891
0.371248
0.400173
0.429517
0.45909
0.488651
0.517904
0.546488
0.573978
0.599879
0.623625
0.644586
0.662078
0.675382
0.683771
0.686525
0.682998
0.672898
0.656038
0.629195
0.590248
-0.573534
-0.6103
-0.63542
-0.650883
-0.659826
-0.662564
-0.659536
-0.651505
-0.639284
-0.62366
-0.605375
-0.585101
-0.563426
-0.540852
-0.517793
-0.494585
-0.471492
-0.448713
-0.426395
-0.404639
-0.383508
-0.363037
-0.343234
-0.324091
-0.305582
-0.287674
-0.270323
-0.253479
-0.23709
-0.221099
-0.205448
-0.190078
-0.174931
-0.159946
-0.145065
-0.13023
-0.115382
-0.100464
-0.0854199
-0.0701917
-0.0547235
-0.0389596
-0.0228441
-0.00632139
0.0106642
0.0281683
0.0462461
0.0649521
0.0843406
0.104465
0.125376
0.147124
0.169755
0.193311
0.217827
0.243332
0.269844
0.297368
0.32589
0.355379
0.385774
0.416983
0.448874
0.481269
0.513933
0.546567
0.578798
0.610172
0.640148
0.668089
0.693273
0.714893
0.732083
0.743939
0.749548
0.748068
0.73904
0.72214
0.693742
0.651528
-0.631955
-0.67254
-0.699518
-0.71511
-0.722944
-0.723522
-0.717489
-0.705848
-0.689638
-0.669837
-0.647345
-0.622953
-0.597339
-0.571063
-0.544577
-0.518233
-0.492298
-0.466964
-0.442367
-0.418588
-0.395671
-0.37363
-0.352452
-0.332108
-0.312555
-0.29374
-0.275602
-0.258079
-0.241104
-0.224607
-0.20852
-0.192774
-0.177301
-0.162034
-0.146907
-0.131854
-0.116812
-0.101717
-0.0865059
-0.0711175
-0.0554899
-0.0395619
-0.0232725
-0.00656028
0.0106363
0.0283792
0.0467305
0.0657524
0.0855074
0.106058
0.127466
0.149793
0.173097
0.197436
0.22286
0.249417
0.277143
0.306065
0.336193
0.367518
0.400006
0.433589
0.46816
0.503559
0.539568
0.575897
0.612167
0.647904
0.682523
0.715322
0.745475
0.772039
0.79397
0.810151
0.819421
0.820673
0.813221
0.796532
0.766467
0.720462
-0.697818
-0.742933
-0.77194
-0.787367
-0.793489
-0.791087
-0.781102
-0.764862
-0.74369
-0.718805
-0.691287
-0.662067
-0.631912
-0.601437
-0.571122
-0.541325
-0.512305
-0.484239
-0.457234
-0.431347
-0.406594
-0.382959
-0.360404
-0.338874
-0.318302
-0.298615
-0.279735
-0.26158
-0.244068
-0.227118
-0.210649
-0.194582
-0.17884
-0.163346
-0.148027
-0.132812
-0.11763
-0.102411
-0.087088
-0.0715936
-0.0558609
-0.0398236
-0.0234155
-0.00656963
0.0107813
0.0287053
0.0472715
0.0665496
0.0866106
0.107526
0.12937
0.152213
0.17613
0.201193
0.22747
0.255029
0.283928
0.314218
0.345937
0.379106
0.413721
0.449747
0.487111
0.525684
0.565277
0.605618
0.646339
0.686957
0.726857
0.765271
0.80127
0.83376
0.861492
0.883086
0.897068
0.901978
0.896806
0.880715
0.848888
0.798443
-0.77272
-0.823249
-0.854427
-0.869205
-0.872737
-0.866224
-0.851031
-0.828916
-0.801573
-0.770504
-0.737004
-0.702145
-0.666782
-0.631577
-0.59702
-0.563459
-0.531129
-0.500172
-0.470659
-0.442609
-0.415998
-0.390774
-0.366866
-0.344189
-0.322649
-0.302147
-0.282586
-0.263863
-0.245882
-0.228546
-0.211762
-0.195439
-0.179492
-0.163835
-0.148388
-0.133073
-0.117811
-0.10253
-0.0871547
-0.0716139
-0.0558359
-0.0397494
-0.023283
-0.00636496
0.0110778
0.0291192
0.0478351
0.0673026
0.087601
0.108812
0.131018
0.154306
0.178762
0.204476
0.231535
0.260027
0.290036
0.321641
0.354912
0.389903
0.426651
0.465163
0.505406
0.547301
0.590697
0.635363
0.680958
0.727009
0.772887
0.817774
0.860643
0.900239
0.935081
0.963475
0.983546
0.993371
0.99148
0.976583
0.942945
0.887249
-0.858769
-0.915812
-0.949225
-0.962569
-0.962225
-0.950032
-0.927958
-0.898333
-0.863313
-0.824743
-0.784148
-0.742743
-0.701455
-0.660969
-0.621761
-0.584146
-0.54831
-0.514344
-0.482263
-0.452033
-0.42358
-0.396809
-0.371606
-0.347851
-0.325419
-0.304185
-0.284024
-0.264818
-0.246451
-0.22881
-0.21179
-0.19529
-0.179213
-0.163467
-0.147963
-0.132616
-0.117343
-0.102066
-0.0867043
-0.0711825
-0.0554241
-0.0393535
-0.0228949
-0.00597128
0.0114952
0.0295844
0.0483782
0.067961
0.0884201
0.109846
0.132334
0.155981
0.180889
0.207164
0.234915
0.264251
0.295284
0.328124
0.362876
0.399637
0.438488
0.479487
0.52266
0.567984
0.615373
0.664653
0.715537
0.767592
0.820199
0.872516
0.923437
0.971547
1.01511
1.05207
1.08005
1.09651
1.09934
1.08656
1.05116
0.989198
-0.958799
-1.02373
-1.05927
-1.06991
-1.06379
-1.04373
-1.01255
-0.973315
-0.928767
-0.881132
-0.832173
-0.783229
-0.735266
-0.688953
-0.644716
-0.602802
-0.56332
-0.52628
-0.491625
-0.45925
-0.429021
-0.400786
-0.374385
-0.349657
-0.326441
-0.304581
-0.283929
-0.264344
-0.24569
-0.227842
-0.210679
-0.194091
-0.17797
-0.162217
-0.146735
-0.131433
-0.116224
-0.101023
-0.0857463
-0.0703138
-0.0546452
-0.0386608
-0.0222805
-0.00542334
0.0119935
0.0300548
0.0488483
0.068465
0.0889999
0.110553
0.133228
0.157137
0.182395
0.209126
0.237458
0.267526
0.29947
0.333434
0.369562
0.407998
0.448876
0.492316
0.538413
0.587221
0.638739
0.692878
0.749437
0.808058
0.868179
0.928972
0.989286
1.04757
1.10184
1.14961
1.1879
1.21336
1.22298
1.21377
1.17686
1.10737
-1.07671
-1.15124
-1.18844
-1.1943
-1.17961
-1.14863
-1.10535
-1.05385
-0.997515
-0.938994
-0.880262
-0.82273
-0.767346
-0.714703
-0.665125
-0.618742
-0.57555
-0.53545
-0.498286
-0.463868
-0.431986
-0.402425
-0.374969
-0.34941
-0.325551
-0.303203
-0.282191
-0.262351
-0.243531
-0.225587
-0.208389
-0.191814
-0.175745
-0.160075
-0.144702
-0.129529
-0.114464
-0.0994169
-0.0843017
-0.0690338
-0.0535296
-0.0377061
-0.0214797
-0.00476552
0.012523
0.0304752
0.0491839
0.0687462
0.089264
0.110845
0.133605
0.157665
0.183156
0.210217
0.239
0.269662
0.302374
0.337315
0.374673
0.414641
0.457415
0.503187
0.552134
0.604407
0.660111
0.719279
0.781833
0.847542
0.915954
0.986325
1.05752
1.12791
1.19528
1.2567
1.30847
1.34623
1.36569
1.36233
1.32457
1.24597
-1.21806
-1.30423
-1.34191
-1.33963
-1.31217
-1.26598
-1.20668
-1.13955
-1.06873
-0.997254
-0.927238
-0.860069
-0.79658
-0.737201
-0.68208
-0.631175
-0.58432
-0.541275
-0.501761
-0.465481
-0.43214
-0.401447
-0.373129
-0.346926
-0.322601
-0.299933
-0.278718
-0.25877
-0.23992
-0.22201
-0.204896
-0.188445
-0.172533
-0.157046
-0.141876
-0.126922
-0.112086
-0.0972763
-0.0824033
-0.0673794
-0.0521184
-0.0365346
-0.0205414
-0.00405134
0.0130256
0.0307824
0.0493161
0.0687289
0.0891289
0.110631
0.13336
0.157448
0.183039
0.21029
0.239369
0.270461
0.303766
0.339499
0.377892
0.419195
0.463669
0.511587
0.563221
0.618839
0.678679
0.742929
0.811686
0.884906
0.962328
1.04338
1.12705
1.21173
1.29506
1.37369
1.44313
1.49774
1.53152
1.53768
1.50051
1.41092
-1.391
-1.49111
-1.52665
-1.51069
-1.4642
-1.39682
-1.31633
-1.22941
-1.14096
-1.05429
-0.971466
-0.893703
-0.821571
-0.755221
-0.69453
-0.639212
-0.588888
-0.543142
-0.501545
-0.46368
-0.42915
-0.397589
-0.368655
-0.34204
-0.317464
-0.294673
-0.273438
-0.253551
-0.234826
-0.217092
-0.200193
-0.183988
-0.168347
-0.153149
-0.138283
-0.123642
-0.109126
-0.0946413
-0.0800951
-0.0653983
-0.0504627
-0.0352006
-0.0195238
-0.00334238
0.0134357
0.030906
0.0491692
0.0683314
0.0885058
0.109814
0.132387
0.156367
0.181911
0.209189
0.238389
0.269719
0.303406
0.339704
0.378889
0.421267
0.46717
0.516956
0.571008
0.629724
0.693504
0.762729
0.837723
0.918706
1.0057
1.09844
1.19619
1.29754
1.40014
1.50037
1.59295
1.67073
1.72551
1.74712
1.71351
1.61087
-1.60808
-1.7241
-1.75203
-1.71326
-1.63835
-1.54152
-1.43317
-1.32148
-1.21191
-1.10774
-1.01074
-0.921659
-0.840618
-0.767328
-0.701284
-0.641878
-0.588467
-0.54042
-0.497138
-0.458068
-0.42271
-0.39061
-0.361366
-0.334616
-0.31004
-0.287355
-0.266306
-0.246668
-0.228238
-0.210835
-0.194294
-0.178467
-0.163218
-0.148422
-0.133963
-0.119734
-0.105633
-0.0915634
-0.0774317
-0.0631477
-0.0486222
-0.0337666
-0.0184918
-0.0027068
0.0136817
0.030771
0.0486637
0.0674691
0.0873037
0.108294
0.130576
0.154302
0.179636
0.206762
0.235885
0.267232
0.301059
0.337651
0.377331
0.420457
0.467433
0.518709
0.574782
0.636195
0.703534
0.777408
0.858427
0.947153
1.04402
1.14922
1.26251
1.38294
1.5085
1.63558
1.75831
1.86799
1.95365
2.0004
1.97635
1.85903
-1.88956
-2.02139
-2.03059
-1.95395
-1.83667
-1.6991
-1.55455
-1.41238
-1.27808
-1.15435
-1.04217
-0.941499
-0.851708
-0.771894
-0.701046
-0.638153
-0.58226
-0.532492
-0.488066
-0.448288
-0.412549
-0.380314
-0.351119
-0.324555
-0.300266
-0.277942
-0.257308
-0.238123
-0.220173
-0.203268
-0.187235
-0.171923
-0.157191
-0.142913
-0.128972
-0.115257
-0.101667
-0.088105
-0.0744771
-0.0606931
-0.0466641
-0.0323014
-0.017516
-0.00221718
0.0136887
0.0302994
0.0477186
0.0660565
0.0854321
0.105974
0.127824
0.151137
0.176087
0.202866
0.231693
0.262812
0.2965
0.333075
0.372896
0.416374
0.463981
0.516254
0.573808
0.637339
0.70763
0.785551
0.872048
0.96811
1.07471
1.19269
1.32258
1.46428
1.61661
1.77655
1.9382
2.0916
2.22277
2.31051
2.30794
2.17668
-2.27018
-2.41053
-2.37852
-2.23922
-2.05919
-1.86602
-1.67534
-1.49667
-1.33441
-1.18973
-1.06215
-0.950312
-0.852556
-0.767152
-0.692465
-0.627015
-0.569501
-0.518791
-0.473915
-0.43404
-0.398457
-0.366558
-0.337822
-0.311805
-0.28812
-0.266435
-0.246462
-0.227948
-0.210672
-0.194438
-0.179071
-0.164416
-0.150332
-0.136691
-0.123376
-0.110279
-0.0972981
-0.0843366
-0.0713024
-0.0581063
-0.0446606
-0.0308778
-0.0166702
-0.00194808
0.013381
0.0294141
0.0462542
0.0640116
0.0828053
0.102765
0.124033
0.146768
0.171147
0.197371
0.225665
0.256286
0.28953
0.325734
0.365292
0.408659
0.456364
0.509027
0.567369
0.632237
0.704616
0.785651
0.876655
0.979114
1.09466
1.22501
1.37178
1.53624
1.71875
1.91788
2.12884
2.34154
2.53953
2.69411
2.73678
2.60011
-2.81285
-2.93328
-2.81479
-2.57268
-2.30112
-2.03384
-1.78637
-1.56591
-1.37375
-1.20816
-1.06622
-0.944731
-0.840649
-0.75125
-0.674189
-0.607487
-0.54949
-0.498821
-0.454339
-0.41509
-0.380283
-0.34925
-0.321432
-0.296354
-0.273613
-0.252865
-0.233812
-0.216197
-0.199797
-0.184413
-0.169871
-0.156017
-0.142711
-0.129828
-0.117251
-0.104876
-0.0926011
-0.0803333
-0.0679826
-0.0554621
-0.0426863
-0.0295703
-0.0160288
-0.00197432
0.0126833
0.0280389
0.0441935
0.0612553
0.0793415
0.0985801
0.119113
0.141098
0.164714
0.190163
0.217673
0.247508
0.279972
0.31542
0.354265
0.396993
0.44418
0.496508
0.554792
0.620007
0.693326
0.776156
0.870185
0.977432
1.10028
1.24147
1.4041
1.59135
1.8061
2.04997
2.3214
2.61271
2.9075
3.17066
3.30586
3.19473
-3.6319
-3.65009
-3.35745
-2.95012
-2.54875
-2.18658
-1.87301
-1.60808
-1.38684
-1.20275
-1.0494
-0.92121
-0.813498
-0.722459
-0.645032
-0.578765
-0.521694
-0.47224
-0.429129
-0.391324
-0.357977
-0.328387
-0.301974
-0.278252
-0.256812
-0.237306
-0.219439
-0.202955
-0.187633
-0.173279
-0.159723
-0.146814
-0.134417
-0.12241
-0.110681
-0.0991285
-0.0876562
-0.0761737
-0.0645946
-0.0528355
-0.0408149
-0.0284514
-0.015663
-0.00236591
0.0115266
0.0261057
0.0414687
0.0577201
0.0749729
0.0933516
0.112994
0.134056
0.156711
0.181158
0.207623
0.236371
0.267705
0.301984
0.33963
0.381143
0.427125
0.478297
0.535535
0.599912
0.672742
0.755654
0.850669
0.960308
1.08771
1.23677
1.41227
1.6199
1.86614
2.15761
2.49924
2.89078
3.32218
3.75841
4.07677
4.0783
-4.93379
-4.64048
-4.0163
-3.35551
-2.77791
-2.30083
-1.9163
-1.60927
-1.36404
-1.16708
-1.00758
-0.877211
-0.769618
-0.679984
-0.60464
-0.540775
-0.486211
-0.439249
-0.398546
-0.363031
-0.331841
-0.304271
-0.279744
-0.257782
-0.237984
-0.220013
-0.203582
-0.188445
-0.17439
-0.161233
-0.148809
-0.136976
-0.125605
-0.11458
-0.103798
-0.0931599
-0.0825755
-0.0719594
-0.0612302
-0.0503092
-0.0391197
-0.0275849
-0.0156274
-0.00316804
0.00987515
0.0235883
0.0380633
0.0533991
0.0697031
0.0870936
0.105702
0.125677
0.147184
0.170415
0.195587
0.222956
0.252818
0.285522
0.321484
0.361201
0.405272
0.454427
0.509566
0.571801
0.642528
0.723512
0.817008
0.925927
1.05406
1.20637
1.38938
1.61166
1.88427
2.22103
2.638
3.15062
3.76672
4.46683
5.12955
5.46077
-7.17802
-6.00409
-4.75324
-3.73044
-2.93574
-2.33565
-1.88786
-1.55115
-1.29406
-1.09449
-0.936998
-0.810749
-0.708086
-0.623524
-0.55307
-0.49377
-0.443397
-0.400249
-0.363003
-0.330618
-0.302263
-0.277269
-0.255086
-0.235264
-0.217427
-0.20126
-0.186494
-0.172902
-0.160286
-0.148472
-0.137312
-0.12667
-0.11643
-0.106483
-0.096733
-0.087089
-0.0774672
-0.0677884
-0.0579772
-0.0479612
-0.0376691
-0.0270297
-0.0159713
-0.00442038
0.007699
0.0204665
0.0339674
0.0482934
0.0635445
0.0798306
0.0972739
0.116012
0.136199
0.158014
0.181661
0.207378
0.235443
0.266184
0.299994
0.337343
0.378804
0.425078
0.477035
0.535765
0.60265
0.679471
0.768551
0.872967
0.996868
1.14593
1.32808
1.55448
1.84103
2.2104
2.69489
3.33704
4.18028
5.2565
6.56573
7.80739
-11.5601
-7.80256
-5.29296
-3.81992
-2.84176
-2.17236
-1.71152
-1.38469
-1.14457
-0.962809
-0.821738
-0.709877
-0.61956
-0.545524
-0.484048
-0.432431
-0.388668
-0.351243
-0.318983
-0.29097
-0.266474
-0.244904
-0.225781
-0.208708
-0.193354
-0.179442
-0.166737
-0.155037
-0.144167
-0.133975
-0.124327
-0.115105
-0.106204
-0.0975278
-0.0889904
-0.0805107
-0.0720135
-0.0634278
-0.0546864
-0.0457241
-0.0364771
-0.0268813
-0.0168721
-0.0063836
0.00465219
0.0163067
0.0286564
0.0417836
0.0557777
0.0707369
0.0867701
0.103999
0.122564
0.14262
0.164351
0.187967
0.213714
0.241883
0.272821
0.306946
0.344763
0.386894
0.434112
0.487387
0.547957
0.617426
0.697905
0.792236
0.904318
1.03965
1.20621
1.41589
1.68696
2.0486
2.54933
3.26623
4.30381
5.8502
8.44998
12.3183
-18.9698
-9.55613
-5.06803
-3.2473
-2.28436
-1.7003
-1.32951
-1.07838
-0.89708
-0.760129
-0.653334
-0.568044
-0.498664
-0.441398
-0.393563
-0.353201
-0.318846
-0.289373
-0.263907
-0.241754
-0.222355
-0.205257
-0.190085
-0.176529
-0.164326
-0.153257
-0.143131
-0.133785
-0.125076
-0.116881
-0.109089
-0.101601
-0.094331
-0.0871983
-0.0801299
-0.0730577
-0.0659178
-0.05865
-0.0511973
-0.043504
-0.0355155
-0.027177
-0.0184332
-0.00922788
0.000496751
0.0108015
0.0217515
0.0334167
0.0458724
0.0592009
0.0734935
0.0888523
0.105392
0.123243
0.142555
0.163499
0.186275
0.211118
0.238306
0.268171
0.301112
0.337617
0.378287
0.42387
0.475314
0.533832
0.601012
0.678969
0.770594
0.879958
1.01302
1.17891
1.39247
1.67998
2.09228
2.72622
3.7571
5.67379
10.2795
19.8165
)
;

boundaryField
{
    movingWall
    {
        type            zeroGradient;
    }
    fixedWalls
    {
        type            zeroGradient;
    }
    frontAndBack
    {
        type            empty;
    }
}


// ************************************************************************* //
