/*--------------------------------*- C++ -*----------------------------------*\
  =========                 |
  \\      /  F ield         | OpenFOAM: The Open Source CFD Toolbox
   \\    /   O peration     | Website:  https://openfoam.org
    \\  /    A nd           | Version:  7
     \\/     M anipulation  |
\*---------------------------------------------------------------------------*/
FoamFile
{
    version     2.0;
    format      ascii;
    class       volScalarField;
    location    "0.325";
    object      p;
}
// * * * * * * * * * * * * * * * * * * * * * * * * * * * * * * * * * * * * * //

dimensions      [0 2 -2 0 0 0 0];

internalField   nonuniform List<scalar> 
6400
(
5.80435e-06
2.20326e-05
-0.000484166
-0.00151709
-0.00295949
-0.00470112
-0.00664167
-0.00869164
-0.0107738
-0.0128229
-0.0147837
-0.01661
-0.0182634
-0.0197122
-0.0209307
-0.0218981
-0.0225982
-0.0230189
-0.0231516
-0.022991
-0.0225346
-0.0217824
-0.020737
-0.0194028
-0.0177863
-0.0158957
-0.013741
-0.0113333
-0.00868529
-0.00581089
-0.00272509
0.000556087
0.00401563
0.00763566
0.0113975
0.0152818
0.0192686
0.0233372
0.0274666
0.0316352
0.0358214
0.0400029
0.0441575
0.0482631
0.0522973
0.0562381
0.0600636
0.0637524
0.0672836
0.0706371
0.0737933
0.0767337
0.079441
0.0818991
0.0840934
0.0860108
0.0876402
0.0889724
0.0900003
0.0907195
0.091128
0.0912266
0.0910195
0.090514
0.0897211
0.0886559
0.0873378
0.0857908
0.0840443
0.0821336
0.0801004
0.0779938
0.0758713
0.0737999
0.0718574
0.070132
0.0687208
0.0677279
0.0672598
0.0672973
-2.06438e-06
1.1519e-05
-0.000442177
-0.00132559
-0.00253945
-0.00400456
-0.00564505
-0.00738859
-0.00916996
-0.0109319
-0.0126247
-0.014206
-0.0156395
-0.0168951
-0.0179476
-0.0187767
-0.0193662
-0.0197035
-0.0197796
-0.0195884
-0.0191266
-0.0183934
-0.0173903
-0.0161208
-0.0145903
-0.0128059
-0.0107764
-0.00851189
-0.00602384
-0.00332493
-0.00042898
0.00264919
0.0058938
0.00928823
0.0128151
0.0164562
0.020193
0.0240061
0.0278757
0.0317819
0.035704
0.0396215
0.0435136
0.0473593
0.0511381
0.0548291
0.0584122
0.0618675
0.0651754
0.0683174
0.0712754
0.0740326
0.0765729
0.0788818
0.080946
0.0827539
0.0842957
0.0855632
0.0865508
0.087255
0.0876746
0.0878114
0.0876701
0.0872585
0.0865879
0.0856733
0.0845336
0.0831923
0.0816774
0.0800222
0.0782655
0.0764523
0.074634
0.0728691
0.071223
0.069767
0.0685743
0.0677196
0.0672963
0.0673348
0.000504674
0.000466559
1.26048e-05
-0.000803333
-0.00189399
-0.00319608
-0.00464846
-0.00619106
-0.00776826
-0.00933004
-0.0108321
-0.0122358
-0.0135077
-0.0146195
-0.0155475
-0.016272
-0.0167772
-0.0170507
-0.0170832
-0.0168686
-0.016403
-0.0156851
-0.0147158
-0.0134978
-0.0120357
-0.010336
-0.00840642
-0.00625627
-0.00389609
-0.00133762
0.00140629
0.00432178
0.00739409
0.0106076
0.013946
0.0173921
0.0209284
0.0245366
0.0281981
0.0318939
0.0356047
0.039311
0.042993
0.0466313
0.0502061
0.053698
0.057088
0.0603573
0.0634878
0.0664619
0.0692628
0.0718748
0.0742831
0.0764741
0.0784357
0.0801573
0.08163
0.0828467
0.0838023
0.0844942
0.0849218
0.0850873
0.0849957
0.084655
0.0840764
0.0832744
0.0822675
0.0810777
0.0797317
0.0782605
0.0766998
0.0750904
0.0734783
0.0719144
0.0704546
0.0691582
0.0680845
0.0672938
0.0668716
0.066869
0.00153737
0.00135231
0.000828588
9.38612e-06
-0.00103862
-0.00226187
-0.00360864
-0.00502823
-0.00647301
-0.0078994
-0.00926821
-0.0105447
-0.0116987
-0.0127039
-0.0135383
-0.0141833
-0.0146241
-0.0148486
-0.0148479
-0.0146157
-0.0141482
-0.0134436
-0.0125026
-0.0113274
-0.00992208
-0.00829244
-0.00644564
-0.00439025
-0.00213609
0.000305867
0.00292356
0.00570397
0.00863314
0.0116963
0.0148781
0.0181622
0.0215319
0.02497
0.0284588
0.0319802
0.0355157
0.039047
0.0425553
0.046022
0.0494283
0.0527561
0.055987
0.0591033
0.0620879
0.0649242
0.0675964
0.0700896
0.0723899
0.0744847
0.0763626
0.0780138
0.0794301
0.080605
0.0815341
0.082215
0.0826476
0.0828344
0.0827803
0.0824931
0.0819837
0.081266
0.0803575
0.079279
0.0780551
0.0767144
0.0752896
0.0738174
0.0723386
0.0708978
0.0695431
0.0683248
0.0672935
0.0665008
0.0660148
0.0658793
0.0029859
0.00257442
0.0019229
0.00105083
-4.58531e-06
-0.00119853
-0.00248712
-0.00382808
-0.00518113
-0.00650878
-0.00777683
-0.00895462
-0.010015
-0.0109344
-0.0116925
-0.0122723
-0.0126598
-0.0128439
-0.012816
-0.0125701
-0.0121024
-0.0114111
-0.0104965
-0.00936066
-0.00800724
-0.00644147
-0.00467001
-0.00270083
-0.000543108
0.00179286
0.00429573
0.00695322
0.00975216
0.0126786
0.0157178
0.0188546
0.0220729
0.0253564
0.0286882
0.0320511
0.0354277
0.0388003
0.0421512
0.0454625
0.0487165
0.0518958
0.0549831
0.0579616
0.0608148
0.0635271
0.0660836
0.0684701
0.0706736
0.072682
0.0744849
0.0760728
0.0774383
0.0785753
0.0794799
0.0801498
0.0805853
0.0807887
0.0807649
0.0805214
0.0800684
0.0794192
0.0785899
0.0775999
0.0764718
0.0752317
0.0739089
0.0725361
0.0711492
0.0697869
0.0684903
0.0673016
0.0662642
0.0654218
0.0648156
0.064468
0.00474816
0.00405988
0.00323742
0.00227219
0.00116797
-3.81822e-05
-0.00130902
-0.00260983
-0.00390706
-0.00516887
-0.00636581
-0.00747115
-0.00846097
-0.00931422
-0.0100127
-0.010541
-0.0108864
-0.0110385
-0.0109896
-0.0107339
-0.0102679
-0.00958995
-0.00870016
-0.0076004
-0.00629409
-0.00478608
-0.0030826
-0.00119112
0.000879755
0.0031203
0.00551982
0.00806669
0.0107484
0.0135518
0.0164629
0.0194671
0.0225493
0.0256938
0.0288846
0.0321054
0.0353394
0.0385699
0.0417798
0.0449522
0.0480702
0.051117
0.0540763
0.0569319
0.0596683
0.0622705
0.0647243
0.0670162
0.0691338
0.0710658
0.0728021
0.074334
0.0756542
0.0767571
0.077639
0.0782979
0.0787339
0.0789494
0.078949
0.0787396
0.0783308
0.0777348
0.0769666
0.0760438
0.074987
0.0738196
0.0725678
0.0712605
0.0699289
0.0686063
0.0673273
0.0661272
0.065043
0.0641114
0.0633423
0.0627315
0.00673342
0.00574013
0.00471691
0.0036269
0.00243996
0.00118662
-0.000101311
-0.00139581
-0.00266931
-0.00389513
-0.00504823
-0.00610564
-0.00704655
-0.00785252
-0.00850747
-0.00899766
-0.00931167
-0.00944028
-0.00937641
-0.00911493
-0.00865261
-0.007988
-0.00712132
-0.00605435
-0.00479033
-0.00333387
-0.00169084
0.000131692
0.00212556
0.00428156
0.00658955
0.00903847
0.0116165
0.014311
0.0171087
0.0199957
0.0229576
0.0259794
0.0290459
0.0321413
0.0352497
0.038355
0.041441
0.0444914
0.04749
0.0504208
0.0532681
0.0560165
0.0586509
0.0611572
0.0635215
0.0657312
0.0677743
0.0696399
0.0713184
0.0728013
0.0740819
0.0751547
0.0760159
0.0766638
0.0770984
0.0773216
0.0773377
0.0771532
0.0767767
0.0762194
0.0754948
0.0746191
0.0736105
0.0724901
0.0712809
0.0700082
0.068699
0.0673817
0.0660852
0.0648387
0.063674
0.0626218
0.0616597
0.0607565
0.00886239
0.00755063
0.00630757
0.00506962
0.0037739
0.00244567
0.00111238
-0.00020376
-0.00148051
-0.00269579
-0.0038286
-0.00485947
-0.00577059
-0.00654603
-0.00717182
-0.00763599
-0.0079285
-0.00804127
-0.00796807
-0.00770444
-0.00724762
-0.00659645
-0.00575132
-0.00471404
-0.00348779
-0.002077
-0.000487323
0.00127451
0.0032007
0.00528247
0.00751013
0.00987315
0.0123602
0.0149593
0.0176577
0.0204422
0.0232988
0.0262134
0.0291713
0.0321573
0.0351563
0.0381527
0.041131
0.0440755
0.0469707
0.0498011
0.0525516
0.0552074
0.0577541
0.0601779
0.0624656
0.0646048
0.066584
0.0683928
0.0700217
0.0714628
0.0727091
0.0737555
0.0745982
0.0752353
0.0756666
0.0758938
0.0759205
0.0757525
0.0753977
0.074866
0.0741697
0.0733231
0.0723425
0.0712465
0.0700553
0.0687907
0.0674761
0.0661355
0.0647929
0.0634718
0.0622003
0.0610041
0.0598293
0.0586192
0.011068
0.00943388
0.00795989
0.00655782
0.0051339
0.00370932
0.00230813
0.000947564
-0.000354791
-0.00158092
-0.0027135
-0.00373624
-0.00463416
-0.00539376
-0.00600312
-0.00645199
-0.00673179
-0.00683559
-0.00675809
-0.00649556
-0.0060458
-0.00540803
-0.00458289
-0.00357233
-0.00237952
-0.00100883
0.000534263
0.00224325
0.00411064
0.00612799
0.00828601
0.0105746
0.0129829
0.0154995
0.018112
0.0208078
0.0235737
0.0263958
0.0292601
0.032152
0.035057
0.03796
0.040846
0.0437
0.0465069
0.0492518
0.0519202
0.0544975
0.0569699
0.0593241
0.0615472
0.0636271
0.0655528
0.0673139
0.0689014
0.0703072
0.0715246
0.0725484
0.0733749
0.0740017
0.0744283
0.0746562
0.0746883
0.0745296
0.0741872
0.0736698
0.0729882
0.0721551
0.071185
0.070094
0.0688997
0.067621
0.0662778
0.0648902
0.0634781
0.0620605
0.0606621
0.0593051
0.0579059
0.0563839
0.0132944
0.0113398
0.00962942
0.00805242
0.00648613
0.00494878
0.0034619
0.00203849
0.000692134
-0.000562727
-0.00171201
-0.00274237
-0.00364142
-0.00439793
-0.00500197
-0.00544497
-0.00571976
-0.00582062
-0.0057432
-0.00548455
-0.00504307
-0.00441846
-0.00361167
-0.00262483
-0.00146123
-0.000125201
0.00137786
0.0030416
0.00485874
0.00682113
0.00891981
0.011145
0.0134864
0.0159327
0.0184724
0.021093
0.0237819
0.0265257
0.0293109
0.0321235
0.0349493
0.0377738
0.0405825
0.0433607
0.046094
0.0487678
0.051368
0.0538804
0.0562917
0.0585886
0.0607588
0.0627905
0.0646726
0.066395
0.0679488
0.069326
0.0705199
0.0715251
0.0723376
0.072955
0.0733763
0.0736023
0.0736355
0.07348
0.073142
0.0726289
0.0719504
0.0711173
0.0701424
0.0690398
0.0678246
0.066513
0.0651218
0.0636681
0.0621679
0.0606364
0.0590962
0.0575668
0.0559369
0.054104
0.0154948
0.0132249
0.0112765
0.00951779
0.00779912
0.00613668
0.00455024
0.00304927
0.00164395
0.00034561
-0.000834547
-0.00188581
-0.00279818
-0.00356252
-0.00417079
-0.00461603
-0.00489247
-0.00499552
-0.00492186
-0.00466932
-0.00423697
-0.003625
-0.00283474
-0.00186857
-0.000729921
0.000576802
0.00204624
0.00367212
0.00544734
0.00736396
0.00941327
0.0115858
0.0138716
0.0162597
0.018739
0.0212974
0.0239227
0.0266021
0.0293222
0.0320697
0.0348306
0.037591
0.0403368
0.0430537
0.0457275
0.0483441
0.0508897
0.0533505
0.0557132
0.0579651
0.0600938
0.0620878
0.0639361
0.0656288
0.0671568
0.068512
0.0696878
0.0706785
0.0714799
0.0720892
0.0725049
0.0727274
0.0727582
0.0726008
0.0722603
0.0717432
0.0710577
0.0702133
0.0692208
0.0680924
0.0668412
0.065481
0.064026
0.0624905
0.0608874
0.0592287
0.0575358
0.0558263
0.0539632
0.0518236
0.0176298
0.0150516
0.0128661
0.0109217
0.00904375
0.00724716
0.00555052
0.00396042
0.00248412
0.00113028
-9.24341e-05
-0.00117567
-0.00211156
-0.00289295
-0.00351352
-0.00396783
-0.00425146
-0.00436097
-0.00429402
-0.00404926
-0.00362642
-0.00302624
-0.00225046
-0.00130175
-0.000183756
0.00109901
0.00254116
0.00413647
0.00587791
0.00775771
0.00976738
0.0118977
0.0141389
0.0164805
0.0189115
0.0214204
0.0239952
0.0266233
0.029292
0.0319882
0.0346982
0.0374086
0.0401054
0.0427749
0.045403
0.047976
0.0504802
0.0529022
0.0552288
0.0574475
0.059546
0.0615128
0.063337
0.0650087
0.0665187
0.0678589
0.0690222
0.0700029
0.0707963
0.0713993
0.0718099
0.0720277
0.0720537
0.0718905
0.0715421
0.071014
0.0703131
0.0694476
0.0684268
0.067261
0.0659613
0.0645395
0.0630077
0.0613778
0.0596601
0.0578642
0.0560107
0.0541161
0.0520196
0.0495793
0.0196661
0.0167871
0.0143667
0.0122348
0.0101931
0.00825589
0.00644107
0.00475285
0.00319605
0.00177703
0.000502265
-0.000622001
-0.00158985
-0.00239589
-0.00303541
-0.00350441
-0.00379974
-0.00391908
-0.00386104
-0.00362511
-0.00321169
-0.00262207
-0.00185843
-0.000923801
0.000177962
0.00144217
0.00286336
0.00443528
0.00615098
0.00800277
0.00998232
0.0120806
0.0142881
0.0165945
0.0189891
0.0214608
0.0239976
0.0265876
0.0292181
0.0318764
0.0345492
0.0372231
0.0398847
0.0425203
0.0451163
0.0476589
0.0501347
0.0525305
0.0548333
0.0570304
0.0591097
0.0610598
0.0628696
0.0645292
0.0660292
0.0673612
0.0685181
0.0694935
0.0702827
0.0708817
0.0712882
0.0715012
0.0715209
0.071349
0.0709884
0.0704438
0.0697208
0.0688263
0.0677682
0.0665552
0.0651967
0.0637028
0.0620837
0.0603492
0.0585079
0.0565672
0.0545474
0.0524648
0.0501361
0.0474015
0.0215748
0.0184027
0.0157504
0.0134305
0.0112224
0.00914003
0.00720112
0.00540793
0.00376321
0.00227136
0.000936937
-0.000235663
-0.00124226
-0.00207909
-0.0027429
-0.00323106
-0.00354158
-0.00367325
-0.0036256
-0.00339893
-0.00299431
-0.00241362
-0.00165947
-0.000735274
0.000354836
0.00160598
0.00301256
0.0045683
0.00626622
0.00809871
0.0100575
0.0121338
0.0143181
0.0166005
0.0189704
0.0214168
0.0239281
0.0264927
0.029098
0.0317315
0.0343804
0.0370313
0.0396711
0.0422862
0.0448631
0.0473884
0.0498487
0.0522307
0.0545217
0.0567088
0.0587801
0.0607238
0.0625291
0.0641855
0.0656835
0.0670147
0.0681714
0.0691469
0.0699358
0.0705339
0.0709382
0.0711469
0.0711596
0.0709771
0.0706015
0.0700361
0.0692857
0.0683558
0.0672532
0.0659851
0.0645596
0.0629851
0.0612702
0.0594232
0.0574511
0.0553597
0.0531697
0.0508975
0.0483384
0.0453158
0.0233311
0.0198729
0.0169922
0.0144847
0.0121087
0.00987811
0.00781085
0.00590756
0.00416923
0.00259861
0.00119857
-2.81093e-05
-0.0010788
-0.00195121
-0.00264345
-0.00315411
-0.00348238
-0.00362804
-0.00359152
-0.00337391
-0.00297696
-0.00240311
-0.00165546
-0.000737791
0.000345451
0.00158916
0.00298759
0.00453435
0.00622245
0.00804429
0.00999168
0.0120559
0.0142275
0.0164968
0.0188533
0.0212863
0.0237844
0.0263359
0.0289288
0.0315506
0.0341885
0.0368296
0.0394607
0.0420685
0.0446395
0.0471603
0.0496177
0.0519984
0.0542895
0.0564783
0.0585526
0.0605005
0.062311
0.0639734
0.065478
0.0668159
0.0679789
0.0689602
0.0697536
0.0703545
0.070759
0.0709649
0.0709709
0.070777
0.0703844
0.0697954
0.0690136
0.0680435
0.0668907
0.0655614
0.0640621
0.0624002
0.0605827
0.058617
0.0565086
0.0542623
0.0518992
0.0494364
0.0466488
0.0433439
0.0249128
0.0211749
0.0180692
0.0153751
0.0128305
0.0104498
0.00825121
0.00623407
0.0043979
0.002744
0.00127382
-1.13021e-05
-0.00111014
-0.00202171
-0.00274538
-0.00328092
-0.00362857
-0.00378906
-0.0037637
-0.00355434
-0.00316339
-0.00259385
-0.00184931
-0.000933963
0.000147431
0.00138952
0.00278636
0.00433145
0.00601772
0.00783755
0.00978276
0.0118447
0.014014
0.016281
0.0186355
0.0210667
0.0235636
0.0261145
0.0287075
0.0313303
0.0339702
0.0366145
0.03925
0.0418634
0.0444414
0.0469706
0.0494377
0.0518294
0.0541326
0.0563347
0.0584231
0.060386
0.0622117
0.0638896
0.0654094
0.0667619
0.0679385
0.0689317
0.069735
0.0703428
0.070751
0.0709563
0.0709568
0.0707516
0.0703412
0.0697268
0.0689109
0.0678972
0.0666901
0.0652946
0.0637165
0.0619617
0.0600365
0.0579471
0.0556981
0.0532934
0.0507552
0.0481012
0.045087
0.0415045
0.0263001
0.0222881
0.0189604
0.0160809
0.0133677
0.0108357
0.00850387
0.00637024
0.00443317
0.00269273
0.0011491
-0.000197632
-0.0013475
-0.00230073
-0.00305784
-0.00361968
-0.00398747
-0.00416287
-0.00414801
-0.00394546
-0.0035583
-0.00299008
-0.0022449
-0.00132733
-0.000242497
0.00100398
0.00240597
0.00395679
0.0056493
0.00747579
0.00942808
0.0114975
0.0136748
0.0159503
0.0183139
0.020755
0.0232625
0.025825
0.0284305
0.031067
0.0337218
0.0363821
0.0390349
0.0416669
0.0442648
0.0468152
0.0493046
0.0517196
0.0540472
0.0562742
0.0583882
0.0603767
0.0622281
0.0639312
0.0654753
0.0668507
0.0680485
0.0690604
0.0698794
0.0704994
0.0709152
0.0711231
0.0711202
0.0709049
0.0704768
0.0698363
0.068985
0.0679253
0.0666609
0.0651959
0.0635349
0.0616832
0.0596462
0.0574293
0.0550362
0.0524707
0.0497556
0.04691
0.0436705
0.0398139
0.0274748
0.0231933
0.0196465
0.0165828
0.0137013
0.0110175
0.00855104
0.00629919
0.00425914
0.00242992
0.000810599
-0.000599873
-0.00180265
-0.00279906
-0.00359068
-0.00417936
-0.00456726
-0.00475691
-0.0047512
-0.00455344
-0.00416732
-0.00359697
-0.00284697
-0.00192231
-0.000828456
0.000428677
0.00184272
0.00340684
0.00511373
0.00695563
0.0089243
0.011011
0.0132066
0.0155014
0.0178852
0.0203477
0.0228777
0.0254638
0.0280943
0.030757
0.0334393
0.0361285
0.0388116
0.0414751
0.0441058
0.0466901
0.0492144
0.0516653
0.0540294
0.0562934
0.0584444
0.0604698
0.0623575
0.0640958
0.0656737
0.067081
0.068308
0.069346
0.0701873
0.070825
0.0712535
0.0714679
0.0714647
0.0712415
0.0707969
0.0701306
0.0692434
0.0681367
0.0668132
0.0652763
0.0635298
0.0615781
0.0594261
0.0570787
0.054539
0.0518103
0.0489169
0.0458792
0.0424152
0.0382867
0.0284199
0.0238726
0.020109
0.0168623
0.0138129
0.0109771
0.00837544
0.0060043
0.00386
0.00194062
0.000244257
-0.00123116
-0.00248782
-0.00352805
-0.0043544
-0.00496967
-0.00537689
-0.0055794
-0.00558087
-0.00538527
-0.00499693
-0.00442052
-0.00366111
-0.00272412
-0.00161536
-0.000341057
0.00109218
0.00267732
0.00440691
0.00627306
0.00826745
0.0103813
0.0126055
0.0149302
0.0173455
0.0198408
0.022405
0.0250269
0.0276947
0.0303961
0.0331188
0.0358497
0.0385759
0.0412839
0.0439603
0.0465914
0.0491635
0.0516628
0.0540758
0.0563889
0.0585887
0.0606624
0.0625974
0.0643815
0.0660033
0.0674517
0.0687167
0.0697888
0.0706597
0.0713217
0.0717684
0.0719942
0.0719947
0.0717666
0.0713078
0.0706172
0.0696945
0.0685407
0.0671574
0.0655472
0.0637134
0.0616597
0.0593905
0.0569101
0.0542216
0.0513279
0.0482548
0.0450241
0.0413356
0.0369363
0.0291194
0.0243091
0.0203303
0.0169016
0.0136848
0.0106972
0.00796005
0.00546914
0.00321996
0.00120977
-0.000564218
-0.002105
-0.0034157
-0.00449959
-0.00536013
-0.00600097
-0.006426
-0.00663934
-0.00664537
-0.00644874
-0.00605439
-0.00546753
-0.0046937
-0.00373876
-0.00260888
-0.0013106
0.000149206
0.00176329
0.00352404
0.00542341
0.007453
0.00960396
0.011867
0.0142325
0.0166904
0.0192299
0.0218403
0.0245101
0.0272274
0.0299802
0.0327558
0.0355413
0.0383236
0.0410891
0.0438243
0.0465152
0.049148
0.0517086
0.0541831
0.0565576
0.0588185
0.0609523
0.062946
0.0647869
0.0664629
0.0679625
0.0692748
0.0703898
0.0712982
0.0719917
0.0724631
0.072706
0.0727151
0.0724863
0.0720165
0.0713039
0.0703475
0.0691473
0.0677043
0.0660205
0.0640985
0.0619414
0.0595533
0.0569383
0.0540991
0.0510387
0.0477844
0.0443595
0.0404457
0.0357753
0.0295577
0.0244861
0.0202934
0.0166835
0.0132999
0.0101606
0.00728806
0.00467733
0.00232317
0.000222128
-0.0016294
-0.00323526
-0.00459945
-0.00572611
-0.00661955
-0.00728426
-0.00772493
-0.00794641
-0.00795379
-0.00775238
-0.00734769
-0.0067455
-0.00595182
-0.00497293
-0.00381538
-0.00248602
-0.00099201
0.00065918
0.00245973
0.00440146
0.00647583
0.00867391
0.0109864
0.0134034
0.015915
0.0185104
0.0211787
0.0239085
0.0266878
0.0295045
0.0323458
0.0351989
0.0380503
0.0408865
0.0436936
0.0464575
0.0491641
0.051799
0.054348
0.0567967
0.0591312
0.0613373
0.0634017
0.0653109
0.0670522
0.0686135
0.0699831
0.0711503
0.0721051
0.0728382
0.0733416
0.0736081
0.0736316
0.0734071
0.0729305
0.0721993
0.0712116
0.0699669
0.0684654
0.0667083
0.0646979
0.0624368
0.0599287
0.0571777
0.0541863
0.0509574
0.0475202
0.0438996
0.0397589
0.0348158
0.0297195
0.0243875
0.0199818
0.0161911
0.012641
0.00935045
0.00634272
0.00361244
0.00115367
-0.00103775
-0.00296615
-0.00463618
-0.00605265
-0.00722053
-0.00814493
-0.00883115
-0.00928462
-0.00951094
-0.00951588
-0.00930538
-0.00888554
-0.00826267
-0.00744326
-0.00643402
-0.00524189
-0.00387403
-0.00233789
-0.000641204
0.00120801
0.00320142
0.00533032
0.00758568
0.00995806
0.0124377
0.0150142
0.0176771
0.0204152
0.0232171
0.0260709
0.0289641
0.0318841
0.0348177
0.0377515
0.0406716
0.043564
0.0464143
0.0492081
0.0519306
0.0545673
0.0571034
0.0595243
0.0618155
0.0639629
0.0659525
0.0677708
0.069405
0.0708428
0.0720724
0.0730831
0.0738648
0.0744084
0.074706
0.0747505
0.0745361
0.074058
0.0733124
0.072297
0.0710104
0.0694523
0.0676232
0.0655249
0.0631598
0.0605312
0.0576431
0.054498
0.051099
0.0474769
0.0436584
0.0392886
0.0340699
0.0295896
0.0239974
0.0193786
0.0154075
0.0116912
0.00824964
0.00510718
0.00225792
-0.00030475
-0.00258562
-0.00458971
-0.00632244
-0.00778938
-0.00899629
-0.00994909
-0.0106538
-0.0111167
-0.0113439
-0.011342
-0.0111176
-0.0106773
-0.0100279
-0.00917643
-0.00813004
-0.00689603
-0.00548192
-0.00389544
-0.00214459
-0.000237608
0.00181699
0.00401035
0.0063333
0.0087763
0.0113294
0.0139824
0.0167244
0.0195444
0.0224308
0.0253714
0.028354
0.0313656
0.0343929
0.0374224
0.0404399
0.0434311
0.0463815
0.0492761
0.0521
0.054838
0.0574749
0.0599956
0.0623851
0.0646285
0.0667112
0.0686189
0.070338
0.0718553
0.0731583
0.0742353
0.0750753
0.0756684
0.0760055
0.0760788
0.0758814
0.0754076
0.0746531
0.0736144
0.0722895
0.0706775
0.0687784
0.0665934
0.0641247
0.0613755
0.0583496
0.0550495
0.0514785
0.0476694
0.0436504
0.0390481
0.0335497
0.0291526
0.0232995
0.0184674
0.0143157
0.0104333
0.00684109
0.00356444
0.000596965
-0.00206857
-0.00443755
-0.00651569
-0.00830911
-0.00982416
-0.0110674
-0.0120454
-0.012765
-0.0132332
-0.0134569
-0.0134433
-0.0131995
-0.0127328
-0.0120506
-0.0111603
-0.0100696
-0.008786
-0.00731753
-0.0056722
-0.00385824
-0.00188413
0.000241394
0.00250933
0.00491037
0.00743483
0.0100727
0.0128135
0.0156466
0.0185605
0.0215437
0.024584
0.0276688
0.0307851
0.0339195
0.0370581
0.0401866
0.0432905
0.0463548
0.0493643
0.0523035
0.0551569
0.0579086
0.0605431
0.0630445
0.0653975
0.0675866
0.0695968
0.0714135
0.0730226
0.0744109
0.0755655
0.0764745
0.0771271
0.0775131
0.0776237
0.0774512
0.0769889
0.0762315
0.0751749
0.0738162
0.0721539
0.0701875
0.0679177
0.0653465
0.0624768
0.0593125
0.0558562
0.0521114
0.0481126
0.0438901
0.0390513
0.0332679
0.0283929
0.0222775
0.0172313
0.0128986
0.00884999
0.00510739
0.00169716
-0.00138757
-0.00415464
-0.00661005
-0.00876015
-0.0106118
-0.0121721
-0.0134482
-0.0144477
-0.0151781
-0.015647
-0.0158621
-0.0158313
-0.0155622
-0.0150628
-0.0143409
-0.0134045
-0.0122617
-0.0109205
-0.00938924
-0.00767617
-0.00578985
-0.003739
-0.00153255
0.000820308
0.00331011
0.00592705
0.00866098
0.0115014
0.0144373
0.0174574
0.02055
0.0237026
0.0269027
0.0301371
0.033392
0.0366535
0.039907
0.0431376
0.04633
0.0494687
0.0525376
0.0555208
0.0584018
0.0611644
0.0637922
0.066269
0.0685785
0.0707049
0.0726327
0.074347
0.0758331
0.0770776
0.0780674
0.0787905
0.0792358
0.0793935
0.0792548
0.078812
0.0780589
0.0769906
0.0756035
0.0738952
0.0718649
0.0695128
0.0668406
0.063851
0.0605481
0.0569344
0.0530137
0.0488224
0.0443927
0.0393125
0.0332378
0.0272945
0.0209147
0.0156529
0.0111386
0.00692355
0.00303076
-0.000512386
-0.00371325
-0.00658028
-0.00912008
-0.0113397
-0.0132466
-0.0148486
-0.0161539
-0.0171706
-0.017907
-0.0183714
-0.0185723
-0.0185181
-0.0182172
-0.0176781
-0.0169093
-0.0159191
-0.0147161
-0.0133088
-0.0117058
-0.0099158
-0.00794755
-0.00581004
-0.00351242
-0.00106407
0.00152539
0.00424601
0.00708752
0.0100393
0.0130902
0.0162289
0.0194435
0.0227215
0.0260501
0.0294159
0.0328051
0.0362034
0.039596
0.0429676
0.0463027
0.0495852
0.0527987
0.0559266
0.0589519
0.0618577
0.0646268
0.0672422
0.0696869
0.0719442
0.0739975
0.0758308
0.0774286
0.0787761
0.0798593
0.0806651
0.0811813
0.0813967
0.0813017
0.0808875
0.080147
0.0790743
0.0776649
0.075916
0.0738259
0.0713947
0.0686234
0.065515
0.0620733
0.0583011
0.0542023
0.0498153
0.0451743
0.0398472
0.0334733
0.0258407
0.0191936
0.0137145
0.00901757
0.00463573
0.00059291
-0.00308243
-0.00639815
-0.00936333
-0.0119852
-0.0142713
-0.0162301
-0.0178701
-0.0192001
-0.0202291
-0.0209661
-0.0214202
-0.0216006
-0.0215164
-0.0211767
-0.0205904
-0.0197667
-0.0187146
-0.0174428
-0.0159605
-0.0142765
-0.0123999
-0.0103398
-0.00810543
-0.00570611
-0.00315144
-0.000451202
0.00238451
0.00534529
0.00842038
0.0115986
0.0148684
0.0182178
0.0216342
0.0251047
0.0286156
0.032153
0.0357023
0.0392484
0.0427758
0.0462684
0.0497098
0.0530831
0.0563711
0.0595562
0.0626207
0.0655468
0.0683165
0.0709119
0.0733154
0.0755094
0.0774768
0.0792009
0.0806659
0.0818563
0.082758
0.0833575
0.0836426
0.0836023
0.083227
0.0825082
0.0814393
0.0800149
0.0782314
0.0760866
0.0735799
0.0707122
0.0674863
0.063906
0.0599741
0.0556949
0.0511088
0.0462519
0.0406713
0.0339897
0.0240142
0.0170964
0.0113978
0.00651695
0.00196771
-0.00222505
-0.00603183
-0.00946098
-0.0125222
-0.0152234
-0.0175729
-0.0195797
-0.0212532
-0.022603
-0.0236388
-0.0243705
-0.0248079
-0.024961
-0.0248395
-0.0244532
-0.0238117
-0.0229248
-0.0218018
-0.0204522
-0.0188854
-0.0171108
-0.0151376
-0.0129754
-0.0106336
-0.00812175
-0.00544966
-0.00262729
0.000335133
0.00342708
0.00663767
0.00995564
0.0133693
0.0168665
0.0204346
0.0240604
0.0277303
0.03143
0.0351447
0.038859
0.042557
0.0462224
0.0498381
0.0533869
0.0568509
0.0602119
0.0634514
0.0665508
0.0694912
0.0722538
0.0748198
0.0771706
0.0792881
0.0811543
0.0827519
0.0840645
0.0850765
0.0857731
0.086141
0.0861677
0.0858425
0.0851559
0.0841001
0.0826689
0.0808578
0.0786639
0.0760863
0.0731253
0.0697836
0.0660651
0.0619725
0.0575105
0.0527216
0.0476437
0.0418026
0.0348034
0.0217969
0.0146044
0.00868358
0.00361732
-0.00110007
-0.00544275
-0.00938014
-0.0129212
-0.0160762
-0.0188537
-0.0212628
-0.0233133
-0.0250154
-0.0263794
-0.0274159
-0.0281357
-0.0285494
-0.0286676
-0.0285009
-0.0280598
-0.0273545
-0.0263952
-0.0251921
-0.0237551
-0.022094
-0.0202185
-0.0181384
-0.0158633
-0.0134032
-0.0107677
-0.00796677
-0.00501065
-0.00190966
0.00132554
0.00468398
0.00815428
0.0117246
0.0153828
0.019116
0.022911
0.0267538
0.0306302
0.0345249
0.0384224
0.0423063
0.04616
0.049966
0.0537064
0.0573628
0.0609163
0.0643477
0.0676374
0.0707657
0.0737126
0.0764584
0.0789833
0.0812679
0.0832929
0.0850398
0.0864907
0.0876286
0.0884374
0.0889023
0.0890096
0.0887471
0.0881042
0.087072
0.0856433
0.0838125
0.0815762
0.0789328
0.0758823
0.0724271
0.068571
0.0643169
0.0596695
0.0546736
0.0493692
0.0432597
0.0359322
0.01917
0.0116981
0.00555195
0.000298449
-0.00458801
-0.00908063
-0.0131478
-0.0167989
-0.0200451
-0.0228956
-0.0253602
-0.0274496
-0.0291747
-0.0305468
-0.0315774
-0.0322781
-0.0326602
-0.0327354
-0.0325149
-0.0320099
-0.0312314
-0.0301903
-0.0288971
-0.0273624
-0.0255965
-0.0236095
-0.0214116
-0.0190127
-0.0164229
-0.0136522
-0.0107109
-0.00760913
-0.00435749
-0.000966712
0.00255211
0.00618752
0.00992763
0.0137601
0.017672
0.02165
0.02568
0.0297475
0.0338371
0.037933
0.0420185
0.0460764
0.0500889
0.0540376
0.0579033
0.0616666
0.0653074
0.0688052
0.0721393
0.0752888
0.0782326
0.0809498
0.0834196
0.0856214
0.0875353
0.089142
0.0904227
0.09136
0.0919376
0.0921403
0.0919544
0.0913682
0.0903713
0.0889554
0.087114
0.0848429
0.0821397
0.0790041
0.075438
0.0714453
0.0670289
0.0621937
0.0569866
0.0514497
0.0450632
0.0373954
0.0161135
0.00835697
0.00198195
-0.00346087
-0.00851747
-0.0131601
-0.017356
-0.0211154
-0.0244499
-0.0273697
-0.0298852
-0.032008
-0.03375
-0.0351235
-0.0361407
-0.0368142
-0.0371564
-0.0371796
-0.0368959
-0.0363174
-0.0354557
-0.0343223
-0.0329285
-0.0312854
-0.0294037
-0.0272941
-0.0249669
-0.0224326
-0.0197015
-0.0167839
-0.0136901
-0.0104305
-0.00701589
-0.00345702
0.00023491
0.00404838
0.00797144
0.0119916
0.016096
0.0202711
0.0245027
0.028776
0.0330757
0.0373854
0.0416883
0.0459667
0.0502024
0.0543764
0.058469
0.06246
0.0663284
0.0700528
0.0736116
0.0769826
0.0801437
0.0830725
0.0857468
0.0881447
0.0902447
0.0920257
0.0934677
0.0945513
0.0952587
0.095573
0.0954792
0.0949638
0.0940152
0.0926238
0.0907821
0.0884847
0.0857286
0.082513
0.0788394
0.0747116
0.0701323
0.0651066
0.0596838
0.053908
0.0472352
0.0392143
0.0126065
0.00455941
-0.00204842
-0.00768291
-0.0129109
-0.0177036
-0.0220273
-0.0258927
-0.0293124
-0.0322972
-0.0348585
-0.0370088
-0.0387609
-0.0401282
-0.0411239
-0.0417615
-0.0420544
-0.0420159
-0.0416589
-0.0409963
-0.0400406
-0.0388039
-0.0372983
-0.0355353
-0.0335262
-0.0312821
-0.0288139
-0.0261322
-0.0232477
-0.0201709
-0.0169123
-0.0134825
-0.0098923
-0.00615259
-0.00227462
0.00173004
0.00584939
0.010071
0.0143817
0.018768
0.0232157
0.0277098
0.0322348
0.0367741
0.0413106
0.0458262
0.0503022
0.054719
0.0590565
0.0632935
0.0674083
0.0713787
0.0751819
0.0787945
0.0821931
0.0853539
0.0882534
0.0908679
0.0931743
0.0951499
0.0967729
0.0980222
0.098878
0.0993218
0.0993369
0.0989081
0.0980222
0.0966684
0.0948377
0.0925239
0.0897229
0.0864332
0.082656
0.0783948
0.0736523
0.0684337
0.0627905
0.056769
0.0498
0.041412
0.00862696
0.000282667
-0.00656238
-0.0123912
-0.0177919
-0.0227348
-0.0271851
-0.0311541
-0.0346554
-0.0377006
-0.040302
-0.0424731
-0.0442279
-0.0455807
-0.0465458
-0.0471379
-0.0473714
-0.0472604
-0.0468191
-0.0460611
-0.0449997
-0.0436479
-0.0420183
-0.0401232
-0.0379745
-0.0355836
-0.0329619
-0.0301204
-0.0270699
-0.0238214
-0.0203853
-0.0167725
-0.0129939
-0.00906034
-0.00498322
-0.00077409
0.00355505
0.0079917
0.0125228
0.0171348
0.0218132
0.0265432
0.0313089
0.0360937
0.0408801
0.0456499
0.0503836
0.0550613
0.0596621
0.0641643
0.0685452
0.0727816
0.0768496
0.0807248
0.0843822
0.0877967
0.0909431
0.0937961
0.0963309
0.0985228
0.100348
0.101784
0.102809
0.103401
0.103544
0.103219
0.102412
0.10111
0.0993035
0.0969842
0.0941473
0.0907905
0.0869144
0.0825223
0.0776166
0.0722026
0.0663342
0.0600599
0.0527841
0.044014
0.00415142
-0.00449731
-0.0115845
-0.0176105
-0.0231855
-0.0282787
-0.0328542
-0.0369242
-0.0405032
-0.0436034
-0.0462386
-0.0484231
-0.0501722
-0.0515012
-0.0524259
-0.0529618
-0.0531247
-0.0529297
-0.052392
-0.0515262
-0.0503466
-0.0488669
-0.0471005
-0.0450604
-0.042759
-0.0402083
-0.03742
-0.0344056
-0.0311762
-0.0277428
-0.0241163
-0.0203075
-0.0163273
-0.0121868
-0.00789722
-0.00347019
0.00108234
0.00574792
0.0105135
0.0153655
0.0202895
0.0252705
0.0302926
0.035339
0.040392
0.045433
0.0504423
0.0553993
0.0602825
0.0650694
0.0697367
0.07426
0.0786143
0.0827739
0.0867126
0.0904037
0.0938201
0.096935
0.0997215
0.102153
0.104204
0.105849
0.107064
0.107828
0.108118
0.107916
0.107206
0.105972
0.104204
0.101891
0.0990288
0.0956129
0.0916435
0.0871234
0.0820549
0.0764432
0.0703447
0.0638101
0.0562161
0.0470479
-0.000844814
-0.00980601
-0.0171407
-0.0233672
-0.0291181
-0.0343617
-0.039061
-0.0432289
-0.046881
-0.0500305
-0.0526923
-0.054882
-0.056616
-0.0579111
-0.0587842
-0.0592523
-0.0593323
-0.0590405
-0.0583933
-0.0574063
-0.0560949
-0.0544736
-0.0525566
-0.0503577
-0.0478897
-0.0451655
-0.042197
-0.0389961
-0.0355742
-0.0319425
-0.0281121
-0.0240938
-0.0198987
-0.0155378
-0.0110224
-0.00636391
-0.00157428
0.00333414
0.0083484
0.0134549
0.0186394
0.0238866
0.0291808
0.034505
0.0398414
0.0451711
0.050474
0.0557291
0.0609142
0.0660061
0.0709806
0.0758124
0.0804754
0.0849425
0.089186
0.0931776
0.0968886
0.10029
0.103353
0.10605
0.108351
0.11023
0.11166
0.112617
0.113077
0.11302
0.112426
0.111278
0.109564
0.107273
0.104396
0.10093
0.0968742
0.09223
0.0869995
0.0811881
0.0748545
0.0680518
0.0601276
0.0505442
-0.00638797
-0.0156705
-0.0232588
-0.0296892
-0.0356179
-0.0410119
-0.0458332
-0.0500956
-0.0538157
-0.057008
-0.0596884
-0.061874
-0.0635826
-0.0648323
-0.0656417
-0.066029
-0.0660125
-0.0656099
-0.0648389
-0.0637161
-0.0622581
-0.0604803
-0.058398
-0.0560254
-0.0533763
-0.0504639
-0.0473008
-0.0438991
-0.0402706
-0.0364267
-0.0323786
-0.0281372
-0.0237136
-0.0191188
-0.0143638
-0.00946019
-0.00441967
0.000745521
0.00602261
0.0113981
0.0168579
0.0223867
0.0279688
0.0335872
0.0392239
0.0448598
0.0504747
0.0560469
0.0615539
0.0669715
0.0722748
0.0774375
0.0824323
0.0872308
0.0918039
0.0961214
0.100153
0.103868
0.107234
0.110222
0.1128
0.11494
0.116611
0.117787
0.118442
0.118552
0.118096
0.117055
0.115413
0.113158
0.110281
0.106776
0.10264
0.0978765
0.0924856
0.0864726
0.0798989
0.07282
0.064553
0.0545362
-0.0125059
-0.0221197
-0.0299681
-0.0366065
-0.0427148
-0.0482593
-0.0532006
-0.0575535
-0.0613358
-0.0645634
-0.0672534
-0.0694245
-0.0710961
-0.0722878
-0.0730198
-0.0733119
-0.0731839
-0.0726552
-0.0717446
-0.0704701
-0.0688494
-0.0668992
-0.0646355
-0.0620734
-0.0592275
-0.0561116
-0.0527386
-0.0491213
-0.0452716
-0.041201
-0.036921
-0.0324425
-0.0277764
-0.0229338
-0.0179256
-0.0127631
-0.00745788
-0.00202194
0.00353213
0.0091911
0.0149409
0.0207667
0.0266525
0.0325814
0.0385354
0.0444953
0.0504406
0.0563493
0.0621983
0.0679629
0.0736172
0.0791339
0.0844846
0.0896396
0.094568
0.0992381
0.103618
0.107673
0.111372
0.11468
0.117564
0.119993
0.121934
0.123356
0.124232
0.124535
0.124241
0.123329
0.12178
0.119579
0.116716
0.113184
0.108978
0.104101
0.0985513
0.0923353
0.0855166
0.0781531
0.0695299
0.0590602
-0.0192283
-0.0291843
-0.0373002
-0.0441508
-0.0504409
-0.0561357
-0.0611946
-0.0656335
-0.0694716
-0.072726
-0.0754155
-0.0775604
-0.0791818
-0.0803013
-0.0809406
-0.0811216
-0.0808657
-0.0801937
-0.0791262
-0.0776826
-0.0758818
-0.0737418
-0.0712794
-0.0685109
-0.0654515
-0.0621156
-0.0585168
-0.0546682
-0.0505819
-0.0462697
-0.0417431
-0.0370131
-0.0320905
-0.0269861
-0.0217108
-0.0162757
-0.0106919
-0.00497129
0.000873878
0.00683064
0.0128852
0.019023
0.0252282
0.031484
0.0377724
0.0440741
0.0503684
0.0566332
0.0628447
0.0689778
0.0750058
0.0809003
0.0866318
0.0921692
0.09748
0.102531
0.107287
0.111713
0.115774
0.119433
0.122655
0.125404
0.127644
0.129344
0.130471
0.130995
0.13089
0.130131
0.128697
0.12657
0.123739
0.120193
0.115927
0.110943
0.105238
0.0988183
0.0917497
0.0840929
0.0750994
0.064156
-0.0265869
-0.0368973
-0.0452889
-0.0523564
-0.0588306
-0.0646754
-0.0698491
-0.0743689
-0.0782551
-0.0815267
-0.0842041
-0.0863096
-0.0878661
-0.0888974
-0.0894272
-0.0894792
-0.0890768
-0.0882429
-0.0869994
-0.0853675
-0.0833676
-0.0810187
-0.0783391
-0.0753459
-0.0720551
-0.0684819
-0.0646404
-0.0605439
-0.0562051
-0.0516358
-0.0468475
-0.0418512
-0.0366577
-0.0312775
-0.0257212
-0.0199996
-0.0141235
-0.00810438
-0.00195415
0.00431461
0.0106885
0.0171532
0.0236933
0.0302922
0.0369319
0.0435932
0.0502552
0.0568957
0.0634906
0.0700141
0.0764388
0.0827356
0.0888736
0.0948203
0.100542
0.106003
0.111166
0.115995
0.12045
0.124493
0.128085
0.131187
0.133762
0.135771
0.137181
0.137958
0.13807
0.137492
0.136198
0.134168
0.131388
0.127844
0.123531
0.118447
0.112592
0.105967
0.0986443
0.0906852
0.0813064
0.0698674
-0.0346156
-0.045294
-0.0539704
-0.0612602
-0.0679209
-0.0739152
-0.0792005
-0.083795
-0.0877208
-0.0909986
-0.0936508
-0.0957017
-0.0971768
-0.0981018
-0.0985029
-0.0984061
-0.0978368
-0.0968199
-0.0953793
-0.0935382
-0.0913181
-0.0887399
-0.0858229
-0.0825853
-0.079044
-0.0752149
-0.0711127
-0.0667511
-0.062143
-0.0573006
-0.0522351
-0.0469575
-0.0414784
-0.0358081
-0.0299568
-0.0239349
-0.0177529
-0.0114217
-0.00495261
0.00164212
0.00834962
0.015156
0.0220462
0.029004
0.0360118
0.0430502
0.0500987
0.0571346
0.0641337
0.0710699
0.0779149
0.0846388
0.0912096
0.0975935
0.103755
0.109656
0.115259
0.120523
0.125407
0.12987
0.133868
0.13736
0.140304
0.14266
0.144387
0.14545
0.145814
0.145446
0.144321
0.142413
0.139705
0.136182
0.131836
0.126663
0.120661
0.113833
0.106251
0.0979801
0.0882004
0.076242
-0.0433508
-0.0544126
-0.063384
-0.0709019
-0.0777517
-0.0838949
-0.0892878
-0.0939499
-0.0979053
-0.101177
-0.103789
-0.105768
-0.107143
-0.107941
-0.108192
-0.107924
-0.107165
-0.105942
-0.104281
-0.102207
-0.0997441
-0.0969141
-0.0937377
-0.0902344
-0.0864221
-0.0823173
-0.0779354
-0.0732906
-0.0683958
-0.0632634
-0.0579047
-0.0523305
-0.046551
-0.0405763
-0.034416
-0.0280802
-0.0215787
-0.0149219
-0.00812061
-0.00118626
0.00586877
0.0130312
0.0202864
0.0276187
0.0350109
0.0424439
0.0498971
0.0573481
0.0647724
0.0721435
0.0794327
0.0866091
0.0936399
0.10049
0.107121
0.113496
0.119571
0.125306
0.130655
0.135574
0.140017
0.143938
0.147291
0.150031
0.152116
0.153503
0.154153
0.154031
0.153105
0.151348
0.148737
0.145256
0.140892
0.135642
0.1295
0.122469
0.114624
0.106033
0.0958352
0.0833322
-0.0528318
-0.0642943
-0.0735723
-0.0813247
-0.0883663
-0.0946576
-0.100153
-0.104875
-0.108848
-0.112099
-0.114653
-0.116541
-0.117794
-0.118443
-0.118519
-0.118055
-0.11708
-0.115625
-0.113718
-0.111386
-0.108655
-0.105548
-0.102089
-0.098297
-0.0941915
-0.08979
-0.0851083
-0.0801609
-0.0749613
-0.0695216
-0.0638532
-0.0579666
-0.0518717
-0.0455781
-0.0390951
-0.0324318
-0.0255976
-0.0186021
-0.0114554
-0.00416826
0.00324777
0.01078
0.0184147
0.0261367
0.0339291
0.0417736
0.0496498
0.0575352
0.0654055
0.0732339
0.0809913
0.0886461
0.0961643
0.10351
0.110643
0.117523
0.124107
0.130349
0.136202
0.141617
0.146546
0.150938
0.154742
0.157911
0.160394
0.162146
0.163123
0.163284
0.162593
0.161019
0.158533
0.155117
0.150756
0.145442
0.139168
0.131936
0.123824
0.114903
0.10427
0.0911955
-0.063101
-0.0749839
-0.0845815
-0.0925756
-0.0998121
-0.10625
-0.111843
-0.116614
-0.120592
-0.123804
-0.126281
-0.128056
-0.129162
-0.129635
-0.12951
-0.128821
-0.127602
-0.125886
-0.123704
-0.121085
-0.118058
-0.114648
-0.11088
-0.106774
-0.102352
-0.0976312
-0.0926283
-0.0873582
-0.0818346
-0.0760697
-0.0700746
-0.0638597
-0.0574343
-0.0508074
-0.0439877
-0.0369837
-0.0298038
-0.022457
-0.0149523
-0.00729968
0.000490221
0.00840564
0.0164336
0.0245597
0.0327678
0.0410402
0.0493568
0.0576958
0.0660327
0.0743406
0.0825902
0.0907493
0.0987831
0.106654
0.114321
0.121742
0.128871
0.135659
0.142056
0.148011
0.15347
0.158378
0.16268
0.166322
0.169251
0.171413
0.172761
0.173248
0.172831
0.171475
0.169148
0.165824
0.161487
0.156125
0.14973
0.142301
0.133919
0.124657
0.11357
0.0998949
-0.0742048
-0.0865305
-0.0964622
-0.104706
-0.11214
-0.118723
-0.124406
-0.129215
-0.133182
-0.136337
-0.138714
-0.140349
-0.141281
-0.141548
-0.14119
-0.140244
-0.138748
-0.136739
-0.13425
-0.131313
-0.12796
-0.124217
-0.120111
-0.115666
-0.110901
-0.105837
-0.10049
-0.0948757
-0.0890082
-0.0828994
-0.0765603
-0.0700007
-0.0632295
-0.056255
-0.0490851
-0.0417273
-0.0341894
-0.026479
-0.0186043
-0.0105742
-0.00239825
0.00591283
0.0143471
0.022891
0.0315295
0.0402455
0.0490197
0.0578306
0.0666541
0.0754635
0.0842293
0.0929189
0.101497
0.109924
0.118158
0.126156
0.133867
0.141242
0.148228
0.154767
0.160802
0.166275
0.171125
0.175292
0.178716
0.18134
0.183107
0.183966
0.183869
0.182772
0.180639
0.177439
0.173151
0.167761
0.161256
0.153635
0.14498
0.135368
0.123807
0.1095
-0.0861935
-0.0989875
-0.10927
-0.117773
-0.125408
-0.132133
-0.137898
-0.142732
-0.146669
-0.149743
-0.151993
-0.15346
-0.154185
-0.154212
-0.153585
-0.152346
-0.150537
-0.148198
-0.145366
-0.142077
-0.138364
-0.134256
-0.129782
-0.124967
-0.119832
-0.114398
-0.108684
-0.102703
-0.0964711
-0.0899992
-0.0832982
-0.0763774
-0.0692452
-0.0619089
-0.0543754
-0.0466514
-0.0387433
-0.0306578
-0.0224019
-0.0139831
-0.00540979
0.00330857
0.0121612
0.0211359
0.0302185
0.0393929
0.0486408
0.0579413
0.067271
0.0766034
0.0859091
0.0951551
0.104305
0.11332
0.122156
0.130766
0.139101
0.147106
0.154724
0.161895
0.168558
0.174648
0.180099
0.184846
0.188822
0.191962
0.194204
0.195488
0.195759
0.194967
0.193069
0.19003
0.185821
0.180425
0.173825
0.166018
0.157088
0.147116
0.13506
0.120086
-0.0991226
-0.112414
-0.123067
-0.131838
-0.139678
-0.146541
-0.152378
-0.15722
-0.161106
-0.164073
-0.166165
-0.167428
-0.167909
-0.167658
-0.166722
-0.165149
-0.162986
-0.160276
-0.157062
-0.153381
-0.149271
-0.144763
-0.139887
-0.13467
-0.129136
-0.123306
-0.117197
-0.110827
-0.104209
-0.0973539
-0.0902729
-0.0829743
-0.0754656
-0.0677535
-0.0598436
-0.0517413
-0.0434519
-0.0349805
-0.0263329
-0.0175151
-0.00853414
0.000602066
0.00988416
0.0193012
0.0288405
0.0384872
0.048224
0.058031
0.0678856
0.0777617
0.0876303
0.0974585
0.10721
0.116843
0.126315
0.135577
0.144575
0.153254
0.161553
0.169407
0.176751
0.183515
0.189626
0.195012
0.199601
0.203318
0.206094
0.207862
0.208558
0.208123
0.206509
0.20367
0.199575
0.194199
0.187523
0.179538
0.170333
0.159991
0.147417
0.131738
-0.113053
-0.126876
-0.13792
-0.146971
-0.155018
-0.162016
-0.167913
-0.172744
-0.176552
-0.179381
-0.181279
-0.182298
-0.182493
-0.181917
-0.180626
-0.178673
-0.176109
-0.172983
-0.169342
-0.165227
-0.160678
-0.155731
-0.150417
-0.144764
-0.138799
-0.132543
-0.126014
-0.119229
-0.112202
-0.104944
-0.0974647
-0.0897716
-0.0818715
-0.0737697
-0.0654709
-0.056979
-0.0482977
-0.0394308
-0.0303821
-0.0211562
-0.0117584
-0.00219505
0.00752624
0.0173962
0.0274035
0.0375349
0.0477745
0.0581037
0.0685007
0.0789406
0.0893945
0.09983
0.11021
0.120495
0.130638
0.140589
0.150293
0.159693
0.168722
0.177314
0.185396
0.192894
0.199728
0.205819
0.211087
0.215449
0.218827
0.221144
0.222327
0.222309
0.221031
0.218441
0.214499
0.209175
0.202443
0.194293
0.184813
0.174089
0.160973
0.144549
-0.128053
-0.142447
-0.153906
-0.163249
-0.171508
-0.178633
-0.184574
-0.189371
-0.193071
-0.195725
-0.197387
-0.198116
-0.197974
-0.197023
-0.195324
-0.192938
-0.189921
-0.186328
-0.182209
-0.177613
-0.17258
-0.167151
-0.161359
-0.155234
-0.148804
-0.14209
-0.135113
-0.127888
-0.120429
-0.112746
-0.10485
-0.0967455
-0.0884391
-0.0799346
-0.0712351
-0.062343
-0.0532603
-0.043989
-0.0345311
-0.0248893
-0.015067
-0.00506855
0.00510018
0.0154318
0.0259171
0.0365443
0.0472992
0.0581647
0.0691206
0.0801428
0.0912035
0.102271
0.113308
0.124275
0.135124
0.145804
0.156258
0.166426
0.176238
0.185624
0.194506
0.202802
0.210427
0.217295
0.223315
0.228396
0.23245
0.23539
0.237131
0.237597
0.236718
0.234432
0.230689
0.225453
0.218692
0.210389
0.200637
0.189522
0.175836
0.158622
-0.144199
-0.159207
-0.171112
-0.18076
-0.189232
-0.196477
-0.202445
-0.207179
-0.210735
-0.213169
-0.214545
-0.21493
-0.214394
-0.213009
-0.210842
-0.207961
-0.204432
-0.200314
-0.195663
-0.190532
-0.184967
-0.179009
-0.172696
-0.166059
-0.159127
-0.151923
-0.144467
-0.136774
-0.128859
-0.120732
-0.112399
-0.103868
-0.0951406
-0.0862208
-0.0771097
-0.0678078
-0.0583153
-0.0486321
-0.0387582
-0.0286942
-0.0184412
-0.00800156
0.00262118
0.0134217
0.0243929
0.0355251
0.0468061
0.0582207
0.0697501
0.081372
0.0930597
0.104782
0.116504
0.128183
0.139773
0.151222
0.162471
0.173456
0.184107
0.194346
0.204091
0.213256
0.221747
0.229468
0.23632
0.242203
0.247016
0.250661
0.253041
0.254067
0.253656
0.251737
0.248249
0.243145
0.236386
0.227949
0.217927
0.20641
0.192125
0.174072
-0.161576
-0.177251
-0.189633
-0.199602
-0.208289
-0.215643
-0.221614
-0.226252
-0.229619
-0.231782
-0.232814
-0.232792
-0.231796
-0.229906
-0.227202
-0.22376
-0.219651
-0.214943
-0.209699
-0.203975
-0.197821
-0.191284
-0.184403
-0.177211
-0.169739
-0.16201
-0.154044
-0.145857
-0.137461
-0.128867
-0.12008
-0.111105
-0.101943
-0.0925966
-0.083064
-0.0733441
-0.0634347
-0.0533336
-0.0430386
-0.0325477
-0.0218597
-0.0109744
0.00010693
0.0113816
0.0228447
0.0344892
0.0463051
0.0582793
0.0703952
0.0826323
0.0949656
0.107365
0.119797
0.132219
0.144586
0.156843
0.168932
0.180786
0.192331
0.203486
0.214164
0.224271
0.233706
0.242365
0.250139
0.256914
0.262579
0.267021
0.27013
0.271803
0.271944
0.270465
0.267294
0.262373
0.255653
0.247104
0.236819
0.22489
0.209975
0.191025
-0.18028
-0.196684
-0.209579
-0.219886
-0.22879
-0.236239
-0.242184
-0.246684
-0.24981
-0.25164
-0.252258
-0.251755
-0.250221
-0.247749
-0.244429
-0.240346
-0.235582
-0.230212
-0.224305
-0.217923
-0.211122
-0.203951
-0.196451
-0.188659
-0.180605
-0.172314
-0.163805
-0.155095
-0.146195
-0.137112
-0.127852
-0.118418
-0.10881
-0.0990256
-0.089063
-0.0789181
-0.0685864
-0.0580633
-0.0473437
-0.0364232
-0.0252979
-0.0139648
-0.00242238
0.00932932
0.0212883
0.03345
0.0458072
0.0583494
0.0710625
0.0839283
0.0969239
0.110021
0.123187
0.136382
0.149558
0.162665
0.175639
0.188414
0.200912
0.213049
0.224732
0.235861
0.246326
0.256015
0.264806
0.272574
0.279194
0.284537
0.288479
0.290898
0.291683
0.29073
0.287951
0.283274
0.276638
0.268005
0.257465
0.245114
0.229535
0.209626
-0.200422
-0.217625
-0.231077
-0.24174
-0.250859
-0.258385
-0.264269
-0.26858
-0.271402
-0.272825
-0.272949
-0.271876
-0.269715
-0.266569
-0.262542
-0.25773
-0.252225
-0.246112
-0.239466
-0.232355
-0.224841
-0.216975
-0.208803
-0.200361
-0.191683
-0.182791
-0.173707
-0.164445
-0.155014
-0.145422
-0.135672
-0.125765
-0.115697
-0.105467
-0.095067
-0.0844921
-0.0737346
-0.0627871
-0.0516417
-0.0402912
-0.0287284
-0.0169477
-0.00494421
0.007285
0.019741
0.0324223
0.0453248
0.0584409
0.0717595
0.085265
0.0989373
0.112751
0.126673
0.140668
0.154688
0.168682
0.182588
0.196337
0.209849
0.223036
0.235801
0.248035
0.259623
0.270441
0.280355
0.289228
0.296918
0.30328
0.30817
0.31145
0.312987
0.312659
0.31036
0.306
0.299503
0.290819
0.280039
0.267257
0.250973
0.230035
-0.222129
-0.240213
-0.254271
-0.265309
-0.274642
-0.282219
-0.287998
-0.292057
-0.294498
-0.295426
-0.294958
-0.293215
-0.290321
-0.286396
-0.281557
-0.275916
-0.269574
-0.262626
-0.255156
-0.247239
-0.23894
-0.230315
-0.221412
-0.21227
-0.202921
-0.193391
-0.183696
-0.173853
-0.163868
-0.153746
-0.14349
-0.133095
-0.122559
-0.111874
-0.101032
-0.0900241
-0.0788395
-0.0674676
-0.0558976
-0.0441189
-0.0321213
-0.0198956
-0.00743378
0.00527062
0.018222
0.0314225
0.0448713
0.0585643
0.0724937
0.0866473
0.101008
0.115553
0.130253
0.145073
0.159969
0.174889
0.189772
0.204548
0.219136
0.233444
0.247371
0.260801
0.273611
0.285665
0.296819
0.30692
0.315808
0.323321
0.329294
0.333565
0.33598
0.336393
0.334676
0.330719
0.324428
0.315738
0.304735
0.291512
0.274483
0.252433
-0.245547
-0.26461
-0.27933
-0.290763
-0.300302
-0.307899
-0.313516
-0.317248
-0.319215
-0.319542
-0.318367
-0.315833
-0.312082
-0.307256
-0.301487
-0.294901
-0.287614
-0.27973
-0.271343
-0.262534
-0.253373
-0.24392
-0.234225
-0.224329
-0.214263
-0.204052
-0.193714
-0.18326
-0.172697
-0.162027
-0.151248
-0.140355
-0.129342
-0.118197
-0.10691
-0.0954685
-0.0838577
-0.0720641
-0.0600733
-0.0478711
-0.035444
-0.022779
-0.00986444
0.00330981
0.016752
0.030468
0.0444609
0.0587305
0.0732728
0.0880795
0.103137
0.118426
0.133922
0.14959
0.165391
0.181274
0.197179
0.213036
0.228763
0.244266
0.259438
0.274159
0.288297
0.301705
0.314226
0.325691
0.335922
0.344735
0.351941
0.357354
0.360793
0.362084
0.361072
0.357622
0.351618
0.342974
0.331772
0.318103
0.300279
0.277026
-0.270847
-0.291002
-0.306449
-0.318298
-0.328032
-0.335606
-0.34099
-0.3443
-0.345678
-0.345277
-0.343258
-0.339791
-0.335041
-0.329172
-0.322336
-0.314677
-0.306323
-0.297391
-0.287983
-0.278189
-0.268083
-0.257728
-0.247177
-0.23647
-0.225639
-0.214707
-0.203691
-0.192599
-0.181435
-0.170199
-0.158885
-0.147485
-0.135989
-0.124382
-0.112649
-0.100775
-0.0887425
-0.0765326
-0.0641278
-0.05151
-0.0386617
-0.0255663
-0.012208
0.00142745
0.0153523
0.0295767
0.0441079
0.0589503
0.074104
0.0895653
0.105325
0.121368
0.137673
0.15421
0.170943
0.187823
0.204793
0.221785
0.238714
0.255487
0.271992
0.288105
0.303684
0.318573
0.3326
0.34558
0.357315
0.367596
0.376209
0.382938
0.38757
0.389899
0.389738
0.386921
0.381303
0.372774
0.361405
0.347284
0.328614
0.30405
-0.298229
-0.319609
-0.335858
-0.348145
-0.358054
-0.365548
-0.37061
-0.37338
-0.374031
-0.372746
-0.36972
-0.365151
-0.359236
-0.352161
-0.344102
-0.335222
-0.325665
-0.315561
-0.305021
-0.29414
-0.283
-0.271666
-0.260191
-0.248617
-0.236972
-0.225279
-0.213552
-0.201795
-0.190011
-0.178193
-0.166333
-0.15442
-0.142437
-0.130368
-0.118193
-0.105892
-0.0934443
-0.0808269
-0.0680181
-0.0549958
-0.0417383
-0.0282247
-0.0144351
-0.000350846
0.0140449
0.0287667
0.0438267
0.0592339
0.0749936
0.0911068
0.107569
0.124371
0.141496
0.158919
0.176607
0.194517
0.212594
0.230771
0.248967
0.267086
0.285015
0.302624
0.319766
0.336272
0.351958
0.366619
0.380037
0.391977
0.402196
0.410441
0.416465
0.420023
0.420887
0.418855
0.413744
0.405414
0.393923
0.379349
0.359772
0.333773
-0.327928
-0.350694
-0.367828
-0.380572
-0.390627
-0.397966
-0.40259
-0.404674
-0.404427
-0.402072
-0.397843
-0.391975
-0.384698
-0.37623
-0.366771
-0.356504
-0.345593
-0.334179
-0.322384
-0.310311
-0.298043
-0.285648
-0.273181
-0.26068
-0.248174
-0.235681
-0.223211
-0.210767
-0.198343
-0.185932
-0.173519
-0.161089
-0.148621
-0.136093
-0.123482
-0.110764
-0.0979111
-0.0848986
-0.0716996
-0.0582876
-0.0446365
-0.0307208
-0.0165162
-0.00199936
0.0128514
0.0280556
0.0436306
0.0595905
0.0759461
0.092704
0.109866
0.127428
0.145378
0.163699
0.182362
0.20133
0.220552
0.239964
0.259489
0.279031
0.298477
0.317693
0.336524
0.354794
0.372304
0.388832
0.404135
0.41795
0.43
0.439995
0.447644
0.452656
0.454756
0.453693
0.449239
0.441216
0.429661
0.414638
0.394088
0.366509
-0.360227
-0.384565
-0.402683
-0.4159
-0.426056
-0.433141
-0.437181
-0.438393
-0.437038
-0.433387
-0.42772
-0.420319
-0.411453
-0.401374
-0.390312
-0.378474
-0.366041
-0.353168
-0.339987
-0.326605
-0.313111
-0.299573
-0.286043
-0.272559
-0.259145
-0.245816
-0.232576
-0.219423
-0.206347
-0.193334
-0.180365
-0.167419
-0.15447
-0.141492
-0.128456
-0.115332
-0.10209
-0.0886984
-0.0751268
-0.0613439
-0.0473187
-0.0330212
-0.0184221
-0.00349303
0.0117926
0.0274598
0.0435313
0.060027
0.0769637
0.0943542
0.112207
0.130523
0.149301
0.168526
0.18818
0.208229
0.228629
0.249324
0.270238
0.29128
0.312336
0.333272
0.353929
0.37412
0.393634
0.412231
0.429643
0.445577
0.459718
0.471734
0.481281
0.488016
0.491604
0.491737
0.488129
0.48055
0.469008
0.453548
0.43195
0.40262
-0.395463
-0.421598
-0.44081
-0.454508
-0.4647
-0.471398
-0.474664
-0.474775
-0.472052
-0.466828
-0.459443
-0.450232
-0.439511
-0.427573
-0.414679
-0.401063
-0.386923
-0.372429
-0.357721
-0.342912
-0.32809
-0.313324
-0.298663
-0.284141
-0.269776
-0.255577
-0.241544
-0.227666
-0.213929
-0.200311
-0.186788
-0.173332
-0.159912
-0.146496
-0.13305
-0.119538
-0.105925
-0.0921763
-0.0782544
-0.0641236
-0.0497483
-0.0350934
-0.0201246
-0.00480828
0.0108875
0.0269934
0.043538
0.0605475
0.0780451
0.0960506
0.114579
0.133641
0.153239
0.173371
0.194023
0.215171
0.23678
0.258799
0.281159
0.303775
0.326536
0.349309
0.371931
0.39421
0.415923
0.436811
0.456582
0.474911
0.491442
0.505793
0.517562
0.52634
0.531724
0.533331
0.530803
0.523845
0.512421
0.496546
0.473816
0.442533
-0.434045
-0.462244
-0.482675
-0.496854
-0.506984
-0.513118
-0.515367
-0.514084
-0.50967
-0.502537
-0.493097
-0.481749
-0.468866
-0.454783
-0.4398
-0.424176
-0.408128
-0.39184
-0.375457
-0.359096
-0.342844
-0.326768
-0.31091
-0.295297
-0.279944
-0.264849
-0.250004
-0.235392
-0.220991
-0.206771
-0.192702
-0.178748
-0.164872
-0.151036
-0.1372
-0.123323
-0.109365
-0.0952835
-0.0810379
-0.066587
-0.0518902
-0.036907
-0.0215979
-0.00592404
0.0101523
0.0266677
0.0436568
0.0611526
0.0791852
0.0977818
0.116966
0.136755
0.157163
0.178194
0.199846
0.222105
0.244944
0.268323
0.292182
0.316443
0.341001
0.365728
0.39046
0.415003
0.439123
0.462546
0.484954
0.50599
0.525252
0.542303
0.556675
0.567883
0.575437
0.578862
0.577711
0.5716
0.560435
0.544187
0.520232
0.486754
-0.476473
-0.507057
-0.528848
-0.543486
-0.553417
-0.558747
-0.559662
-0.556615
-0.55011
-0.540657
-0.528758
-0.514889
-0.499485
-0.482934
-0.465573
-0.447687
-0.429515
-0.411248
-0.393038
-0.374999
-0.357217
-0.339751
-0.322635
-0.305889
-0.289515
-0.273504
-0.257838
-0.242491
-0.22743
-0.212619
-0.198019
-0.183585
-0.169276
-0.155044
-0.140845
-0.126631
-0.112356
-0.0979728
-0.0834354
-0.0686971
-0.053712
-0.0384345
-0.0228196
-0.0068228
0.00959939
0.0264896
0.0438891
0.0618378
0.0803733
0.0995308
0.119342
0.139835
0.161032
0.182949
0.205595
0.228966
0.25305
0.277816
0.303219
0.329189
0.355634
0.38243
0.409421
0.436411
0.46316
0.48938
0.514732
0.538824
0.561208
0.581385
0.598812
0.612913
0.623094
0.628769
0.629371
0.624402
0.613688
0.597133
0.57185
0.535887
-0.523361
-0.55672
-0.580028
-0.595074
-0.604603
-0.608808
-0.607975
-0.602692
-0.593597
-0.581324
-0.566482
-0.549638
-0.531302
-0.511915
-0.491856
-0.471436
-0.450908
-0.430472
-0.410278
-0.390439
-0.371031
-0.352102
-0.333676
-0.315761
-0.298345
-0.281409
-0.264922
-0.248847
-0.233141
-0.217757
-0.202648
-0.187762
-0.173047
-0.158451
-0.143922
-0.129405
-0.114849
-0.1002
-0.0854083
-0.0704205
-0.0551856
-0.0396528
-0.0237715
-0.00749168
0.00923624
0.0264611
0.0442311
0.062593
0.0815927
0.101274
0.121677
0.142841
0.164799
0.187578
0.211201
0.235678
0.261009
0.287181
0.314162
0.341898
0.370311
0.399289
0.428685
0.458309
0.48792
0.517221
0.545854
0.573394
0.599345
0.623143
0.644159
0.661712
0.675083
0.683545
0.686381
0.682944
0.672941
0.656184
0.629463
0.590663
-0.575476
-0.612084
-0.637077
-0.652432
-0.661272
-0.663913
-0.660791
-0.65267
-0.640362
-0.624656
-0.606292
-0.585945
-0.564204
-0.54157
-0.518461
-0.495213
-0.472088
-0.449289
-0.42696
-0.405203
-0.384082
-0.363629
-0.343854
-0.324746
-0.306281
-0.288422
-0.271125
-0.254341
-0.238014
-0.222087
-0.206502
-0.191198
-0.176115
-0.161194
-0.146373
-0.131594
-0.116798
-0.101927
-0.086923
-0.0717289
-0.0562881
-0.0405442
-0.0244413
-0.0079236
0.00906442
0.026578
0.0446722
0.0634014
0.0828193
0.102979
0.123931
0.145724
0.168404
0.192012
0.216584
0.242146
0.268717
0.296299
0.32488
0.354427
0.384878
0.416142
0.448086
0.480532
0.513246
0.545929
0.578208
0.609631
0.639655
0.667647
0.692885
0.714564
0.731818
0.743745
0.749435
0.748043
0.739113
0.722317
0.694041
0.651976
-0.633787
-0.674222
-0.701078
-0.716566
-0.724301
-0.724782
-0.718654
-0.706923
-0.690625
-0.670739
-0.648166
-0.623699
-0.598016
-0.57168
-0.545142
-0.518756
-0.492789
-0.467435
-0.442827
-0.419049
-0.396142
-0.374121
-0.352972
-0.332666
-0.313158
-0.294394
-0.276314
-0.258853
-0.241942
-0.225512
-0.209494
-0.193816
-0.178412
-0.163211
-0.148147
-0.133153
-0.118166
-0.10312
-0.0879523
-0.0726007
-0.057003
-0.0410977
-0.0248233
-0.00811838
0.00907845
0.0268289
0.0451948
0.0642382
0.0840213
0.104606
0.126054
0.148425
0.171779
0.19617
0.22165
0.248264
0.276049
0.305031
0.335219
0.366603
0.399149
0.432788
0.467412
0.502864
0.538924
0.575301
0.611619
0.647403
0.68207
0.714918
0.745123
0.771743
0.793736
0.809987
0.819335
0.820674
0.813318
0.796733
0.76679
0.720935
-0.699526
-0.744502
-0.773393
-0.788721
-0.794746
-0.792249
-0.78217
-0.765838
-0.744578
-0.719605
-0.692006
-0.662708
-0.632482
-0.601946
-0.571578
-0.541739
-0.512688
-0.4846
-0.457586
-0.431701
-0.406959
-0.383345
-0.360821
-0.33933
-0.318806
-0.299173
-0.280353
-0.262262
-0.244818
-0.227938
-0.211541
-0.195546
-0.179874
-0.164449
-0.149197
-0.134044
-0.118919
-0.103753
-0.0884763
-0.0730216
-0.0573217
-0.0413099
-0.0249195
-0.0080837
0.00926488
0.0271941
0.0457728
0.0650704
0.0851577
0.106106
0.127988
0.150875
0.174841
0.199956
0.226289
0.253905
0.282864
0.313214
0.344994
0.378223
0.412897
0.448981
0.4864
0.525028
0.564672
0.605062
0.645831
0.686496
0.726442
0.764903
0.800952
0.833496
0.861287
0.882948
0.897005
0.902
0.896922
0.880934
0.849228
0.798931
-0.774295
-0.824694
-0.855765
-0.870449
-0.873887
-0.867281
-0.851995
-0.829789
-0.802355
-0.771198
-0.737614
-0.702676
-0.667242
-0.631974
-0.597363
-0.563759
-0.531398
-0.500421
-0.4709
-0.442852
-0.416254
-0.391053
-0.367178
-0.344542
-0.323052
-0.302607
-0.283108
-0.264452
-0.246542
-0.229279
-0.212569
-0.196322
-0.180448
-0.164864
-0.149487
-0.134236
-0.119036
-0.10381
-0.0884842
-0.0729864
-0.0572444
-0.0411865
-0.0247411
-0.00783598
0.00960155
0.0276455
0.0463713
0.0658559
0.0861784
0.10742
0.129663
0.152993
0.177497
0.203262
0.230376
0.258926
0.288995
0.320662
0.353994
0.389047
0.425856
0.464426
0.504727
0.546677
0.590126
0.634842
0.680485
0.726582
0.772506
0.817438
0.860355
0.900003
0.934901
0.963359
0.983502
0.993409
0.99161
0.976813
0.943294
0.887744
-0.8602
-0.917126
-0.950441
-0.963696
-0.963262
-0.950979
-0.928812
-0.899096
-0.863985
-0.825326
-0.784645
-0.74316
-0.7018
-0.66125
-0.621988
-0.584331
-0.548465
-0.514479
-0.482391
-0.452164
-0.423726
-0.396979
-0.371812
-0.3481
-0.32572
-0.304545
-0.28445
-0.265314
-0.247019
-0.229455
-0.212512
-0.19609
-0.180091
-0.16442
-0.148989
-0.133711
-0.118502
-0.103284
-0.0879752
-0.0724999
-0.056781
-0.0407425
-0.0243082
-0.00740099
0.010057
0.0281455
0.0469462
0.0665433
0.0870238
0.108478
0.131001
0.154688
0.179642
0.205968
0.233773
0.263167
0.29426
0.327162
0.361977
0.398801
0.437713
0.478773
0.522005
0.567385
0.614829
0.66416
0.715094
0.767195
0.819847
0.87221
0.923176
0.971336
1.01496
1.05197
1.08002
1.09656
1.09947
1.08679
1.05151
0.98969
-0.960079
-1.02491
-1.06036
-1.07091
-1.06471
-1.04457
-1.01329
-0.973965
-0.929325
-0.8816
-0.832556
-0.78353
-0.735495
-0.689117
-0.644827
-0.602871
-0.563358
-0.5263
-0.491639
-0.459269
-0.429056
-0.400849
-0.374485
-0.349802
-0.32664
-0.304842
-0.284258
-0.264745
-0.246167
-0.228398
-0.211316
-0.194809
-0.178769
-0.163094
-0.147688
-0.132459
-0.117318
-0.102179
-0.0869593
-0.0715771
-0.0559518
-0.0400033
-0.0236511
-0.00681414
0.0105904
0.0286474
0.0474443
0.067072
0.0876253
0.109204
0.131911
0.155858
0.181161
0.20794
0.236326
0.266451
0.298455
0.33248
0.368672
0.407171
0.448113
0.491615
0.537773
0.58664
0.638214
0.692406
0.749016
0.807685
0.867851
0.928689
0.989048
1.04738
1.1017
1.14953
1.18788
1.21342
1.22312
1.214
1.17721
1.10785
-1.07784
-1.15227
-1.1894
-1.19518
-1.18041
-1.14934
-1.10598
-1.05438
-0.997959
-0.939347
-0.880529
-0.822915
-0.767457
-0.71475
-0.665119
-0.618695
-0.575473
-0.535356
-0.498188
-0.463777
-0.431913
-0.40238
-0.374963
-0.349452
-0.325649
-0.303365
-0.282423
-0.262658
-0.243917
-0.226055
-0.208941
-0.192449
-0.176464
-0.160877
-0.145583
-0.130487
-0.115493
-0.100512
-0.085458
-0.0702444
-0.0547877
-0.0390042
-0.0228101
-0.00612042
0.0111516
0.0290954
0.0478036
0.0673731
0.0879057
0.109509
0.132298
0.156393
0.181926
0.209035
0.237869
0.268587
0.301358
0.336361
0.373782
0.413815
0.456654
0.502489
0.551499
0.603833
0.659595
0.718818
0.781425
0.847183
0.915643
0.986059
1.0573
1.12774
1.19515
1.25663
1.30846
1.34628
1.36582
1.36255
1.3249
1.24643
-1.21903
-1.30513
-1.34274
-1.34039
-1.31286
-1.26658
-1.20719
-1.13997
-1.06906
-0.997493
-0.92739
-0.860139
-0.796576
-0.737134
-0.681961
-0.631015
-0.584132
-0.54107
-0.501552
-0.465281
-0.431959
-0.401297
-0.373018
-0.346866
-0.322599
-0.299996
-0.278854
-0.258984
-0.240215
-0.222389
-0.205362
-0.188998
-0.173173
-0.157772
-0.142686
-0.127811
-0.113051
-0.0983122
-0.0835043
-0.0685392
-0.0533302
-0.0377909
-0.0218348
-0.00537391
0.0116819
0.0294256
0.0479543
0.06737
0.0877808
0.109302
0.132056
0.156176
0.181806
0.209101
0.23823
0.269376
0.302739
0.338533
0.37699
0.418358
0.462898
0.51088
0.562579
0.61826
0.678161
0.742469
0.811281
0.884553
0.962024
1.04312
1.12684
1.21156
1.29494
1.37362
1.44312
1.49778
1.53165
1.53788
1.50081
1.41134
-1.39182
-1.49186
-1.52735
-1.51133
-1.46476
-1.39731
-1.31673
-1.22972
-1.14118
-1.05441
-0.971506
-0.893662
-0.821457
-0.755044
-0.6943
-0.638942
-0.588591
-0.542829
-0.50123
-0.463374
-0.428865
-0.397334
-0.368442
-0.341879
-0.317363
-0.294639
-0.273478
-0.253671
-0.23503
-0.217383
-0.200574
-0.18446
-0.16891
-0.153801
-0.139021
-0.124464
-0.110029
-0.0956192
-0.0811428
-0.0665095
-0.0516308
-0.0364184
-0.0207837
-0.00463679
0.0121149
0.0295671
0.0478204
0.0669808
0.0871613
0.108483
0.131077
0.155086
0.180665
0.207985
0.237232
0.268614
0.302358
0.338715
0.377964
0.420406
0.466375
0.516228
0.570347
0.629128
0.692971
0.762257
0.83731
0.918347
1.0054
1.09819
1.19598
1.29737
1.40002
1.5003
1.59293
1.67077
1.72561
1.7473
1.71378
1.61125
-1.60875
-1.72472
-1.75261
-1.71379
-1.63881
-1.54189
-1.43346
-1.32168
-1.21202
-1.10776
-1.01067
-0.921512
-0.840398
-0.767044
-0.700949
-0.641503
-0.588065
-0.540003
-0.496719
-0.457659
-0.422322
-0.390255
-0.361052
-0.334355
-0.309841
-0.287225
-0.266252
-0.246696
-0.228352
-0.211039
-0.194591
-0.178857
-0.163702
-0.148999
-0.134632
-0.120491
-0.106475
-0.0924853
-0.0784284
-0.0642131
-0.0497498
-0.0349495
-0.0197225
-0.00397776
0.0123786
0.0294443
0.0473218
0.06612
0.0859556
0.106954
0.129254
0.153003
0.178369
0.205533
0.2347
0.266096
0.299977
0.336628
0.376369
0.41956
0.466603
0.517946
0.574087
0.635568
0.702972
0.77691
0.857991
0.946776
1.0437
1.14895
1.26229
1.38277
1.50837
1.6355
1.75828
1.86801
1.95373
2.00055
1.97658
1.85937
-1.89009
-2.02189
-2.03106
-1.95436
-1.83702
-1.69938
-1.55474
-1.41249
-1.27809
-1.15427
-1.04201
-0.941253
-0.851389
-0.771511
-0.70061
-0.637678
-0.581757
-0.531975
-0.487547
-0.447779
-0.412061
-0.379859
-0.350706
-0.324195
-0.299969
-0.277715
-0.257159
-0.238058
-0.220197
-0.203384
-0.187447
-0.172232
-0.157599
-0.143418
-0.129572
-0.11595
-0.10245
-0.0889732
-0.0754256
-0.061716
-0.0477551
-0.0334537
-0.0187224
-0.00346998
0.0123977
0.0289788
0.0463767
0.0647017
0.0840726
0.104618
0.126479
0.149812
0.174788
0.201602
0.230469
0.261634
0.295374
0.332005
0.371886
0.415428
0.463101
0.515443
0.573066
0.636666
0.707025
0.785014
0.871576
0.9677
1.07436
1.19239
1.32233
1.46409
1.61646
1.77645
1.93814
2.0916
2.22282
2.31062
2.30813
2.17695
-2.27058
-2.41092
-2.37888
-2.23953
-2.05945
-1.8662
-1.67545
-1.49669
-1.33433
-1.18956
-1.06189
-0.949974
-0.852144
-0.766675
-0.691935
-0.626444
-0.568901
-0.518176
-0.473297
-0.433431
-0.397869
-0.366002
-0.33731
-0.311345
-0.287724
-0.266111
-0.246218
-0.22779
-0.210605
-0.194466
-0.179198
-0.164644
-0.150662
-0.137123
-0.123909
-0.11091
-0.0980243
-0.0851538
-0.0722059
-0.0590905
-0.0457193
-0.0320045
-0.0178576
-0.00318861
0.0120957
0.0280926
0.0449051
0.0626432
0.0814259
0.101383
0.122657
0.145406
0.169808
0.196061
0.224391
0.255055
0.288347
0.324606
0.364222
0.407651
0.455422
0.508153
0.566566
0.631505
0.703955
0.785059
0.876132
0.978658
1.09427
1.22468
1.37151
1.53602
1.71858
1.91775
2.12876
2.34151
2.53955
2.69418
2.73691
2.60032
-2.81313
-2.93357
-2.81506
-2.57291
-2.30129
-2.03394
-1.78639
-1.56584
-1.37359
-1.20791
-1.06588
-0.944309
-0.840151
-0.750685
-0.673568
-0.606823
-0.548795
-0.49811
-0.453623
-0.414382
-0.379594
-0.348593
-0.320818
-0.295794
-0.273117
-0.252442
-0.23347
-0.215944
-0.199637
-0.184352
-0.169913
-0.156164
-0.142965
-0.130189
-0.117718
-0.105447
-0.0932729
-0.0811025
-0.0688447
-0.0564118
-0.0437176
-0.0306768
-0.0172032
-0.00320901
0.0113967
0.0267091
0.0428291
0.0598648
0.0779334
0.0971634
0.117697
0.139691
0.163324
0.188797
0.216338
0.246212
0.278722
0.314221
0.353122
0.395911
0.443163
0.495559
0.553914
0.619202
0.692594
0.775496
0.869598
0.976914
1.09983
1.24109
1.40378
1.59109
1.80589
2.04981
2.32129
2.61265
2.90749
3.17069
3.30595
3.19487
-3.6321
-3.6503
-3.35765
-2.95028
-2.54885
-2.18662
-1.87296
-1.60794
-1.38662
-1.20242
-1.04899
-0.920709
-0.812918
-0.721809
-0.644323
-0.578009
-0.520905
-0.471431
-0.428313
-0.390514
-0.357185
-0.327625
-0.301255
-0.277587
-0.256212
-0.236781
-0.218997
-0.202603
-0.187378
-0.173127
-0.159678
-0.146879
-0.134594
-0.1227
-0.111083
-0.099641
-0.0882764
-0.0768982
-0.0654193
-0.0537556
-0.0418244
-0.0295437
-0.016831
-0.00360178
0.0102312
0.0247595
0.0400804
0.0562984
0.0735269
0.0918906
0.111527
0.132592
0.155258
0.179724
0.206217
0.235
0.266376
0.300703
0.338403
0.379976
0.426022
0.477262
0.534572
0.599022
0.671927
0.754914
0.850004
0.959717
1.08719
1.23633
1.41189
1.61958
1.86589
2.15741
2.49909
2.89069
3.32213
3.7584
4.0768
4.07837
-4.93393
-4.64064
-4.01644
-3.35562
-2.77797
-2.30082
-1.9162
-1.60908
-1.36375
-1.16669
-1.0071
-0.876638
-0.768961
-0.679251
-0.603844
-0.539927
-0.485326
-0.43834
-0.397626
-0.362114
-0.33094
-0.303399
-0.278915
-0.257007
-0.237275
-0.21938
-0.203035
-0.187992
-0.174038
-0.160987
-0.148675
-0.136958
-0.125705
-0.1148
-0.104137
-0.0936161
-0.083147
-0.0726431
-0.0620222
-0.0512049
-0.0401131
-0.0286693
-0.0167957
-0.00441246
0.00856298
0.0222173
0.0366424
0.0519375
0.0682103
0.0855791
0.104175
0.124147
0.14566
0.168905
0.194101
0.2215
0.251401
0.284151
0.320165
0.359939
0.404073
0.453297
0.508507
0.570816
0.64162
0.722681
0.816256
0.925253
1.05346
1.20585
1.38893
1.61129
1.88396
2.22079
2.63781
3.15048
3.76663
4.46678
5.12953
5.46078
-7.17813
-6.00421
-4.75336
-3.73052
-2.93577
-2.3356
-1.88772
-1.55092
-1.29373
-1.09405
-0.936454
-0.810106
-0.707351
-0.622707
-0.552183
-0.492826
-0.44241
-0.399233
-0.361973
-0.329587
-0.301247
-0.27628
-0.254139
-0.234373
-0.216603
-0.200515
-0.185838
-0.172343
-0.159832
-0.148131
-0.137088
-0.126569
-0.116454
-0.106634
-0.0970101
-0.0874915
-0.0779933
-0.0684354
-0.0587416
-0.0488381
-0.0386525
-0.028113
-0.0171472
-0.00568113
0.00636188
0.0190622
0.0325054
0.0467832
0.0619959
0.0782534
0.0956779
0.114407
0.134595
0.15642
0.180085
0.205829
0.233929
0.264713
0.298573
0.335979
0.377503
0.423845
0.475874
0.534679
0.601642
0.678544
0.767705
0.872203
0.996185
1.14533
1.32756
1.55404
1.84066
2.2101
2.69466
3.33686
4.18015
5.25641
6.56567
7.80735
-11.5602
-7.80268
-5.29307
-3.82
-2.84177
-2.17229
-1.71135
-1.38442
-1.14419
-0.962313
-0.821128
-0.709156
-0.618738
-0.54461
-0.483054
-0.431372
-0.387559
-0.350099
-0.31782
-0.289804
-0.265319
-0.243776
-0.224695
-0.207678
-0.192395
-0.178565
-0.165953
-0.154356
-0.143597
-0.133524
-0.124002
-0.114911
-0.106144
-0.0976036
-0.0892022
-0.0808578
-0.0724946
-0.0640405
-0.055427
-0.0465878
-0.0374578
-0.0279722
-0.018066
-0.00767246
0.0032772
0.0148552
0.0271384
0.040209
0.0541567
0.0690798
0.0850873
0.102302
0.120861
0.140922
0.162667
0.186306
0.212086
0.240296
0.271283
0.305463
0.343342
0.385542
0.432832
0.486185
0.546835
0.616387
0.696952
0.791369
0.903539
1.03896
1.2056
1.41537
1.68652
2.04824
2.54904
3.26601
4.30364
5.85008
8.44989
12.3182
-18.9699
-9.55627
-5.06815
-3.24739
-2.28438
-1.70023
-1.32934
-1.07808
-0.896655
-0.759572
-0.652646
-0.567231
-0.497733
-0.440361
-0.392435
-0.351997
-0.317582
-0.288067
-0.262576
-0.240415
-0.221026
-0.203954
-0.188826
-0.175328
-0.1632
-0.152217
-0.142191
-0.132955
-0.124367
-0.1163
-0.108644
-0.101298
-0.0941732
-0.0871882
-0.0802683
-0.0733443
-0.0663515
-0.0592286
-0.0519171
-0.0443599
-0.0365013
-0.0282858
-0.0196575
-0.0105593
-0.000932443
0.00928488
0.0201579
0.0317565
0.0441564
0.0574404
0.0716998
0.0870365
0.103565
0.121416
0.140737
0.161701
0.184507
0.209389
0.236624
0.266544
0.299548
0.336123
0.376868
0.422531
0.474058
0.532664
0.599934
0.677984
0.769703
0.879161
1.01232
1.1783
1.39196
1.67956
2.09194
2.72596
3.75691
5.67365
10.2794
19.8164
)
;

boundaryField
{
    movingWall
    {
        type            zeroGradient;
    }
    fixedWalls
    {
        type            zeroGradient;
    }
    frontAndBack
    {
        type            empty;
    }
}


// ************************************************************************* //
