/*--------------------------------*- C++ -*----------------------------------*\
  =========                 |
  \\      /  F ield         | OpenFOAM: The Open Source CFD Toolbox
   \\    /   O peration     | Website:  https://openfoam.org
    \\  /    A nd           | Version:  7
     \\/     M anipulation  |
\*---------------------------------------------------------------------------*/
FoamFile
{
    version     2.0;
    format      ascii;
    class       volScalarField;
    location    "0.425";
    object      p;
}
// * * * * * * * * * * * * * * * * * * * * * * * * * * * * * * * * * * * * * //

dimensions      [0 2 -2 0 0 0 0];

internalField   nonuniform List<scalar> 
6400
(
5.00485e-06
2.07896e-05
-0.000485532
-0.00151854
-0.00296114
-0.0047031
-0.00664405
-0.00869449
-0.0107772
-0.0128267
-0.014788
-0.0166148
-0.0182688
-0.0197181
-0.020937
-0.0219047
-0.0226051
-0.0230261
-0.0231591
-0.0229987
-0.0225424
-0.0217903
-0.0207449
-0.0194106
-0.0177941
-0.0159035
-0.0137486
-0.0113408
-0.00869272
-0.00581815
-0.00273214
0.000549269
0.00400909
0.00762946
0.0113917
0.0152765
0.0192637
0.0233328
0.0274627
0.0316318
0.0358184
0.0400004
0.0441555
0.0482615
0.0522961
0.0562373
0.0600632
0.0637524
0.067284
0.0706377
0.0737941
0.0767348
0.0794422
0.0819005
0.0840948
0.0860123
0.0876416
0.0889737
0.0900015
0.0907205
0.0911287
0.091227
0.0910195
0.0905135
0.0897201
0.0886543
0.0873355
0.0857878
0.0840407
0.0821292
0.0800953
0.0779881
0.075865
0.0737931
0.07185
0.0701241
0.0687125
0.0677196
0.0672518
0.0672896
-3.39703e-06
1.01605e-05
-0.000443546
-0.00132702
-0.00254105
-0.00400644
-0.00564727
-0.00739122
-0.00917302
-0.0109354
-0.0126287
-0.0142104
-0.0156443
-0.0169003
-0.0179533
-0.0187828
-0.0193725
-0.0197101
-0.0197864
-0.0195953
-0.0191336
-0.0184005
-0.0173975
-0.016128
-0.0145974
-0.0128131
-0.0107835
-0.00851889
-0.00603073
-0.00333169
-0.000435575
0.00264279
0.00588764
0.00928235
0.0128095
0.0164511
0.0201882
0.0240018
0.0278719
0.0317785
0.035701
0.0396189
0.0435114
0.0473576
0.0511366
0.0548281
0.0584115
0.0618671
0.0651753
0.0683175
0.0712757
0.074033
0.0765735
0.0788825
0.0809467
0.0827547
0.0842963
0.0855638
0.0865513
0.0872552
0.0876746
0.0878111
0.0876694
0.0872574
0.0865862
0.0856711
0.0845308
0.0831889
0.0816734
0.0800175
0.0782602
0.0764464
0.0746276
0.0728622
0.0712156
0.0697592
0.0685661
0.0677112
0.0672879
0.0673268
0.000503355
0.000465326
1.13823e-05
-0.000804638
-0.00189545
-0.0031978
-0.0046505
-0.00619346
-0.00777103
-0.00933319
-0.0108356
-0.0122397
-0.0135121
-0.0146243
-0.0155527
-0.0162775
-0.0167829
-0.0170567
-0.0170895
-0.016875
-0.0164095
-0.0156917
-0.0147224
-0.0135044
-0.0120423
-0.0103426
-0.00841299
-0.00626278
-0.00390252
-0.00134395
0.00140009
0.00431574
0.00738825
0.010602
0.0139407
0.0173871
0.0209238
0.0245324
0.0281943
0.0318905
0.0356017
0.0393083
0.0429907
0.0466293
0.0502044
0.0536967
0.0570869
0.0603565
0.0634873
0.0664615
0.0692626
0.0718748
0.0742831
0.0764742
0.0784359
0.0801575
0.0816301
0.0828467
0.0838022
0.0844938
0.0849212
0.0850864
0.0849944
0.0846533
0.0840742
0.0832717
0.0822642
0.0810739
0.0797273
0.0782555
0.0766942
0.0750842
0.0734716
0.0719072
0.0704471
0.0691505
0.0680766
0.0672857
0.0668631
0.0668607
0.00153635
0.00135136
0.000827614
8.29436e-06
-0.00103988
-0.00226336
-0.0036104
-0.00503031
-0.00647545
-0.00790222
-0.00927141
-0.0105483
-0.0117026
-0.0127082
-0.0135429
-0.0141883
-0.0146293
-0.0148541
-0.0148536
-0.0146216
-0.0141541
-0.0134497
-0.0125087
-0.0113335
-0.00992822
-0.00829857
-0.00645175
-0.00439633
-0.00214211
0.000299916
0.00291771
0.00569824
0.00862759
0.011691
0.014873
0.0181574
0.0215275
0.0249659
0.0284551
0.0319768
0.0355127
0.0390443
0.0425529
0.0460198
0.0494264
0.0527544
0.0559856
0.0591022
0.062087
0.0649234
0.0675958
0.0700891
0.0723895
0.0744843
0.0763622
0.0780134
0.0794296
0.0806044
0.0815333
0.0822141
0.0826465
0.0828329
0.0827785
0.0824909
0.081981
0.0812629
0.0803538
0.0792747
0.0780503
0.0767091
0.0752838
0.0738111
0.0723318
0.0708905
0.0695354
0.0683168
0.0672854
0.0664926
0.0660063
0.0658708
0.00298533
0.00257386
0.00192229
0.00105005
-5.59249e-06
-0.00119976
-0.00248859
-0.00382981
-0.00518318
-0.00651121
-0.00777966
-0.00895783
-0.0100186
-0.0109383
-0.0116967
-0.0122768
-0.0126646
-0.0128489
-0.0128213
-0.0125755
-0.0121079
-0.0114167
-0.0105021
-0.00936633
-0.00801292
-0.00644716
-0.0046757
-0.00270651
-0.000548758
0.00178726
0.0042902
0.0069478
0.00974688
0.0126735
0.015713
0.01885
0.0220686
0.0253523
0.0286844
0.0320477
0.0354245
0.0387974
0.0421485
0.0454601
0.0487144
0.0518939
0.0549814
0.05796
0.0608134
0.0635259
0.0660825
0.0684691
0.0706726
0.0726811
0.0744839
0.0760719
0.0774373
0.0785742
0.0794786
0.0801484
0.0805836
0.0807867
0.0807626
0.0805187
0.0800653
0.0794156
0.0785858
0.0775953
0.0764667
0.0752261
0.0739028
0.0725295
0.0711422
0.0697795
0.0684824
0.0672934
0.0662558
0.0654133
0.0648069
0.0644592
0.00474811
0.00405979
0.00323723
0.00227183
0.00116735
-3.906e-05
-0.00131014
-0.00261121
-0.00390874
-0.0051709
-0.00636823
-0.00747395
-0.00846411
-0.00931769
-0.0100165
-0.0105451
-0.0108907
-0.0110431
-0.0109944
-0.0107389
-0.010273
-0.00959508
-0.00870535
-0.00760564
-0.00629936
-0.00479138
-0.00308792
-0.00119643
0.00087445
0.00311502
0.0055146
0.00806154
0.0107434
0.0135469
0.0164582
0.0194626
0.022545
0.0256898
0.0288809
0.0321019
0.0353362
0.0385669
0.041777
0.0449495
0.0480677
0.0511147
0.0540742
0.05693
0.0596665
0.0622689
0.0647227
0.0670147
0.0691323
0.0710644
0.0728007
0.0743325
0.0756526
0.0767555
0.0776372
0.0782959
0.0787317
0.078947
0.0789462
0.0787364
0.0783272
0.0777308
0.0769621
0.0760388
0.0749816
0.0738137
0.0725615
0.0712537
0.0699216
0.0685986
0.0673192
0.0661188
0.0650344
0.0641026
0.0633333
0.0627224
0.00673401
0.00574061
0.00471722
0.00362702
0.00243983
0.0011862
-0.000102015
-0.0013968
-0.00267061
-0.00389678
-0.00505026
-0.00610802
-0.00704928
-0.00785556
-0.0085108
-0.00900128
-0.00931556
-0.00944443
-0.00938076
-0.00911943
-0.00865724
-0.00799272
-0.00712611
-0.0060592
-0.00479523
-0.0033388
-0.00169581
0.000126704
0.00212056
0.00427657
0.00658459
0.00903357
0.0116117
0.0143063
0.0171041
0.0199913
0.0229534
0.0259754
0.0290421
0.0321377
0.0352463
0.0383518
0.041438
0.0444885
0.0474873
0.0504182
0.0532656
0.0560141
0.0586487
0.061155
0.0635195
0.0657292
0.0677723
0.0696379
0.0713164
0.0727993
0.0740798
0.0751525
0.0760136
0.0766613
0.0770957
0.0773187
0.0773345
0.0771496
0.0767727
0.076215
0.07549
0.0746137
0.0736048
0.0724839
0.0712743
0.0700011
0.0686914
0.0673737
0.0660769
0.0648301
0.0636651
0.0626127
0.0616504
0.0607471
0.0088637
0.00755175
0.00630844
0.00507028
0.00377431
0.00244578
0.00111216
-0.000204322
-0.00148142
-0.00269705
-0.00383023
-0.00486144
-0.0057729
-0.00654866
-0.00717475
-0.0076392
-0.00793199
-0.00804501
-0.00797201
-0.00770855
-0.00725186
-0.00660079
-0.00575574
-0.00471854
-0.00349234
-0.00208162
-0.000491982
0.00126981
0.00319597
0.00527773
0.00750541
0.00986848
0.0123556
0.0149548
0.0176533
0.0204379
0.0232947
0.0262095
0.0291675
0.0321537
0.0351528
0.0381494
0.0411278
0.0440724
0.0469676
0.0497982
0.0525488
0.0552047
0.0577515
0.0601753
0.0624631
0.0646023
0.0665816
0.0683903
0.0700193
0.0714602
0.0727065
0.0737528
0.0745954
0.0752324
0.0756634
0.0758903
0.0759168
0.0757485
0.0753933
0.0748612
0.0741645
0.0733174
0.0723364
0.07124
0.0700484
0.0687834
0.0674684
0.0661273
0.0647843
0.0634629
0.062191
0.0609945
0.0598196
0.0586093
0.0110702
0.00943568
0.0079614
0.00655906
0.00513486
0.00370996
0.00230841
0.000947453
-0.000355279
-0.00158178
-0.00271472
-0.00373781
-0.00463607
-0.00539599
-0.00600567
-0.00645483
-0.0067349
-0.00683895
-0.00676166
-0.00649931
-0.00604968
-0.00541203
-0.00458699
-0.00357651
-0.00238378
-0.00101316
0.000529872
0.0022388
0.00410614
0.00612347
0.00828149
0.0105701
0.0129785
0.0154951
0.0181077
0.0208037
0.0235696
0.0263919
0.0292562
0.0321483
0.0350534
0.0379564
0.0408425
0.0436966
0.0465036
0.0492486
0.051917
0.0544944
0.0569669
0.0593211
0.0615442
0.0636242
0.0655499
0.067311
0.0688984
0.0703042
0.0715215
0.0725453
0.0733715
0.0739982
0.0744247
0.0746523
0.0746841
0.0745252
0.0741824
0.0736646
0.0729826
0.0721491
0.0711785
0.0700871
0.0688924
0.0676134
0.0662698
0.0648818
0.0634693
0.0620512
0.0606525
0.0592951
0.0578957
0.0563735
0.0132974
0.0113423
0.00963162
0.00805426
0.00648763
0.00494993
0.00346266
0.00203883
0.000692078
-0.000563172
-0.00171282
-0.00274354
-0.00364294
-0.00439979
-0.00500415
-0.00544745
-0.00572252
-0.00582363
-0.00574642
-0.00548796
-0.00504664
-0.00442216
-0.00361548
-0.00262874
-0.00146522
-0.000129283
0.00137369
0.00303736
0.00485444
0.00681679
0.00891546
0.0111407
0.0134821
0.0159285
0.0184682
0.0210889
0.0237778
0.0265217
0.029307
0.0321197
0.0349455
0.03777
0.0405788
0.043357
0.0460904
0.0487642
0.0513644
0.0538769
0.0562882
0.0585852
0.0607554
0.062787
0.0646691
0.0663916
0.0679454
0.0693225
0.0705164
0.0715215
0.0723338
0.072951
0.0733722
0.073598
0.0736309
0.0734752
0.0731368
0.0726234
0.0719444
0.071111
0.0701357
0.0690326
0.067817
0.066505
0.0651135
0.0636594
0.0621587
0.0606268
0.0590862
0.0575564
0.0559262
0.0540929
0.0154987
0.0132282
0.0112794
0.00952025
0.00780116
0.00613831
0.00455145
0.00305006
0.00164433
0.000345575
-0.000834973
-0.00188661
-0.00279934
-0.00356404
-0.00417265
-0.00461819
-0.00489491
-0.00499822
-0.00492478
-0.00467245
-0.00424027
-0.00362845
-0.00283831
-0.00187225
-0.000733703
0.000572914
0.00204225
0.00366805
0.0054432
0.00735977
0.00940906
0.0115816
0.0138674
0.0162556
0.0187348
0.0212933
0.0239187
0.026598
0.0293182
0.0320657
0.0348267
0.0375871
0.0403328
0.0430497
0.0457235
0.0483402
0.0508857
0.0533465
0.0557093
0.0579612
0.0600899
0.0620839
0.0639322
0.0656249
0.0671528
0.0685081
0.0696838
0.0706744
0.0714757
0.0720848
0.0725003
0.0727225
0.0727532
0.0725956
0.0722548
0.0717374
0.0710515
0.0702066
0.0692137
0.0680849
0.0668333
0.0654727
0.0640173
0.0624814
0.0608778
0.0592187
0.0575254
0.0558154
0.0539519
0.0518118
0.0176345
0.0150556
0.0128696
0.0109247
0.00904631
0.00724926
0.00555218
0.00396164
0.0024849
0.00113062
-9.25069e-05
-0.00117613
-0.00211241
-0.00289417
-0.00351508
-0.00396971
-0.00425362
-0.00436341
-0.00429669
-0.00405215
-0.00362949
-0.00302947
-0.00225382
-0.00130525
-0.000187377
0.00109527
0.0025373
0.00413251
0.00587388
0.00775363
0.00976327
0.0118936
0.0141348
0.0164764
0.0189074
0.0214163
0.023991
0.0266192
0.0292879
0.031984
0.0346941
0.0374044
0.0401012
0.0427706
0.0453987
0.0479717
0.0504759
0.0528978
0.0552245
0.0574431
0.0595416
0.0615084
0.0633327
0.0650043
0.0665143
0.0678544
0.0690177
0.0699983
0.0707917
0.0713945
0.0718049
0.0720225
0.0720483
0.0718849
0.0715362
0.0710079
0.0703066
0.0694407
0.0684195
0.0672532
0.0659531
0.0645309
0.0629987
0.0613683
0.0596501
0.0578538
0.0559998
0.0541047
0.0520077
0.0495668
0.0196716
0.0167919
0.0143709
0.0122384
0.0101962
0.00825846
0.00644316
0.00475446
0.0031972
0.00177772
0.000502499
-0.000622187
-0.00159043
-0.00239685
-0.00303672
-0.00350604
-0.00380167
-0.0039213
-0.00386351
-0.0036278
-0.00321458
-0.00262514
-0.00186165
-0.000927167
0.000174452
0.00143852
0.00285958
0.0044314
0.00614702
0.00799877
0.00997828
0.0120766
0.014284
0.0165904
0.018985
0.0214566
0.0239934
0.0265833
0.0292138
0.031872
0.0345448
0.0372187
0.0398802
0.0425158
0.0451116
0.0476542
0.05013
0.0525258
0.0548285
0.0570256
0.0591049
0.061055
0.0628648
0.0645244
0.0660243
0.0673563
0.0685132
0.0694886
0.0702776
0.0708765
0.0712828
0.0714956
0.071515
0.0713429
0.0709822
0.0704373
0.069714
0.0688191
0.0677606
0.0665471
0.0651883
0.0636939
0.0620743
0.0603394
0.0584975
0.0565563
0.054536
0.0524529
0.0501236
0.0473884
0.0215811
0.0184082
0.0157553
0.0134347
0.011226
0.00914306
0.00720362
0.00540991
0.00376468
0.00227233
0.000937428
-0.000235613
-0.00124262
-0.00207984
-0.002744
-0.00323248
-0.00354333
-0.00367529
-0.00362791
-0.00340147
-0.00299706
-0.00241656
-0.00166259
-0.000738558
0.000351389
0.00160238
0.00300883
0.00456446
0.0062623
0.00809474
0.0100535
0.0121298
0.014314
0.0165964
0.0189662
0.0214125
0.0239238
0.0264883
0.0290935
0.031727
0.0343758
0.0370266
0.0396663
0.0422813
0.0448581
0.0473833
0.0498436
0.0522256
0.0545165
0.0567036
0.0587749
0.0607186
0.0625238
0.0641802
0.0656783
0.0670094
0.068166
0.0691415
0.0699303
0.0705283
0.0709324
0.071141
0.0711534
0.0709707
0.0705948
0.0700293
0.0692786
0.0683484
0.0672454
0.0659769
0.0645509
0.0629759
0.0612605
0.059413
0.0574403
0.0553485
0.0531579
0.0508851
0.0483253
0.045302
0.0233382
0.019879
0.0169976
0.0144895
0.0121128
0.00988154
0.0078137
0.00590983
0.00417096
0.0025998
0.00119926
-2.78712e-05
-0.00107899
-0.00195179
-0.00264438
-0.00315539
-0.00348398
-0.00362995
-0.00359371
-0.00337634
-0.00297962
-0.00240597
-0.00165852
-0.00074104
0.000342022
0.00158557
0.00298386
0.00453051
0.00621854
0.00804032
0.00998766
0.0120518
0.0142234
0.0164926
0.018849
0.0212819
0.0237799
0.0263314
0.0289242
0.0315458
0.0341837
0.0368247
0.0394556
0.0420633
0.0446342
0.0471549
0.0496122
0.0519929
0.0542839
0.0564727
0.0585469
0.0604949
0.0623054
0.0639678
0.0654724
0.0668102
0.0679732
0.0689544
0.0697478
0.0703485
0.0707529
0.0709586
0.0709644
0.0707702
0.0703774
0.0697881
0.0690061
0.0680358
0.0668827
0.0655529
0.0640532
0.0623907
0.0605727
0.0586065
0.0564975
0.0542506
0.0518869
0.0494235
0.0466352
0.0433295
0.0249206
0.0211817
0.0180751
0.0153803
0.012835
0.0104536
0.00825434
0.00623658
0.00439983
0.00274537
0.00127467
-1.09217e-05
-0.00111019
-0.00202216
-0.00274621
-0.0032821
-0.00363007
-0.00379088
-0.00376581
-0.0035567
-0.00316599
-0.00259668
-0.00185236
-0.00093722
0.000143983
0.0013859
0.0027826
0.00432758
0.00601378
0.00783354
0.0097787
0.0118405
0.0140098
0.0162767
0.0186311
0.0210622
0.0235589
0.0261097
0.0287026
0.0313253
0.0339651
0.0366092
0.0392445
0.0418578
0.0444357
0.0469648
0.0494318
0.0518234
0.0541266
0.0563287
0.0584171
0.0603799
0.0622057
0.0638836
0.0654034
0.0667558
0.0679324
0.0689255
0.0697287
0.0703365
0.0707446
0.0709497
0.07095
0.0707446
0.0703339
0.0697192
0.0689031
0.0678892
0.0666817
0.0652859
0.0637073
0.061952
0.0600262
0.0579363
0.0556866
0.0532813
0.0507424
0.0480878
0.0450728
0.0414894
0.0263084
0.0222953
0.0189668
0.0160864
0.0133725
0.0108398
0.0085072
0.00637293
0.00443524
0.00269422
0.00115006
-0.000197158
-0.00134747
-0.00230112
-0.0030586
-0.00362079
-0.00398892
-0.00416465
-0.00415008
-0.00394781
-0.0035609
-0.00299293
-0.00224798
-0.00133063
-0.000246
0.00100031
0.00240215
0.00395287
0.00564529
0.00747172
0.00942395
0.0114933
0.0136705
0.0159459
0.0183094
0.0207504
0.0232577
0.02582
0.0284254
0.0310617
0.0337164
0.0363765
0.0390291
0.041661
0.0442588
0.046809
0.0492982
0.0517132
0.0540407
0.0562678
0.0583817
0.0603703
0.0622217
0.0639248
0.0654689
0.0668443
0.068042
0.0690538
0.0698728
0.0704926
0.0709084
0.0711162
0.0711131
0.0708977
0.0704693
0.0698285
0.0689769
0.067917
0.0666523
0.0651868
0.0635254
0.0616732
0.0596356
0.0574181
0.0550244
0.0524582
0.0497424
0.0468961
0.0436558
0.0397982
0.0274836
0.0232009
0.0196531
0.0165886
0.0137062
0.0110217
0.00855452
0.00630198
0.0042613
0.00243147
0.000811606
-0.00059936
-0.00180259
-0.00279942
-0.00359143
-0.00418047
-0.00456871
-0.00475868
-0.00475329
-0.00455582
-0.00416997
-0.00359989
-0.00285012
-0.00192569
-0.000832046
0.000424912
0.00183881
0.00340282
0.00510964
0.00695147
0.00892006
0.0110067
0.0132022
0.0154968
0.0178806
0.0203428
0.0228727
0.0254586
0.0280889
0.0307514
0.0334336
0.0361226
0.0388055
0.0414688
0.0440993
0.0466835
0.0492077
0.0516585
0.0540225
0.0562865
0.0584375
0.0604629
0.0623506
0.064089
0.0656669
0.0670742
0.0683011
0.0693391
0.0701803
0.070818
0.0712463
0.0714606
0.0714573
0.071234
0.0707892
0.0701226
0.069235
0.0681281
0.0668043
0.0652669
0.06352
0.0615678
0.0594152
0.0570672
0.0545268
0.0517974
0.0489033
0.0458648
0.0424
0.0382704
0.0284291
0.0238805
0.0201158
0.0168682
0.0138179
0.0109814
0.00837898
0.00600714
0.00386218
0.00194218
0.000245254
-0.00123067
-0.00248779
-0.00352844
-0.00435519
-0.00497082
-0.00537839
-0.00558124
-0.00558302
-0.00538773
-0.00499968
-0.00442354
-0.00366438
-0.00272762
-0.00161907
-0.00034494
0.00108816
0.00267318
0.00440268
0.00626876
0.00826307
0.0103769
0.0126009
0.0149255
0.0173406
0.0198357
0.0223998
0.0250215
0.0276891
0.0303903
0.0331127
0.0358435
0.0385694
0.0412773
0.0439535
0.0465844
0.0491564
0.0516556
0.0540685
0.0563816
0.0585815
0.0606552
0.0625902
0.0643744
0.0659961
0.0674445
0.0687095
0.0697816
0.0706524
0.0713143
0.0717609
0.0719866
0.071987
0.0717588
0.0712999
0.070609
0.069686
0.0685319
0.0671482
0.0655376
0.0637034
0.0616491
0.0593793
0.0568983
0.0542091
0.0513147
0.0482408
0.0450094
0.0413199
0.0369195
0.0291288
0.0243171
0.0203373
0.0169076
0.01369
0.0107015
0.00796358
0.00547195
0.00322209
0.00121127
-0.000563295
-0.00210459
-0.00341576
-0.00450007
-0.005361
-0.00600222
-0.0064276
-0.00664129
-0.00664765
-0.00645134
-0.00605728
-0.00547069
-0.00469712
-0.00374241
-0.00261274
-0.00131464
0.00014503
0.001759
0.00351965
0.00541895
0.00744845
0.00959931
0.0118623
0.0142276
0.0166853
0.0192246
0.0218348
0.0245044
0.0272215
0.029974
0.0327494
0.0355347
0.0383168
0.0410821
0.0438171
0.0465078
0.0491404
0.051701
0.0541754
0.0565499
0.0588109
0.0609447
0.0629385
0.0647794
0.0664555
0.067955
0.0692673
0.0703822
0.0712906
0.0719841
0.0724554
0.0726981
0.0727072
0.0724782
0.0720083
0.0712955
0.0703388
0.0691383
0.0676949
0.0660107
0.0640882
0.0619306
0.0595419
0.0569262
0.0540863
0.0510251
0.04777
0.0443444
0.0404296
0.0357581
0.0295672
0.0244942
0.0203005
0.0166896
0.013305
0.0101649
0.0072915
0.00468003
0.00232519
0.000223498
-0.00162861
-0.00323499
-0.00459965
-0.00572673
-0.00662057
-0.00728566
-0.00772668
-0.00794851
-0.00795624
-0.00775515
-0.00735077
-0.00674886
-0.00595543
-0.00497677
-0.00381942
-0.00249024
-0.000996371
0.000654701
0.00245515
0.0043968
0.00647108
0.00866905
0.0109814
0.0133983
0.0159097
0.0185049
0.021173
0.0239025
0.0266816
0.029498
0.0323391
0.0351919
0.0380431
0.0408791
0.043686
0.0464497
0.0491562
0.051791
0.0543399
0.0567887
0.0591231
0.0613294
0.0633937
0.065303
0.0670444
0.0686057
0.0699753
0.0711425
0.0720972
0.0728303
0.0733336
0.0736
0.0736234
0.0733987
0.0729221
0.0721907
0.0712027
0.0699577
0.0684558
0.0666983
0.0646874
0.0624258
0.0599171
0.0571654
0.0541733
0.0509436
0.0475056
0.0438841
0.0397425
0.0347982
0.029729
0.0243956
0.0199887
0.0161971
0.012646
0.00935454
0.006346
0.00361497
0.00115549
-0.00103658
-0.00296556
-0.00463611
-0.00605305
-0.00722135
-0.00814615
-0.00883275
-0.00928658
-0.00951326
-0.00951855
-0.00930837
-0.00888884
-0.00826624
-0.00744709
-0.00643808
-0.00524614
-0.00387846
-0.00234247
-0.000645906
0.00120321
0.00319652
0.00532533
0.00758057
0.00995282
0.0124322
0.0150086
0.0176713
0.0204092
0.0232108
0.0260643
0.0289573
0.031877
0.0348104
0.0377439
0.0406638
0.0435559
0.0464061
0.0491997
0.0519222
0.0545589
0.057095
0.0595159
0.0618072
0.0639546
0.0659443
0.0677627
0.0693969
0.0708347
0.0720643
0.0730749
0.0738566
0.0744002
0.0746977
0.0747421
0.0745276
0.0740493
0.0733036
0.072288
0.0710011
0.0694426
0.0676131
0.0655143
0.0631486
0.0605194
0.0576306
0.0544848
0.051085
0.0474621
0.0436427
0.0392719
0.034052
0.0295989
0.0240053
0.0193854
0.0154133
0.011696
0.00825352
0.00511023
0.00226021
-0.000303175
-0.00258469
-0.00458937
-0.00632261
-0.00779002
-0.00899736
-0.00995056
-0.0106557
-0.0111189
-0.0113465
-0.011345
-0.0111208
-0.0106808
-0.0100317
-0.0091805
-0.00813434
-0.00690053
-0.0054866
-0.00390028
-0.00214956
-0.000242674
0.00181182
0.00400508
0.00632791
0.00877076
0.0113237
0.0139765
0.0167183
0.019538
0.0224241
0.0253645
0.0283468
0.0313582
0.0343852
0.0374144
0.0404317
0.0434227
0.0463729
0.0492674
0.0520912
0.0548292
0.0574661
0.0599869
0.0623765
0.0646199
0.0667026
0.0686104
0.0703296
0.0718469
0.07315
0.0742269
0.0750669
0.0756599
0.075997
0.0760701
0.0758726
0.0753987
0.074644
0.0736051
0.07228
0.0706676
0.0687681
0.0665826
0.0641134
0.0613635
0.0583369
0.0550361
0.0514644
0.0476543
0.0436345
0.0390311
0.0335316
0.0291617
0.0233072
0.0184739
0.0143212
0.0104378
0.00684467
0.00356719
0.000598944
-0.0020673
-0.00443693
-0.00651565
-0.00830959
-0.0098251
-0.0110687
-0.0120471
-0.0127672
-0.0132357
-0.0134598
-0.0134465
-0.013203
-0.0127367
-0.0120547
-0.0111647
-0.0100741
-0.00879079
-0.0073225
-0.00567732
-0.0038635
-0.0018895
0.000235924
0.00250376
0.00490466
0.00742897
0.0100666
0.0128073
0.0156401
0.0185537
0.0215366
0.0245766
0.0276612
0.0307772
0.0339114
0.0370497
0.040178
0.0432817
0.0463458
0.0493551
0.0522943
0.0551477
0.0578995
0.060534
0.0630356
0.0653886
0.0675777
0.069588
0.0714047
0.073014
0.0744022
0.0755568
0.0764659
0.0771184
0.0775044
0.0776149
0.0774423
0.0769799
0.0762223
0.0751655
0.0738066
0.0721439
0.0701771
0.0679068
0.065335
0.0624647
0.0592997
0.0558427
0.0520971
0.0480975
0.043874
0.0390342
0.0332496
0.0284017
0.0222849
0.0172374
0.0129037
0.00885412
0.00511062
0.00169955
-0.00138595
-0.00415372
-0.00660977
-0.00876045
-0.0106126
-0.0121733
-0.0134499
-0.0144498
-0.0151806
-0.0156498
-0.0158653
-0.0158348
-0.015566
-0.0150669
-0.0143453
-0.0134092
-0.0122666
-0.0109256
-0.00939452
-0.00768162
-0.00579544
-0.00374471
-0.00153837
0.000814377
0.00330404
0.00592082
0.00865456
0.0114947
0.0144304
0.0174503
0.0205425
0.0236949
0.0268947
0.0301288
0.0333835
0.0366447
0.039898
0.0431284
0.0463206
0.0494592
0.052528
0.0555112
0.0583923
0.061155
0.063783
0.0662598
0.0685694
0.0706959
0.0726237
0.074338
0.0758242
0.0770687
0.0780585
0.0787816
0.0792269
0.0793845
0.0792457
0.0788028
0.0780496
0.0769811
0.0755937
0.0738851
0.0718544
0.0695018
0.066829
0.0638389
0.0605352
0.0569208
0.0529993
0.0488072
0.0443766
0.0392954
0.0332194
0.0273028
0.0209215
0.0156586
0.0111432
0.00692726
0.00303357
-0.000510399
-0.00371202
-0.00657976
-0.0091202
-0.0113403
-0.0132478
-0.0148503
-0.016156
-0.0171731
-0.0179098
-0.0183746
-0.0185758
-0.0185219
-0.0182213
-0.0176826
-0.016914
-0.0159241
-0.0147213
-0.0133143
-0.0117115
-0.00992162
-0.00795351
-0.00581613
-0.00351863
-0.00107039
0.00151893
0.00423938
0.0070807
0.0100322
0.0130829
0.0162214
0.0194356
0.0227133
0.0260416
0.0294072
0.0327961
0.0361942
0.0395865
0.042958
0.046293
0.0495753
0.0527888
0.0559166
0.058942
0.0618479
0.0646172
0.0672327
0.0696775
0.0719349
0.0739882
0.0758215
0.0774194
0.078767
0.0798503
0.080656
0.0811722
0.0813876
0.0812925
0.0808782
0.0801375
0.0790646
0.077655
0.0759057
0.0738153
0.0713836
0.0686118
0.0655028
0.0620604
0.0582874
0.0541878
0.0498001
0.0451582
0.03983
0.033455
0.0258484
0.0191999
0.0137197
0.00902175
0.00463896
0.000595251
-0.0030809
-0.00639738
-0.00936325
-0.0119857
-0.0142724
-0.0162317
-0.0178722
-0.0192026
-0.0202319
-0.0209693
-0.0214238
-0.0216045
-0.0215206
-0.0211812
-0.0205952
-0.0197718
-0.0187199
-0.0174484
-0.0159663
-0.0142825
-0.0124061
-0.0103462
-0.00811193
-0.00571274
-0.00315818
-0.000458086
0.00237746
0.00533804
0.00841291
0.0115909
0.0148605
0.0182095
0.0216257
0.0250958
0.0286065
0.0321436
0.0356926
0.0392386
0.0427658
0.0462582
0.0496995
0.0530728
0.0563608
0.059546
0.0626106
0.0655369
0.0683067
0.0709023
0.0733059
0.0754999
0.0774673
0.0791915
0.0806565
0.081847
0.0827487
0.0833482
0.0836333
0.083593
0.0832175
0.0824987
0.0814296
0.0800049
0.0782211
0.0760759
0.0735687
0.0707006
0.067474
0.0638931
0.0599604
0.0556805
0.0510936
0.0462358
0.0406543
0.0339715
0.0240212
0.0171021
0.0114024
0.00652056
0.00197039
-0.00222324
-0.00603081
-0.0094607
-0.0125226
-0.0152244
-0.0175745
-0.0195818
-0.0212557
-0.0226059
-0.023642
-0.0243741
-0.0248118
-0.0249652
-0.024844
-0.024458
-0.0238169
-0.0229303
-0.0218075
-0.0204582
-0.0188917
-0.0171172
-0.0151443
-0.0129822
-0.0106405
-0.00812883
-0.00545686
-0.00263463
0.000327629
0.00341938
0.00662974
0.00994745
0.0133608
0.0168577
0.0204255
0.0240511
0.0277207
0.0314201
0.0351346
0.0388487
0.0425466
0.0462118
0.0498275
0.0533763
0.0568403
0.0602014
0.063441
0.0665405
0.0694811
0.0722438
0.07481
0.0771609
0.0792784
0.0811447
0.0827424
0.084055
0.0850671
0.0857637
0.0861315
0.0861583
0.085833
0.0851463
0.0840903
0.0826589
0.0808475
0.0786532
0.0760751
0.0731137
0.0697714
0.0660522
0.061959
0.0574962
0.0527065
0.0476277
0.0417857
0.0347854
0.0218032
0.0146094
0.0086875
0.0036203
-0.00109799
-0.00544151
-0.00937968
-0.0129214
-0.0160771
-0.0188552
-0.0212649
-0.0233159
-0.0250183
-0.0263827
-0.0274196
-0.0281397
-0.0285537
-0.0286723
-0.0285059
-0.028065
-0.0273601
-0.0264011
-0.0251983
-0.0237615
-0.0221006
-0.0202254
-0.0181455
-0.0158706
-0.0134106
-0.0107752
-0.00797446
-0.00501848
-0.00191765
0.00131737
0.00467557
0.00814561
0.0117157
0.0153736
0.0191065
0.0229012
0.0267438
0.0306198
0.0345143
0.0384116
0.0422955
0.0461491
0.049955
0.0536954
0.0573519
0.0609055
0.064337
0.0676268
0.0707553
0.0737024
0.0764484
0.0789734
0.081258
0.0832831
0.0850301
0.086481
0.087619
0.0884278
0.0888927
0.089
0.0887374
0.0880945
0.0870622
0.0856332
0.0838022
0.0815655
0.0789217
0.0758707
0.0724149
0.0685582
0.0643034
0.0596553
0.0546587
0.0493534
0.043243
0.0359144
0.0191754
0.0117023
0.00555514
0.000300735
-0.00458659
-0.00908002
-0.0131479
-0.0167997
-0.0200466
-0.0228977
-0.0253628
-0.0274526
-0.0291781
-0.0305506
-0.0315816
-0.0322825
-0.032665
-0.0327405
-0.0325203
-0.0320156
-0.0312374
-0.0301966
-0.0289037
-0.0273693
-0.0256037
-0.0236169
-0.0214192
-0.0190205
-0.0164308
-0.0136603
-0.0107191
-0.00761746
-0.00436597
-0.000975381
0.00254321
0.00617836
0.00991819
0.0137503
0.017662
0.0216397
0.0256695
0.0297367
0.0338261
0.0379218
0.0420072
0.0460651
0.0500776
0.0540263
0.0578921
0.0616555
0.0652964
0.0687943
0.0721286
0.0752783
0.0782223
0.0809396
0.0834095
0.0856115
0.0875254
0.0891321
0.0904129
0.0913503
0.0919279
0.0921305
0.0919447
0.0913584
0.0903613
0.0889452
0.0871036
0.0848322
0.0821286
0.0789925
0.0754259
0.0714327
0.0670156
0.0621797
0.0569719
0.0514342
0.0450468
0.037378
0.016118
0.00836033
0.00198435
-0.00345933
-0.00851676
-0.0131602
-0.0173568
-0.0211168
-0.024452
-0.0273722
-0.0298882
-0.0320115
-0.0337539
-0.0351277
-0.0361453
-0.0368191
-0.0371616
-0.0371851
-0.0369017
-0.0363235
-0.0354621
-0.0343291
-0.0329356
-0.0312928
-0.0294113
-0.0273019
-0.024975
-0.0224409
-0.01971
-0.0167925
-0.0136988
-0.0104394
-0.00702489
-0.0034662
0.000225512
0.00403872
0.00796149
0.0119814
0.0160855
0.0202603
0.0244917
0.0287648
0.0330642
0.0373738
0.0416766
0.0459551
0.0501908
0.0543649
0.0584575
0.0624485
0.066317
0.0700416
0.0736006
0.0769718
0.080133
0.083062
0.0857365
0.0881345
0.0902346
0.0920157
0.0934577
0.0945415
0.0952488
0.0955632
0.0954694
0.0949539
0.0940052
0.0926136
0.0907716
0.088474
0.0857176
0.0825015
0.0788274
0.074699
0.0701191
0.0650928
0.0596693
0.0538928
0.0472192
0.0391972
0.01261
0.00456184
-0.00204688
-0.00768217
-0.0129109
-0.0177044
-0.0220287
-0.0258947
-0.029315
-0.0323003
-0.034862
-0.0370128
-0.0387653
-0.0401329
-0.0411289
-0.0417669
-0.0420601
-0.0420218
-0.0416652
-0.0410029
-0.0400475
-0.0388112
-0.0373058
-0.0355431
-0.0335343
-0.0312905
-0.0288225
-0.026141
-0.0232567
-0.02018
-0.0169215
-0.0134919
-0.00990181
-0.00616228
-0.00228453
0.00171988
0.00583894
0.0100602
0.0143707
0.0187568
0.0232043
0.0276982
0.032223
0.0367621
0.0412985
0.0458141
0.0502902
0.0547071
0.0590447
0.0632818
0.0673968
0.0713673
0.0751706
0.0787834
0.0821821
0.0853431
0.0882427
0.0908574
0.093164
0.0951397
0.0967628
0.0980121
0.098868
0.0993119
0.0993269
0.098898
0.0980121
0.0966581
0.0948273
0.0925132
0.0897118
0.0864218
0.0826441
0.0783824
0.0736394
0.0684201
0.0627763
0.0567542
0.0497844
0.0413955
0.00862938
0.000284118
-0.00656175
-0.0123913
-0.0177927
-0.0227363
-0.0271872
-0.0311568
-0.0346586
-0.0377042
-0.0403061
-0.0424776
-0.0442327
-0.0455858
-0.0465513
-0.0471437
-0.0473775
-0.0472668
-0.0468258
-0.0460681
-0.045007
-0.0436556
-0.0420263
-0.0401316
-0.0379831
-0.0355924
-0.032971
-0.0301296
-0.0270794
-0.0238309
-0.020395
-0.0167824
-0.0130039
-0.00907054
-0.00499363
-0.000784747
0.00354411
0.00798047
0.0125113
0.017123
0.0218013
0.0265311
0.0312967
0.0360814
0.0408677
0.0456374
0.0503712
0.0550491
0.05965
0.0641523
0.0685333
0.0727699
0.0768381
0.0807134
0.084371
0.0877856
0.0909322
0.0937854
0.0963203
0.0985124
0.100338
0.101774
0.102798
0.103391
0.103534
0.103209
0.102402
0.1011
0.0992931
0.0969735
0.0941363
0.0907792
0.0869027
0.0825101
0.0776039
0.0721893
0.0663203
0.0600454
0.0527689
0.0439979
0.0041527
-0.00449689
-0.0115848
-0.0176115
-0.0231871
-0.0282809
-0.032857
-0.0369275
-0.0405069
-0.0436077
-0.0462432
-0.0484281
-0.0501775
-0.0515069
-0.0524318
-0.0529681
-0.0531312
-0.0529366
-0.0523992
-0.0515337
-0.0503544
-0.0488751
-0.047109
-0.0450692
-0.042768
-0.0402176
-0.0374296
-0.0344154
-0.0311861
-0.0277529
-0.0241265
-0.0203178
-0.0163378
-0.0121975
-0.00790812
-0.00348133
0.00107093
0.00573622
0.0105016
0.0153533
0.0202772
0.0252581
0.03028
0.0353264
0.0403793
0.0454202
0.0504296
0.0553867
0.0602701
0.0650571
0.0697245
0.074248
0.0786025
0.0827623
0.0867011
0.0903923
0.0938089
0.096924
0.0997107
0.102142
0.104193
0.105839
0.107054
0.107817
0.108108
0.107906
0.107195
0.105962
0.104193
0.101881
0.0990179
0.0956016
0.0916318
0.0871114
0.0820424
0.0764302
0.0703312
0.063796
0.0562014
0.0470324
-0.000844742
-0.00980669
-0.017142
-0.0233691
-0.0291205
-0.0343647
-0.0390645
-0.0432329
-0.0468853
-0.0500353
-0.0526975
-0.0548875
-0.0566218
-0.0579173
-0.0587907
-0.0592591
-0.0593393
-0.0590479
-0.0584009
-0.0574143
-0.0561032
-0.0544822
-0.0525656
-0.0503669
-0.0478993
-0.0451752
-0.042207
-0.0390063
-0.0355845
-0.031953
-0.0281228
-0.0241047
-0.0199097
-0.015549
-0.0110338
-0.00637551
-0.00158613
0.00332201
0.008336
0.0134423
0.0186266
0.0238737
0.0291679
0.0344921
0.0398285
0.0451581
0.050461
0.0557162
0.0609014
0.0659935
0.0709681
0.0758001
0.0804633
0.0849305
0.0891742
0.0931659
0.0968771
0.100279
0.103342
0.106039
0.10834
0.110219
0.11165
0.112607
0.113067
0.113009
0.112415
0.111268
0.109554
0.107262
0.104385
0.100919
0.0968627
0.0922181
0.0869872
0.0811754
0.0748413
0.0680381
0.0601134
0.0505294
-0.00638915
-0.0156724
-0.0232611
-0.0296921
-0.0356212
-0.0410157
-0.0458374
-0.0501003
-0.0538207
-0.0570134
-0.0596941
-0.06188
-0.0635889
-0.064839
-0.0656486
-0.0660362
-0.06602
-0.0656177
-0.064847
-0.0637246
-0.0622668
-0.0604894
-0.0584074
-0.0560351
-0.0533863
-0.0504741
-0.0473112
-0.0439097
-0.0402814
-0.0364377
-0.0323897
-0.0281486
-0.0237251
-0.0191304
-0.0143757
-0.00947224
-0.00443195
0.000733004
0.00600984
0.0113851
0.0168447
0.0223735
0.0279555
0.033574
0.0392107
0.0448466
0.0504615
0.0560337
0.0615407
0.0669585
0.072262
0.0774249
0.0824199
0.0872186
0.0917918
0.0961095
0.100141
0.103856
0.107223
0.110211
0.112789
0.114929
0.1166
0.117776
0.118431
0.118541
0.118085
0.117044
0.115402
0.113147
0.11027
0.106765
0.102629
0.0978648
0.0924736
0.0864602
0.0798862
0.0728068
0.0645394
0.054522
-0.0125084
-0.0221227
-0.0299715
-0.0366103
-0.042719
-0.0482639
-0.0532055
-0.0575588
-0.0613415
-0.0645694
-0.0672597
-0.0694311
-0.0711029
-0.0722949
-0.0730272
-0.0733196
-0.0731919
-0.0726635
-0.0717531
-0.070479
-0.0688587
-0.0669088
-0.0646453
-0.0620836
-0.0592379
-0.0561222
-0.0527495
-0.0491324
-0.0452828
-0.0412125
-0.0369326
-0.0324542
-0.0277884
-0.0229459
-0.0179379
-0.0127756
-0.00747057
-0.00203484
0.00351902
0.00917779
0.0149274
0.0207531
0.0266388
0.0325678
0.0385219
0.0444819
0.0504272
0.0563359
0.0621849
0.0679496
0.0736041
0.079121
0.0844718
0.089627
0.0945556
0.0992259
0.103606
0.107661
0.11136
0.114669
0.117553
0.119982
0.121923
0.123345
0.124222
0.124525
0.124231
0.123318
0.121769
0.119569
0.116706
0.113173
0.108967
0.104089
0.0985396
0.0923233
0.0855043
0.0781404
0.0695169
0.0590467
-0.0192322
-0.0291885
-0.0373047
-0.0441556
-0.0504461
-0.0561411
-0.0612003
-0.0656396
-0.0694779
-0.0727326
-0.0754223
-0.0775675
-0.0791891
-0.0803089
-0.0809486
-0.0811298
-0.0808741
-0.0802025
-0.0791353
-0.077692
-0.0758915
-0.0737517
-0.0712897
-0.0685215
-0.0654623
-0.0621267
-0.0585282
-0.0546797
-0.0505936
-0.0462816
-0.0417551
-0.0370253
-0.0321028
-0.0269986
-0.0217236
-0.0162886
-0.010705
-0.00498457
0.000860427
0.00681703
0.0128715
0.0190091
0.0252143
0.0314701
0.0377586
0.0440604
0.0503548
0.0566196
0.0628312
0.0689643
0.0749924
0.0808871
0.0866187
0.0921563
0.0974673
0.102518
0.107275
0.111701
0.115762
0.119422
0.122644
0.125392
0.127633
0.129333
0.13046
0.130985
0.130879
0.13012
0.128686
0.12656
0.123728
0.120182
0.115916
0.110931
0.105227
0.0988067
0.0917379
0.0840808
0.075087
0.0641432
-0.0265921
-0.0369027
-0.0452945
-0.0523623
-0.0588367
-0.0646817
-0.0698556
-0.0743756
-0.0782621
-0.0815339
-0.0842116
-0.0863172
-0.087874
-0.0889056
-0.0894356
-0.0894879
-0.0890858
-0.0882521
-0.0870089
-0.0853773
-0.0833777
-0.0810291
-0.0783498
-0.0753569
-0.0720664
-0.0684934
-0.0646521
-0.0605558
-0.0562172
-0.0516481
-0.04686
-0.0418638
-0.0366705
-0.0312904
-0.0257343
-0.0200128
-0.014137
-0.00811802
-0.00196793
0.00430071
0.0106745
0.0171392
0.0236792
0.0302781
0.0369178
0.0435792
0.0502414
0.0568819
0.0634768
0.0700004
0.0764252
0.0827221
0.0888602
0.0948071
0.100529
0.10599
0.111153
0.115982
0.120438
0.124481
0.128073
0.131176
0.13375
0.13576
0.13717
0.137947
0.13806
0.137481
0.136187
0.134158
0.131377
0.127833
0.12352
0.118436
0.11258
0.105956
0.0986329
0.0906737
0.0812947
0.0698554
-0.0346222
-0.0453007
-0.0539772
-0.0612671
-0.0679279
-0.0739224
-0.0792078
-0.0838024
-0.0877284
-0.0910064
-0.0936588
-0.09571
-0.0971852
-0.0981105
-0.0985118
-0.0984152
-0.0978462
-0.0968296
-0.0953893
-0.0935484
-0.0913287
-0.0887508
-0.085834
-0.0825967
-0.0790557
-0.0752268
-0.0711248
-0.0667634
-0.0621556
-0.0573132
-0.0522479
-0.0469705
-0.0414916
-0.0358215
-0.0299704
-0.0239486
-0.0177667
-0.0114356
-0.00496671
0.00162794
0.00833538
0.0151417
0.0220319
0.0289898
0.0359975
0.043036
0.0500846
0.0571206
0.0641198
0.071056
0.0779011
0.0846251
0.091196
0.0975801
0.103742
0.109643
0.115246
0.120511
0.125395
0.129857
0.133856
0.137348
0.140293
0.142648
0.144376
0.145439
0.145803
0.145436
0.14431
0.142403
0.139694
0.136171
0.131825
0.126652
0.12065
0.113822
0.10624
0.0979692
0.0881893
0.0762308
-0.0433588
-0.0544205
-0.063392
-0.0709098
-0.0777596
-0.083903
-0.0892959
-0.0939581
-0.0979136
-0.101185
-0.103797
-0.105777
-0.107152
-0.10795
-0.108201
-0.107934
-0.107175
-0.105952
-0.104291
-0.102218
-0.0997551
-0.0969254
-0.0937493
-0.0902463
-0.0864342
-0.0823297
-0.077948
-0.0733033
-0.0684088
-0.0632765
-0.057918
-0.0523439
-0.0465646
-0.04059
-0.03443
-0.0280943
-0.0215929
-0.0149362
-0.00813498
-0.00120071
0.00585429
0.0130167
0.020272
0.0276043
0.0349964
0.0424295
0.0498828
0.0573339
0.0647582
0.0721294
0.0794187
0.0865952
0.0936261
0.100476
0.107108
0.113482
0.119558
0.125293
0.130642
0.135562
0.140005
0.143926
0.147279
0.15002
0.152105
0.153491
0.154142
0.15402
0.153094
0.151337
0.148727
0.145245
0.140882
0.135631
0.12949
0.122459
0.114614
0.106022
0.0958249
0.0833219
-0.0528411
-0.0643034
-0.0735813
-0.0813336
-0.0883752
-0.0946664
-0.100162
-0.104884
-0.108857
-0.112108
-0.114662
-0.11655
-0.117803
-0.118452
-0.118529
-0.118065
-0.117091
-0.115636
-0.113729
-0.111397
-0.108666
-0.10556
-0.102101
-0.0983092
-0.094204
-0.0898027
-0.0851212
-0.080174
-0.0749746
-0.0695351
-0.0638668
-0.0579804
-0.0518856
-0.0455922
-0.0391093
-0.0324462
-0.0256121
-0.0186167
-0.0114701
-0.00418295
0.00323306
0.0107654
0.0184001
0.0261221
0.0339146
0.0417591
0.0496353
0.0575208
0.0653912
0.0732196
0.0809771
0.088632
0.0961503
0.103496
0.110629
0.11751
0.124094
0.130336
0.136189
0.141605
0.146534
0.150926
0.154731
0.157899
0.160383
0.162135
0.163112
0.163273
0.162583
0.161008
0.158523
0.155107
0.150746
0.145432
0.139158
0.131927
0.123815
0.114893
0.104261
0.0911861
-0.0631117
-0.0749943
-0.0845916
-0.0925855
-0.0998218
-0.106259
-0.111852
-0.116623
-0.120601
-0.123814
-0.126291
-0.128066
-0.129172
-0.129646
-0.12952
-0.128831
-0.127613
-0.125897
-0.123715
-0.121097
-0.11807
-0.11466
-0.110892
-0.106787
-0.102365
-0.0976442
-0.0926415
-0.0873717
-0.0818483
-0.0760835
-0.0700886
-0.0638738
-0.0574485
-0.0508218
-0.0440022
-0.0369983
-0.0298186
-0.0224718
-0.0149672
-0.00731459
0.000475317
0.00839078
0.0164188
0.0245449
0.0327532
0.0410256
0.0493423
0.0576813
0.0660182
0.0743262
0.0825758
0.0907351
0.098769
0.10664
0.114307
0.121728
0.128857
0.135646
0.142044
0.147999
0.153457
0.158365
0.162668
0.16631
0.169239
0.171402
0.17275
0.173237
0.172821
0.171465
0.169138
0.165814
0.161477
0.156115
0.14972
0.142292
0.13391
0.124648
0.113562
0.0998863
-0.0742168
-0.086542
-0.0964734
-0.104717
-0.112151
-0.118733
-0.124416
-0.129226
-0.133192
-0.136347
-0.138724
-0.14036
-0.141292
-0.141559
-0.141201
-0.140255
-0.138759
-0.13675
-0.134261
-0.131325
-0.127972
-0.12423
-0.120124
-0.115678
-0.110914
-0.10585
-0.100503
-0.0948894
-0.0890222
-0.0829136
-0.0765746
-0.0700151
-0.063244
-0.0562697
-0.0490999
-0.0417422
-0.0342044
-0.0264941
-0.0186194
-0.0105893
-0.00241332
0.00589782
0.0143322
0.0228762
0.0315148
0.0402308
0.049005
0.057816
0.0666395
0.075449
0.0842149
0.0929045
0.101482
0.10991
0.118145
0.126142
0.133854
0.141229
0.148215
0.154754
0.16079
0.166263
0.171113
0.17528
0.178704
0.181328
0.183096
0.183956
0.183858
0.182762
0.180629
0.177429
0.173142
0.167752
0.161247
0.153626
0.144971
0.13536
0.1238
0.109492
-0.0862068
-0.0990002
-0.109282
-0.117784
-0.12542
-0.132144
-0.137909
-0.142743
-0.14668
-0.149754
-0.152004
-0.15347
-0.154195
-0.154223
-0.153596
-0.152358
-0.150549
-0.14821
-0.145378
-0.142089
-0.138376
-0.134269
-0.129795
-0.12498
-0.119845
-0.114412
-0.108697
-0.102717
-0.0964853
-0.0900137
-0.0833129
-0.0763922
-0.06926
-0.0619238
-0.0543904
-0.0466665
-0.0387585
-0.0306731
-0.0224172
-0.0139984
-0.00542499
0.00329346
0.0121462
0.021121
0.0302037
0.0393782
0.0486261
0.0579267
0.0672565
0.0765889
0.0858945
0.0951406
0.104291
0.113306
0.122142
0.130753
0.139087
0.147092
0.15471
0.161882
0.168546
0.174636
0.180087
0.184834
0.18881
0.191951
0.194193
0.195477
0.195748
0.194957
0.19306
0.19002
0.185812
0.180416
0.173817
0.16601
0.157081
0.147109
0.135053
0.120079
-0.0991371
-0.112428
-0.12308
-0.13185
-0.13969
-0.146553
-0.15239
-0.157232
-0.161117
-0.164085
-0.166177
-0.167439
-0.16792
-0.167669
-0.166733
-0.165161
-0.162998
-0.160288
-0.157074
-0.153394
-0.149283
-0.144775
-0.1399
-0.134683
-0.12915
-0.123319
-0.117211
-0.110841
-0.104223
-0.0973686
-0.0902877
-0.0829893
-0.0754807
-0.0677686
-0.0598587
-0.0517565
-0.0434671
-0.0349959
-0.0263483
-0.0175305
-0.00854942
0.00058689
0.00986911
0.0192863
0.0288257
0.0384725
0.0482093
0.0580164
0.067871
0.0777472
0.0876158
0.097444
0.107195
0.116829
0.126301
0.135563
0.144561
0.15324
0.161539
0.169395
0.176739
0.183503
0.189614
0.195001
0.199589
0.203307
0.206084
0.207851
0.208547
0.208113
0.206499
0.203661
0.199566
0.19419
0.187515
0.17953
0.170326
0.159984
0.14741
0.131732
-0.113069
-0.126891
-0.137934
-0.146984
-0.155031
-0.162028
-0.167925
-0.172756
-0.176564
-0.179393
-0.181291
-0.18231
-0.182504
-0.181929
-0.180638
-0.178685
-0.176121
-0.172996
-0.169354
-0.16524
-0.160691
-0.155744
-0.15043
-0.144778
-0.138813
-0.132557
-0.126028
-0.119244
-0.112217
-0.104959
-0.0974797
-0.0897867
-0.0818868
-0.0737851
-0.0654863
-0.0569944
-0.0483131
-0.0394461
-0.0303975
-0.0211716
-0.0117737
-0.00221022
0.0075112
0.0173813
0.0273887
0.0375203
0.04776
0.0580892
0.0684863
0.0789261
0.0893801
0.0998157
0.110196
0.120481
0.130624
0.140575
0.15028
0.159679
0.168709
0.177301
0.185384
0.192881
0.199716
0.205808
0.211075
0.215438
0.218816
0.221133
0.222317
0.222299
0.221022
0.218432
0.214491
0.209167
0.202436
0.194286
0.184806
0.174083
0.160967
0.144544
-0.12807
-0.142462
-0.153921
-0.163264
-0.171521
-0.178646
-0.184587
-0.189384
-0.193084
-0.195737
-0.197399
-0.198128
-0.197986
-0.197035
-0.195336
-0.19295
-0.189933
-0.18634
-0.182222
-0.177626
-0.172594
-0.167164
-0.161373
-0.155248
-0.148818
-0.142104
-0.135127
-0.127902
-0.120443
-0.112761
-0.104865
-0.0967607
-0.0884545
-0.0799501
-0.0712506
-0.0623585
-0.0532757
-0.0440043
-0.0345464
-0.0249046
-0.0150822
-0.00508367
0.00508521
0.015417
0.0259024
0.0365297
0.0472847
0.0581503
0.0691062
0.0801285
0.0911893
0.102257
0.113294
0.124261
0.13511
0.14579
0.156245
0.166412
0.176225
0.185611
0.194493
0.20279
0.210416
0.217283
0.223303
0.228385
0.23244
0.235379
0.237121
0.237588
0.236709
0.234423
0.230681
0.225446
0.218685
0.210383
0.200631
0.189516
0.175831
0.158618
-0.144217
-0.159224
-0.171128
-0.180776
-0.189246
-0.196491
-0.202458
-0.207192
-0.210747
-0.213181
-0.214557
-0.214942
-0.214407
-0.213021
-0.210854
-0.207974
-0.204445
-0.200327
-0.195676
-0.190545
-0.18498
-0.179022
-0.172709
-0.166073
-0.159141
-0.151937
-0.144481
-0.136789
-0.128874
-0.120747
-0.112414
-0.103883
-0.095156
-0.0862363
-0.0771252
-0.0678233
-0.0583308
-0.0486475
-0.0387735
-0.0287094
-0.0184563
-0.00801653
0.00260635
0.0134071
0.0243784
0.0355107
0.0467918
0.0582065
0.0697359
0.0813578
0.0930456
0.104768
0.11649
0.128169
0.139759
0.151209
0.162458
0.173443
0.184094
0.194333
0.204079
0.213244
0.221735
0.229456
0.236309
0.242192
0.247006
0.250651
0.253031
0.254058
0.253648
0.251729
0.248242
0.243138
0.236379
0.227943
0.217921
0.206405
0.192121
0.174068
-0.161594
-0.177269
-0.189649
-0.199618
-0.208304
-0.215658
-0.221628
-0.226265
-0.229632
-0.231795
-0.232826
-0.232804
-0.231808
-0.229919
-0.227215
-0.223773
-0.219664
-0.214956
-0.209712
-0.203988
-0.197835
-0.191298
-0.184417
-0.177226
-0.169753
-0.162024
-0.154058
-0.145871
-0.137476
-0.128882
-0.120095
-0.11112
-0.101959
-0.092612
-0.0830795
-0.0733595
-0.0634501
-0.053349
-0.0430538
-0.0325627
-0.0218746
-0.0109892
9.23062e-05
0.0113671
0.0228304
0.0344751
0.046291
0.0582653
0.0703812
0.0826184
0.0949517
0.107352
0.119783
0.132205
0.144572
0.15683
0.168919
0.180773
0.192318
0.203474
0.214152
0.224259
0.233695
0.242354
0.250128
0.256904
0.262569
0.267011
0.270121
0.271795
0.271935
0.270457
0.267287
0.262367
0.255647
0.247098
0.236814
0.224886
0.209972
0.191023
-0.180299
-0.196702
-0.209596
-0.219903
-0.228805
-0.236254
-0.242199
-0.246698
-0.249824
-0.251653
-0.252272
-0.251768
-0.250234
-0.247762
-0.244442
-0.240359
-0.235595
-0.230225
-0.224318
-0.217937
-0.211136
-0.203965
-0.196465
-0.188673
-0.180619
-0.172328
-0.16382
-0.15511
-0.14621
-0.137127
-0.127868
-0.118433
-0.108825
-0.0990409
-0.0890783
-0.0789334
-0.0686018
-0.0580785
-0.0473588
-0.0364381
-0.0253126
-0.0139794
-0.00243676
0.00931512
0.0212742
0.0334361
0.0457934
0.0583357
0.0710489
0.0839147
0.0969103
0.110008
0.123174
0.136368
0.149545
0.162652
0.175626
0.188401
0.2009
0.213037
0.224721
0.235849
0.246315
0.256004
0.264795
0.272564
0.279184
0.284528
0.28847
0.29089
0.291675
0.290722
0.287944
0.283268
0.276633
0.268
0.257462
0.245111
0.229532
0.209625
-0.200442
-0.217644
-0.231095
-0.241757
-0.250876
-0.2584
-0.264284
-0.268594
-0.271416
-0.272839
-0.272962
-0.27189
-0.269728
-0.266582
-0.262555
-0.257743
-0.252239
-0.246125
-0.239479
-0.232369
-0.224854
-0.216989
-0.208816
-0.200375
-0.191697
-0.182806
-0.173722
-0.164459
-0.155029
-0.145437
-0.135688
-0.12578
-0.115713
-0.105482
-0.0950822
-0.0845073
-0.0737498
-0.0628021
-0.0516566
-0.0403059
-0.0287429
-0.016962
-0.0049583
0.00727109
0.0197272
0.0324087
0.0453113
0.0584275
0.0717462
0.0852518
0.098924
0.112737
0.12666
0.140655
0.154675
0.168669
0.182576
0.196325
0.209837
0.223024
0.235789
0.248024
0.259613
0.27043
0.280345
0.289218
0.296908
0.303271
0.308162
0.311443
0.31298
0.312652
0.310354
0.305994
0.299498
0.290815
0.280036
0.267254
0.250972
0.230034
-0.22215
-0.240233
-0.25429
-0.265326
-0.274658
-0.282235
-0.288013
-0.292072
-0.294512
-0.29544
-0.294972
-0.293229
-0.290334
-0.286409
-0.28157
-0.275929
-0.269587
-0.262639
-0.255169
-0.247252
-0.238953
-0.230329
-0.221426
-0.212284
-0.202936
-0.193405
-0.183711
-0.173867
-0.163882
-0.153761
-0.143505
-0.13311
-0.122574
-0.111889
-0.101047
-0.0900391
-0.0788544
-0.0674824
-0.0559123
-0.0441334
-0.0321356
-0.0199096
-0.00744757
0.00525704
0.0182086
0.0314093
0.0448582
0.0585513
0.0724807
0.0866344
0.100995
0.11554
0.13024
0.14506
0.159956
0.174876
0.18976
0.204536
0.219124
0.233433
0.247359
0.26079
0.2736
0.285655
0.296809
0.30691
0.315799
0.323312
0.329286
0.333558
0.335973
0.336387
0.33467
0.330714
0.324424
0.315734
0.304732
0.29151
0.274482
0.252433
-0.245569
-0.26463
-0.279349
-0.290781
-0.300319
-0.307915
-0.313532
-0.317263
-0.319229
-0.319556
-0.318381
-0.315846
-0.312096
-0.307269
-0.3015
-0.294914
-0.287627
-0.279744
-0.271356
-0.262547
-0.253386
-0.243933
-0.234239
-0.224343
-0.214277
-0.204066
-0.193728
-0.183274
-0.172711
-0.162041
-0.151263
-0.14037
-0.129357
-0.118212
-0.106925
-0.0954832
-0.0838723
-0.0720786
-0.0600876
-0.0478853
-0.0354579
-0.0227927
-0.00987789
0.00329658
0.0167389
0.0304551
0.0444481
0.0587178
0.0732602
0.088067
0.103125
0.118414
0.133909
0.149578
0.165379
0.181262
0.197167
0.213024
0.228752
0.244255
0.259427
0.274149
0.288287
0.301696
0.314217
0.325682
0.335914
0.344727
0.351934
0.357347
0.360786
0.362078
0.361067
0.357618
0.351615
0.342972
0.33177
0.318102
0.300279
0.277027
-0.270869
-0.291022
-0.306468
-0.318317
-0.32805
-0.335623
-0.341006
-0.344315
-0.345693
-0.345291
-0.343272
-0.339804
-0.335054
-0.329185
-0.322349
-0.31469
-0.306336
-0.297404
-0.287996
-0.278202
-0.268096
-0.257741
-0.24719
-0.236484
-0.225653
-0.214721
-0.203705
-0.192613
-0.181449
-0.170213
-0.158899
-0.1475
-0.136003
-0.124396
-0.112664
-0.10079
-0.0887568
-0.0765468
-0.0641418
-0.0515238
-0.0386753
-0.0255796
-0.0122211
0.00141458
0.0153396
0.0295642
0.0440956
0.058938
0.0740919
0.0895532
0.105313
0.121356
0.137661
0.154198
0.170931
0.187811
0.204782
0.221773
0.238704
0.255476
0.271982
0.288095
0.303675
0.318564
0.332592
0.345572
0.357307
0.367588
0.376202
0.382932
0.387564
0.389894
0.389734
0.386918
0.3813
0.372771
0.361404
0.347284
0.328614
0.304051
-0.298251
-0.31963
-0.335877
-0.348163
-0.358071
-0.365565
-0.370625
-0.373395
-0.374045
-0.37276
-0.369734
-0.365165
-0.359249
-0.352174
-0.344115
-0.335235
-0.325678
-0.315574
-0.305033
-0.294153
-0.283013
-0.271679
-0.260205
-0.24863
-0.236986
-0.225293
-0.213565
-0.201809
-0.190024
-0.178207
-0.166347
-0.154434
-0.142451
-0.130382
-0.118207
-0.105907
-0.0934583
-0.0808407
-0.0680317
-0.0550092
-0.0417515
-0.0282377
-0.0144478
-0.000363339
0.0140326
0.0287546
0.0438148
0.0592221
0.0749819
0.0910951
0.107558
0.12436
0.141485
0.158908
0.176596
0.194506
0.212583
0.23076
0.248957
0.267076
0.285005
0.302615
0.319757
0.336263
0.351949
0.366611
0.38003
0.39197
0.402189
0.410436
0.41646
0.420018
0.420884
0.418852
0.413741
0.405413
0.393922
0.379349
0.359773
0.333776
-0.32795
-0.350714
-0.367848
-0.38059
-0.390644
-0.397983
-0.402606
-0.404689
-0.404441
-0.402086
-0.397857
-0.391989
-0.384711
-0.376242
-0.366783
-0.356517
-0.345606
-0.334192
-0.322397
-0.310323
-0.298055
-0.285661
-0.273194
-0.260693
-0.248187
-0.235694
-0.223225
-0.21078
-0.198357
-0.185946
-0.173533
-0.161103
-0.148635
-0.136107
-0.123496
-0.110777
-0.0979248
-0.0849121
-0.0717128
-0.0583006
-0.0446493
-0.0307334
-0.0165286
-0.00201147
0.0128395
0.0280439
0.043619
0.0595791
0.0759348
0.0926928
0.109855
0.127416
0.145367
0.163688
0.182352
0.201319
0.220541
0.239954
0.259479
0.279022
0.298468
0.317684
0.336516
0.354786
0.372297
0.388825
0.404128
0.417944
0.429994
0.43999
0.447639
0.452651
0.454752
0.45369
0.449237
0.441216
0.429661
0.414639
0.39409
0.366512
-0.360249
-0.384585
-0.402702
-0.415918
-0.426073
-0.433157
-0.437196
-0.438408
-0.437053
-0.433401
-0.427734
-0.420332
-0.411466
-0.401386
-0.390325
-0.378487
-0.366054
-0.353181
-0.339999
-0.326618
-0.313124
-0.299586
-0.286056
-0.272572
-0.259158
-0.245829
-0.232589
-0.219436
-0.20636
-0.193347
-0.180379
-0.167433
-0.154484
-0.141505
-0.128469
-0.115345
-0.102103
-0.0887114
-0.0751397
-0.0613565
-0.0473311
-0.0330334
-0.018434
-0.00350475
0.0117811
0.0274485
0.0435201
0.060016
0.0769528
0.0943434
0.112196
0.130513
0.14929
0.168516
0.188169
0.208219
0.22862
0.249315
0.270229
0.291271
0.312328
0.333264
0.353921
0.374113
0.393627
0.412224
0.429636
0.445571
0.459713
0.471729
0.481277
0.488012
0.491602
0.491735
0.488128
0.48055
0.469009
0.453549
0.431952
0.402624
-0.395485
-0.421618
-0.440829
-0.454526
-0.464717
-0.471414
-0.47468
-0.47479
-0.472066
-0.466841
-0.459456
-0.450245
-0.439524
-0.427585
-0.414691
-0.401075
-0.386935
-0.372441
-0.357733
-0.342924
-0.328102
-0.313336
-0.298675
-0.284153
-0.269788
-0.25559
-0.241556
-0.227679
-0.213942
-0.200324
-0.186801
-0.173345
-0.159925
-0.146509
-0.133063
-0.119551
-0.105938
-0.092189
-0.0782668
-0.0641358
-0.0497603
-0.0351052
-0.0201361
-0.0048196
0.0108764
0.0269825
0.0435273
0.0605369
0.0780347
0.0960402
0.114569
0.133631
0.153229
0.173361
0.194013
0.215162
0.236771
0.25879
0.281151
0.303767
0.326528
0.349301
0.371923
0.394203
0.415916
0.436805
0.456576
0.474906
0.491438
0.505789
0.517558
0.526337
0.531722
0.53333
0.530802
0.523845
0.512422
0.496548
0.473819
0.442537
-0.434067
-0.462263
-0.482694
-0.496871
-0.507001
-0.513133
-0.515382
-0.514099
-0.509684
-0.50255
-0.49311
-0.481762
-0.468878
-0.454795
-0.439812
-0.424187
-0.40814
-0.391851
-0.375468
-0.359107
-0.342856
-0.326779
-0.310921
-0.295309
-0.279955
-0.264861
-0.250016
-0.235405
-0.221003
-0.206784
-0.192715
-0.178761
-0.164885
-0.151049
-0.137213
-0.123336
-0.109377
-0.0952957
-0.0810499
-0.0665988
-0.0519017
-0.0369184
-0.021609
-0.00593498
0.0101416
0.0266571
0.0436465
0.0611424
0.0791751
0.0977719
0.116956
0.136745
0.157153
0.178185
0.199837
0.222096
0.244936
0.268314
0.292174
0.316435
0.340994
0.365721
0.390454
0.414997
0.439117
0.46254
0.484949
0.505985
0.525247
0.542299
0.556672
0.56788
0.575435
0.578862
0.577711
0.571601
0.560437
0.54419
0.520236
0.486759
-0.476493
-0.507076
-0.528867
-0.543504
-0.553433
-0.558762
-0.559677
-0.556629
-0.550123
-0.54067
-0.528771
-0.514901
-0.499496
-0.482945
-0.465584
-0.447699
-0.429526
-0.411259
-0.393049
-0.37501
-0.357228
-0.339761
-0.322646
-0.3059
-0.289526
-0.273516
-0.25785
-0.242503
-0.227442
-0.212632
-0.198031
-0.183598
-0.169288
-0.155056
-0.140857
-0.126643
-0.112368
-0.0979846
-0.0834469
-0.0687085
-0.0537232
-0.0384455
-0.0228303
-0.00683336
0.00958903
0.0264794
0.0438792
0.061828
0.0803636
0.0995212
0.119333
0.139826
0.161023
0.18294
0.205586
0.228958
0.253042
0.277808
0.303211
0.329182
0.355627
0.382424
0.409415
0.436405
0.463154
0.489375
0.514728
0.53882
0.561204
0.581382
0.59881
0.612911
0.623093
0.628769
0.629371
0.624404
0.61369
0.597136
0.571854
0.535892
-0.523381
-0.556739
-0.580045
-0.595091
-0.604619
-0.608823
-0.60799
-0.602706
-0.59361
-0.581336
-0.566494
-0.54965
-0.531313
-0.511926
-0.491867
-0.471446
-0.450919
-0.430482
-0.410289
-0.39045
-0.371041
-0.352112
-0.333687
-0.315771
-0.298356
-0.28142
-0.264933
-0.248858
-0.233152
-0.217769
-0.20266
-0.187774
-0.173059
-0.158463
-0.143933
-0.129416
-0.11486
-0.100212
-0.0854194
-0.0704314
-0.0551964
-0.0396634
-0.0237819
-0.00750187
0.00922625
0.0264513
0.0442214
0.0625836
0.0815834
0.101264
0.121668
0.142832
0.16479
0.18757
0.211193
0.23567
0.261001
0.287173
0.314155
0.341891
0.370304
0.399283
0.42868
0.458304
0.487915
0.517217
0.54585
0.57339
0.599342
0.62314
0.644158
0.661711
0.675082
0.683546
0.686382
0.682946
0.672944
0.656188
0.629467
0.590669
-0.575496
-0.612102
-0.637094
-0.652448
-0.661288
-0.663928
-0.660805
-0.652683
-0.640375
-0.624668
-0.606304
-0.585956
-0.564215
-0.541581
-0.518472
-0.495223
-0.472098
-0.449298
-0.42697
-0.405213
-0.384092
-0.363639
-0.343864
-0.324756
-0.306291
-0.288432
-0.271136
-0.254352
-0.238025
-0.222098
-0.206513
-0.191209
-0.176127
-0.161205
-0.146384
-0.131605
-0.116809
-0.101938
-0.0869338
-0.0717395
-0.0562985
-0.0405544
-0.0244513
-0.00793344
0.00905477
0.0265686
0.0446629
0.0633923
0.0828104
0.10297
0.123922
0.145715
0.168396
0.192004
0.216576
0.242139
0.268709
0.296292
0.324874
0.354421
0.384872
0.416136
0.448081
0.480528
0.513242
0.545925
0.578205
0.609628
0.639652
0.667645
0.692883
0.714563
0.731818
0.743746
0.749436
0.748045
0.739116
0.722321
0.694046
0.651982
-0.633805
-0.674239
-0.701094
-0.716582
-0.724315
-0.724796
-0.718668
-0.706936
-0.690637
-0.670751
-0.648177
-0.623709
-0.598026
-0.57169
-0.545152
-0.518765
-0.492798
-0.467444
-0.442836
-0.419058
-0.396152
-0.37413
-0.352982
-0.332675
-0.313167
-0.294404
-0.276324
-0.258863
-0.241952
-0.225523
-0.209504
-0.193827
-0.178422
-0.163222
-0.148158
-0.133164
-0.118176
-0.10313
-0.0879626
-0.0726108
-0.057013
-0.0411075
-0.0248329
-0.00812788
0.00906912
0.0268197
0.0451858
0.0642294
0.0840127
0.104598
0.126046
0.148417
0.171771
0.196162
0.221642
0.248257
0.276043
0.305024
0.335213
0.366598
0.399144
0.432783
0.467408
0.50286
0.53892
0.575298
0.611616
0.647401
0.682068
0.714917
0.745122
0.771743
0.793737
0.809988
0.819337
0.820677
0.813321
0.796738
0.766796
0.720941
-0.699544
-0.744518
-0.773409
-0.788736
-0.79476
-0.792262
-0.782183
-0.765851
-0.744589
-0.719616
-0.692016
-0.662718
-0.632492
-0.601955
-0.571587
-0.541748
-0.512696
-0.484609
-0.457595
-0.431709
-0.406968
-0.383354
-0.36083
-0.339339
-0.318815
-0.299183
-0.280362
-0.262272
-0.244828
-0.227948
-0.211551
-0.195556
-0.179884
-0.16446
-0.149207
-0.134054
-0.118929
-0.103763
-0.0884862
-0.0730313
-0.0573313
-0.0413194
-0.0249289
-0.00809289
0.00925586
0.0271853
0.0457641
0.0650619
0.0851494
0.106098
0.12798
0.150867
0.174833
0.199948
0.226282
0.253898
0.282857
0.313208
0.344989
0.378218
0.412892
0.448977
0.486396
0.525024
0.564668
0.605059
0.645828
0.686494
0.72644
0.764902
0.800951
0.833496
0.861288
0.88295
0.897007
0.902003
0.896926
0.880939
0.849234
0.798937
-0.774311
-0.82471
-0.85578
-0.870463
-0.873901
-0.867293
-0.852007
-0.829801
-0.802366
-0.771208
-0.737624
-0.702686
-0.667251
-0.631982
-0.597371
-0.563768
-0.531406
-0.500429
-0.470908
-0.44286
-0.416262
-0.391061
-0.367186
-0.344551
-0.32306
-0.302616
-0.283117
-0.264461
-0.246551
-0.229288
-0.212579
-0.196332
-0.180458
-0.164874
-0.149496
-0.134246
-0.119046
-0.103819
-0.0884937
-0.0729958
-0.0572537
-0.0411957
-0.0247501
-0.00784488
0.0095928
0.0276369
0.0463628
0.0658476
0.0861703
0.107412
0.129655
0.152986
0.17749
0.203255
0.230369
0.25892
0.288989
0.320656
0.353989
0.389042
0.425851
0.464422
0.504723
0.546673
0.590123
0.634839
0.680483
0.726581
0.772505
0.817438
0.860355
0.900004
0.934903
0.963361
0.983505
0.993412
0.991614
0.976818
0.9433
0.887751
-0.860216
-0.917141
-0.950455
-0.963709
-0.963275
-0.950991
-0.928824
-0.899107
-0.863995
-0.825336
-0.784655
-0.743169
-0.701809
-0.661258
-0.621996
-0.584338
-0.548472
-0.514486
-0.482398
-0.452171
-0.423733
-0.396987
-0.371819
-0.348108
-0.325728
-0.304553
-0.284458
-0.265322
-0.247028
-0.229464
-0.212522
-0.1961
-0.1801
-0.16443
-0.148998
-0.13372
-0.118512
-0.103293
-0.0879843
-0.0725089
-0.05679
-0.0407514
-0.0243169
-0.00740963
0.0100485
0.0281371
0.046938
0.0665352
0.0870159
0.108471
0.130993
0.154681
0.179635
0.205961
0.233766
0.263161
0.294254
0.327157
0.361972
0.398796
0.437709
0.478769
0.522001
0.567382
0.614826
0.664158
0.715092
0.767194
0.819847
0.87221
0.923177
0.971337
1.01496
1.05198
1.08002
1.09656
1.09948
1.08679
1.05151
0.989697
-0.960094
-1.02492
-1.06037
-1.07092
-1.06473
-1.04458
-1.0133
-0.973975
-0.929335
-0.88161
-0.832565
-0.783539
-0.735503
-0.689125
-0.644834
-0.602878
-0.563365
-0.526307
-0.491646
-0.459276
-0.429063
-0.400855
-0.374492
-0.34981
-0.326648
-0.30485
-0.284266
-0.264753
-0.246175
-0.228406
-0.211325
-0.194818
-0.178778
-0.163103
-0.147697
-0.132468
-0.117327
-0.102188
-0.0869681
-0.0715858
-0.0559604
-0.0400118
-0.0236596
-0.00682255
0.0105821
0.0286392
0.0474362
0.0670641
0.0876175
0.109196
0.131904
0.155851
0.181154
0.207933
0.236319
0.266445
0.298449
0.332475
0.368667
0.407167
0.448108
0.491611
0.537769
0.586637
0.638211
0.692405
0.749015
0.807684
0.867851
0.92869
0.989048
1.04738
1.1017
1.14953
1.18788
1.21342
1.22313
1.214
1.17721
1.10786
-1.07785
-1.15229
-1.18941
-1.1952
-1.18042
-1.14935
-1.10599
-1.05439
-0.997968
-0.939356
-0.880537
-0.822923
-0.767465
-0.714757
-0.665126
-0.618702
-0.57548
-0.535363
-0.498194
-0.463783
-0.431919
-0.402386
-0.374969
-0.349459
-0.325656
-0.303372
-0.28243
-0.262666
-0.243924
-0.226063
-0.208949
-0.192458
-0.176473
-0.160885
-0.145592
-0.130495
-0.115501
-0.100521
-0.0854664
-0.0702528
-0.054796
-0.0390125
-0.0228184
-0.00612864
0.0111435
0.0290873
0.0477956
0.0673652
0.087898
0.109502
0.13229
0.156386
0.181919
0.209028
0.237863
0.268581
0.301353
0.336356
0.373777
0.41381
0.456649
0.502485
0.551496
0.60383
0.659593
0.718817
0.781424
0.847183
0.915643
0.98606
1.0573
1.12774
1.19516
1.25663
1.30846
1.34629
1.36583
1.36255
1.3249
1.24643
-1.21904
-1.30514
-1.34275
-1.3404
-1.31287
-1.26659
-1.2072
-1.13998
-1.06907
-0.997501
-0.927398
-0.860147
-0.796583
-0.73714
-0.681967
-0.631021
-0.584137
-0.541076
-0.501558
-0.465287
-0.431965
-0.401303
-0.373025
-0.346872
-0.322606
-0.300003
-0.27886
-0.258991
-0.240222
-0.222397
-0.20537
-0.189006
-0.173181
-0.15778
-0.142694
-0.127819
-0.113059
-0.0983204
-0.0835124
-0.0685473
-0.0533383
-0.037799
-0.0218429
-0.00538198
0.0116738
0.0294176
0.0479464
0.0673623
0.0877731
0.109294
0.132048
0.156169
0.181799
0.209094
0.238224
0.26937
0.302733
0.338528
0.376985
0.418353
0.462893
0.510876
0.562576
0.618257
0.678159
0.742467
0.81128
0.884553
0.962024
1.04312
1.12684
1.21157
1.29494
1.37362
1.44312
1.49779
1.53165
1.53789
1.50082
1.41135
-1.39183
-1.49188
-1.52736
-1.51134
-1.46477
-1.39732
-1.31674
-1.22973
-1.14119
-1.05442
-0.971513
-0.893669
-0.821464
-0.75505
-0.694306
-0.638947
-0.588596
-0.542835
-0.501235
-0.463379
-0.42887
-0.39734
-0.368448
-0.341885
-0.317369
-0.294645
-0.273485
-0.253678
-0.235037
-0.21739
-0.200581
-0.184467
-0.168917
-0.153809
-0.139029
-0.124472
-0.110037
-0.095627
-0.0811506
-0.0665174
-0.0516387
-0.0364263
-0.0207917
-0.00464473
0.0121069
0.0295592
0.0478126
0.0669731
0.0871536
0.108476
0.13107
0.155079
0.180658
0.207978
0.237226
0.268607
0.302352
0.33871
0.377958
0.420402
0.466371
0.516225
0.570344
0.629125
0.692969
0.762255
0.837309
0.918347
1.0054
1.09819
1.19598
1.29738
1.40002
1.5003
1.59293
1.67077
1.72562
1.7473
1.71379
1.61125
-1.60876
-1.72473
-1.75262
-1.7138
-1.63882
-1.5419
-1.43347
-1.32169
-1.21203
-1.10777
-1.01068
-0.921518
-0.840404
-0.76705
-0.700954
-0.641508
-0.58807
-0.540008
-0.496723
-0.457664
-0.422327
-0.39026
-0.361057
-0.33436
-0.309846
-0.28723
-0.266258
-0.246702
-0.228359
-0.211046
-0.194598
-0.178864
-0.163709
-0.149006
-0.134639
-0.120499
-0.106483
-0.0924929
-0.078436
-0.0642208
-0.0497575
-0.0349573
-0.0197304
-0.00398563
0.0123707
0.0294364
0.0473139
0.0661121
0.0859478
0.106947
0.129246
0.152996
0.178362
0.205526
0.234693
0.26609
0.299971
0.336622
0.376364
0.419555
0.466598
0.517942
0.574084
0.635565
0.70297
0.776909
0.85799
0.946775
1.0437
1.14895
1.26229
1.38277
1.50837
1.6355
1.75828
1.86802
1.95374
2.00056
1.97659
1.85937
-1.8901
-2.0219
-2.03107
-1.95437
-1.83703
-1.69939
-1.55475
-1.41249
-1.2781
-1.15428
-1.04201
-0.941258
-0.851394
-0.771516
-0.700615
-0.637682
-0.581762
-0.531979
-0.487551
-0.447783
-0.412065
-0.379863
-0.35071
-0.324199
-0.299974
-0.27772
-0.257165
-0.238064
-0.220203
-0.20339
-0.187453
-0.172239
-0.157605
-0.143425
-0.129579
-0.115957
-0.102457
-0.0889805
-0.0754329
-0.0617235
-0.0477626
-0.0334614
-0.0187302
-0.00347781
0.0123898
0.0289708
0.0463687
0.0646938
0.0840647
0.10461
0.126472
0.149804
0.174781
0.201595
0.230462
0.261627
0.295368
0.331999
0.37188
0.415423
0.463096
0.515439
0.573062
0.636663
0.707023
0.785013
0.871575
0.967699
1.07436
1.19239
1.32234
1.46409
1.61646
1.77645
1.93815
2.0916
2.22283
2.31063
2.30813
2.17696
-2.27059
-2.41093
-2.37889
-2.23954
-2.05946
-1.86621
-1.67545
-1.49669
-1.33433
-1.18957
-1.0619
-0.949979
-0.852149
-0.76668
-0.691939
-0.626449
-0.568905
-0.51818
-0.4733
-0.433435
-0.397873
-0.366006
-0.337314
-0.31135
-0.287728
-0.266116
-0.246223
-0.227795
-0.21061
-0.194472
-0.179204
-0.16465
-0.150668
-0.137129
-0.123916
-0.110917
-0.0980312
-0.0851608
-0.072213
-0.0590978
-0.0457267
-0.032012
-0.0178653
-0.00319644
0.0120877
0.0280846
0.044897
0.0626351
0.0814178
0.101375
0.122649
0.145399
0.1698
0.196054
0.224384
0.255048
0.28834
0.324599
0.364216
0.407646
0.455417
0.508149
0.566562
0.631501
0.703952
0.785057
0.876131
0.978657
1.09427
1.22468
1.37151
1.53602
1.71858
1.91776
2.12877
2.34152
2.53955
2.69419
2.73692
2.60032
-2.81314
-2.93358
-2.81507
-2.57292
-2.3013
-2.03395
-1.7864
-1.56585
-1.3736
-1.20792
-1.06589
-0.944314
-0.840155
-0.750689
-0.673572
-0.606827
-0.548799
-0.498113
-0.453626
-0.414385
-0.379598
-0.348596
-0.320821
-0.295797
-0.273121
-0.252446
-0.233475
-0.215948
-0.199642
-0.184357
-0.169918
-0.15617
-0.142971
-0.130195
-0.117725
-0.105453
-0.0932795
-0.0811093
-0.0688517
-0.0564189
-0.0437249
-0.0306843
-0.0172109
-0.00321688
0.0113887
0.026701
0.0428208
0.0598565
0.0779252
0.0971552
0.117688
0.139683
0.163316
0.188789
0.216331
0.246205
0.278715
0.314214
0.353116
0.395906
0.443158
0.495555
0.55391
0.619198
0.692591
0.775494
0.869596
0.976914
1.09983
1.24109
1.40378
1.59109
1.8059
2.04982
2.32129
2.61265
2.90749
3.17069
3.30595
3.19487
-3.63211
-3.65031
-3.35765
-2.95029
-2.54886
-2.18663
-1.87297
-1.60795
-1.38662
-1.20243
-1.04899
-0.920714
-0.812922
-0.721813
-0.644327
-0.578013
-0.520908
-0.471434
-0.428316
-0.390517
-0.357188
-0.327628
-0.301258
-0.27759
-0.256215
-0.236784
-0.219
-0.202607
-0.187382
-0.173131
-0.159683
-0.146884
-0.134599
-0.122705
-0.111089
-0.0996471
-0.0882827
-0.0769048
-0.0654261
-0.0537626
-0.0418316
-0.0295512
-0.0168387
-0.00360971
0.010223
0.0247512
0.040072
0.0562899
0.0735184
0.0918821
0.111519
0.132584
0.15525
0.179716
0.20621
0.234992
0.266368
0.300696
0.338396
0.37997
0.426016
0.477257
0.534567
0.599018
0.671923
0.754911
0.850003
0.959716
1.08719
1.23633
1.41189
1.61958
1.86589
2.15741
2.49909
2.89069
3.32213
3.7584
4.07681
4.07838
-4.93394
-4.64065
-4.01645
-3.35563
-2.77798
-2.30082
-1.91621
-1.60908
-1.36376
-1.1667
-1.0071
-0.876643
-0.768965
-0.679255
-0.603847
-0.53993
-0.485328
-0.438342
-0.397629
-0.362117
-0.330942
-0.303401
-0.278917
-0.257009
-0.237278
-0.219383
-0.203038
-0.187995
-0.174042
-0.160991
-0.14868
-0.136962
-0.12571
-0.114806
-0.104142
-0.093622
-0.0831531
-0.0726495
-0.0620289
-0.0512118
-0.0401203
-0.0286768
-0.0168035
-0.00442049
0.00855472
0.0222088
0.0366338
0.0519288
0.0682015
0.0855702
0.104167
0.124138
0.145651
0.168896
0.194092
0.221492
0.251393
0.284143
0.320157
0.359932
0.404067
0.453291
0.508502
0.570812
0.641616
0.722678
0.816253
0.925252
1.05346
1.20585
1.38893
1.61129
1.88396
2.22079
2.63781
3.15049
3.76663
4.46678
5.12953
5.46078
-7.17814
-6.00422
-4.75336
-3.73052
-2.93577
-2.33561
-1.88773
-1.55092
-1.29373
-1.09405
-0.936459
-0.810111
-0.707355
-0.62271
-0.552186
-0.492829
-0.442413
-0.399235
-0.361974
-0.329589
-0.301249
-0.276282
-0.254141
-0.234375
-0.216606
-0.200517
-0.185841
-0.172346
-0.159835
-0.148134
-0.137092
-0.126573
-0.116459
-0.106639
-0.0970154
-0.0874971
-0.0779992
-0.0684416
-0.0587481
-0.0488449
-0.0386597
-0.0281205
-0.0171551
-0.00568929
0.00635344
0.0190535
0.0324965
0.0467742
0.0619868
0.0782442
0.0956687
0.114397
0.134586
0.156411
0.180076
0.20582
0.233921
0.264705
0.298565
0.335972
0.377496
0.423838
0.475868
0.534674
0.601638
0.67854
0.767702
0.872201
0.996184
1.14533
1.32756
1.55404
1.84066
2.21011
2.69466
3.33686
4.18015
5.25641
6.56567
7.80735
-11.5602
-7.80268
-5.29308
-3.82
-2.84178
-2.1723
-1.71136
-1.38443
-1.14419
-0.962318
-0.821132
-0.70916
-0.618741
-0.544613
-0.483057
-0.431374
-0.387561
-0.350101
-0.317821
-0.289805
-0.26532
-0.243778
-0.224696
-0.20768
-0.192396
-0.178567
-0.165955
-0.154358
-0.1436
-0.133527
-0.124006
-0.114915
-0.106148
-0.0976082
-0.0892071
-0.0808632
-0.0725003
-0.0640466
-0.0554335
-0.0465947
-0.037465
-0.0279798
-0.018074
-0.00768081
0.00326853
0.0148463
0.0271292
0.0401997
0.0541472
0.0690702
0.0850777
0.102292
0.120851
0.140913
0.162658
0.186297
0.212077
0.240287
0.271274
0.305455
0.343335
0.385535
0.432826
0.486179
0.546831
0.616383
0.696949
0.791367
0.903537
1.03896
1.2056
1.41537
1.68652
2.04824
2.54904
3.26601
4.30365
5.85008
8.4499
12.3182
-18.9699
-9.55627
-5.06816
-3.2474
-2.28439
-1.70024
-1.32934
-1.07809
-0.896661
-0.759577
-0.65265
-0.567234
-0.497736
-0.440363
-0.392437
-0.351999
-0.317583
-0.288068
-0.262577
-0.240416
-0.221026
-0.203955
-0.188826
-0.175329
-0.1632
-0.152218
-0.142192
-0.132957
-0.124369
-0.116302
-0.108646
-0.101301
-0.094177
-0.0871924
-0.080273
-0.0733494
-0.066357
-0.0592346
-0.0519235
-0.0443667
-0.0365086
-0.0282935
-0.0196657
-0.0105679
-0.000941388
0.00927561
0.0201484
0.0317468
0.0441465
0.0574303
0.0716896
0.0870263
0.103555
0.121406
0.140727
0.161691
0.184497
0.20938
0.236615
0.266536
0.299541
0.336116
0.376861
0.422525
0.474053
0.53266
0.599931
0.677981
0.769701
0.87916
1.01232
1.1783
1.39196
1.67956
2.09194
2.72596
3.75691
5.67366
10.2794
19.8164
)
;

boundaryField
{
    movingWall
    {
        type            zeroGradient;
    }
    fixedWalls
    {
        type            zeroGradient;
    }
    frontAndBack
    {
        type            empty;
    }
}


// ************************************************************************* //
