/*--------------------------------*- C++ -*----------------------------------*\
  =========                 |
  \\      /  F ield         | OpenFOAM: The Open Source CFD Toolbox
   \\    /   O peration     | Website:  https://openfoam.org
    \\  /    A nd           | Version:  7
     \\/     M anipulation  |
\*---------------------------------------------------------------------------*/
FoamFile
{
    version     2.0;
    format      ascii;
    class       volScalarField;
    location    "0.45";
    object      p;
}
// * * * * * * * * * * * * * * * * * * * * * * * * * * * * * * * * * * * * * //

dimensions      [0 2 -2 0 0 0 0];

internalField   nonuniform List<scalar> 
6400
(
5.15884e-06
2.10989e-05
-0.0004852
-0.00151828
-0.00296101
-0.00470313
-0.00664429
-0.00869494
-0.0107779
-0.0128276
-0.0147891
-0.0166161
-0.0182703
-0.0197198
-0.0209388
-0.0219067
-0.0226072
-0.0230283
-0.0231614
-0.023001
-0.0225447
-0.0217927
-0.0207473
-0.0194131
-0.0177965
-0.0159059
-0.013751
-0.0113432
-0.00869507
-0.00582047
-0.00273443
0.00054701
0.00400686
0.00762726
0.0113895
0.0152743
0.0192616
0.0233307
0.0274606
0.0316298
0.0358165
0.0399986
0.0441538
0.0482599
0.0522945
0.0562358
0.0600617
0.0637509
0.0672825
0.0706362
0.0737926
0.0767333
0.0794408
0.0818991
0.0840935
0.0860111
0.0876405
0.0889727
0.0900007
0.0907198
0.0911281
0.0912265
0.0910191
0.0905132
0.0897199
0.0886542
0.0873354
0.0857877
0.0840406
0.0821291
0.0800952
0.0779879
0.0758648
0.0737929
0.0718497
0.0701237
0.0687121
0.0677191
0.0672513
0.0672891
-3.0973e-06
1.05124e-05
-0.00044321
-0.00132677
-0.00254093
-0.00400647
-0.00564751
-0.00739165
-0.00917365
-0.0109362
-0.0126297
-0.0142116
-0.0156458
-0.0169019
-0.017955
-0.0187846
-0.0193744
-0.0197121
-0.0197885
-0.0195975
-0.0191358
-0.0184027
-0.0173997
-0.0161302
-0.0145997
-0.0128153
-0.0107857
-0.00852113
-0.00603295
-0.0033339
-0.000437762
0.00264062
0.00588549
0.00928023
0.0128074
0.016449
0.0201862
0.0239997
0.0278699
0.0317765
0.0356991
0.0396171
0.0435097
0.0473559
0.051135
0.0548265
0.0584099
0.0618655
0.0651737
0.0683159
0.0712742
0.0740315
0.076572
0.078881
0.0809453
0.0827533
0.0842951
0.0855627
0.0865503
0.0872543
0.0876738
0.0878104
0.0876688
0.0872569
0.0865859
0.0856708
0.0845306
0.0831887
0.0816732
0.0800173
0.0782599
0.0764461
0.0746273
0.0728619
0.0712153
0.0697589
0.0685657
0.0677106
0.0672874
0.0673264
0.00050372
0.000465703
1.17243e-05
-0.000804382
-0.00189534
-0.00319785
-0.00465072
-0.00619385
-0.00777162
-0.00933398
-0.0108366
-0.0122409
-0.0135134
-0.0146258
-0.0155543
-0.0162792
-0.0167848
-0.0170586
-0.0170914
-0.016877
-0.0164116
-0.0156938
-0.0147245
-0.0135065
-0.0120445
-0.0103448
-0.00841515
-0.00626494
-0.00390466
-0.00134608
0.00139796
0.00431364
0.00738616
0.0105999
0.0139386
0.0173851
0.0209218
0.0245304
0.0281923
0.0318886
0.0355998
0.0393065
0.042989
0.0466276
0.0502028
0.0536951
0.0570854
0.0603549
0.0634856
0.0664599
0.069261
0.0718731
0.0742815
0.0764727
0.0784344
0.0801561
0.0816288
0.0828454
0.0838011
0.0844928
0.0849203
0.0850856
0.0849938
0.0846528
0.0840737
0.0832713
0.0822638
0.0810736
0.079727
0.0782552
0.0766939
0.0750839
0.0734712
0.0719068
0.0704467
0.0691501
0.0680761
0.067285
0.0668625
0.0668601
0.00153675
0.00135175
0.00082796
8.55851e-06
-0.00103976
-0.00226341
-0.00361064
-0.00503072
-0.00647603
-0.00790296
-0.00927234
-0.0105494
-0.0117039
-0.0127096
-0.0135445
-0.01419
-0.0146311
-0.0148559
-0.0148555
-0.0146235
-0.0141561
-0.0134517
-0.0125107
-0.0113356
-0.0099303
-0.00830067
-0.00645385
-0.00439843
-0.00214421
0.000297829
0.00291563
0.00569618
0.00862554
0.011689
0.014871
0.0181554
0.0215255
0.0249639
0.0284531
0.0319748
0.0355108
0.0390425
0.0425511
0.0460181
0.0494248
0.0527528
0.055984
0.0591006
0.0620854
0.0649218
0.0675941
0.0700874
0.0723878
0.0744827
0.0763607
0.0780119
0.0794282
0.0806031
0.0815322
0.082213
0.0826455
0.082832
0.0827777
0.0824902
0.0819804
0.0812624
0.0803533
0.0792743
0.0780499
0.0767087
0.0752834
0.0738106
0.0723312
0.07089
0.0695349
0.0683164
0.0672849
0.066492
0.0660057
0.0658701
0.00298575
0.00257426
0.00192261
0.0010503
-5.44712e-06
-0.00119978
-0.00248881
-0.00383023
-0.00518378
-0.00651196
-0.00778056
-0.00895888
-0.0100198
-0.0109396
-0.0116982
-0.0122784
-0.0126663
-0.0128506
-0.012823
-0.0125773
-0.0121098
-0.0114186
-0.0105041
-0.00936832
-0.00801494
-0.0064492
-0.00467775
-0.00270856
-0.000550809
0.00178521
0.00428816
0.00694576
0.00974485
0.0126715
0.015711
0.018848
0.0220666
0.0253504
0.0286825
0.0320458
0.0354227
0.0387957
0.0421469
0.0454585
0.0487128
0.0518923
0.0549798
0.0579585
0.0608119
0.0635243
0.0660809
0.0684675
0.070671
0.0726795
0.0744824
0.0760704
0.0774359
0.0785729
0.0794774
0.0801472
0.0805825
0.0807857
0.0807617
0.0805179
0.0800646
0.079415
0.0785852
0.0775948
0.0764662
0.0752256
0.0739022
0.072529
0.0711416
0.0697788
0.0684817
0.0672928
0.0662552
0.0654127
0.0648063
0.0644585
0.00474857
0.00406019
0.00323754
0.00227203
0.00116746
-3.90805e-05
-0.00131034
-0.00261162
-0.00390934
-0.00517166
-0.00636913
-0.00747497
-0.00846527
-0.00931897
-0.0100179
-0.0105466
-0.0108923
-0.0110448
-0.0109961
-0.0107406
-0.0102748
-0.00959694
-0.00870725
-0.00760758
-0.00630133
-0.00479337
-0.00308992
-0.00119845
0.000872428
0.003113
0.00551257
0.00805952
0.0107414
0.0135449
0.0164562
0.0194606
0.0225431
0.0256879
0.028879
0.0321001
0.0353344
0.0385652
0.0417754
0.044948
0.0480662
0.0511133
0.0540727
0.0569285
0.059665
0.0622673
0.0647211
0.0670131
0.0691308
0.0710628
0.0727991
0.074331
0.0756512
0.0767541
0.0776359
0.0782947
0.0787306
0.0789459
0.0789452
0.0787355
0.0783264
0.07773
0.0769614
0.0760381
0.0749809
0.073813
0.0725608
0.071253
0.0699209
0.0685978
0.0673184
0.0661179
0.0650335
0.0641018
0.0633325
0.0627216
0.00673447
0.00574099
0.00471752
0.00362718
0.00243988
0.00118614
-0.000102229
-0.0013972
-0.0026712
-0.00389753
-0.00505115
-0.00610904
-0.0070504
-0.0078568
-0.00851215
-0.00900272
-0.00931708
-0.00944601
-0.00938239
-0.00912113
-0.00865898
-0.00799452
-0.00712797
-0.0060611
-0.00479716
-0.00334077
-0.00169779
0.000124711
0.00211856
0.00427457
0.00658258
0.00903156
0.0116097
0.0143043
0.0171021
0.0199894
0.0229515
0.0259736
0.0290403
0.0321359
0.0352446
0.0383502
0.0414364
0.044487
0.0474858
0.0504168
0.0532643
0.0560127
0.0586473
0.0611536
0.063518
0.0657277
0.0677708
0.0696364
0.0713149
0.0727979
0.0740784
0.0751511
0.0760123
0.0766601
0.0770945
0.0773175
0.0773334
0.0771486
0.0767718
0.0762141
0.0754891
0.0746129
0.0736039
0.0724831
0.0712734
0.0700003
0.0686906
0.0673729
0.066076
0.064829
0.063664
0.0626117
0.0616494
0.060746
0.00886417
0.00755211
0.00630872
0.00507042
0.0037743
0.00244564
0.00111189
-0.000204739
-0.001482
-0.00269779
-0.00383111
-0.00486244
-0.005774
-0.00654986
-0.00717606
-0.0076406
-0.00793345
-0.00804654
-0.0079736
-0.00771019
-0.00725356
-0.00660255
-0.00575756
-0.00472041
-0.00349426
-0.00208356
-0.000493946
0.00126783
0.00319398
0.00527573
0.0075034
0.00986646
0.0123536
0.0149528
0.0176514
0.020436
0.0232928
0.0262077
0.0291657
0.032152
0.0351512
0.0381478
0.0411263
0.044071
0.0469663
0.0497969
0.0525475
0.0552034
0.0577502
0.060174
0.0624617
0.0646009
0.0665801
0.0683889
0.0700178
0.0714588
0.0727051
0.0737514
0.0745941
0.0752311
0.0756622
0.0758891
0.0759156
0.0757474
0.0753923
0.0748603
0.0741635
0.0733165
0.0723355
0.071239
0.0700474
0.0687824
0.0674674
0.0661263
0.0647832
0.0634617
0.0621898
0.0609933
0.0598183
0.058608
0.0110706
0.00943605
0.00796167
0.00655918
0.00513481
0.00370976
0.00230808
0.000946997
-0.000355872
-0.00158252
-0.00271558
-0.00373879
-0.00463715
-0.00539718
-0.00600694
-0.00645619
-0.00673633
-0.00684044
-0.00676321
-0.00650091
-0.00605135
-0.00541377
-0.00458879
-0.00357837
-0.00238568
-0.00101509
0.000527916
0.00223683
0.00410416
0.00612147
0.00827948
0.0105681
0.0129765
0.0154931
0.0181058
0.0208018
0.0235678
0.0263901
0.0292545
0.0321467
0.0350518
0.037955
0.0408412
0.0436953
0.0465023
0.0492474
0.0519158
0.0544932
0.0569657
0.0593199
0.061543
0.0636229
0.0655486
0.0673097
0.0688971
0.0703028
0.0715202
0.0725439
0.0733702
0.0739969
0.0744234
0.0746511
0.074683
0.0745241
0.0741813
0.0736636
0.0729816
0.0721481
0.0711775
0.070086
0.0688913
0.0676122
0.0662686
0.0648806
0.063468
0.0620499
0.0606511
0.0592937
0.0578942
0.0563719
0.0132979
0.0113427
0.00963186
0.00805437
0.00648758
0.00494971
0.00346229
0.00203834
0.000691467
-0.000563901
-0.00171367
-0.0027445
-0.003644
-0.00440095
-0.0050054
-0.00544878
-0.00572392
-0.00582508
-0.00574794
-0.00548954
-0.00504829
-0.00442389
-0.00361727
-0.00263059
-0.00146712
-0.000131214
0.00137174
0.00303539
0.00485245
0.00681479
0.00891344
0.0111387
0.0134801
0.0159265
0.0184662
0.021087
0.023776
0.02652
0.0293054
0.0321181
0.034944
0.0377687
0.0405775
0.0433559
0.0460893
0.0487632
0.0513634
0.0538759
0.0562872
0.0585842
0.0607543
0.0627859
0.064668
0.0663904
0.0679442
0.0693213
0.0705151
0.0715202
0.0723326
0.0729498
0.0733709
0.0735967
0.0736297
0.073474
0.0731356
0.0726222
0.0719432
0.0711098
0.0701345
0.0690314
0.0678157
0.0665037
0.0651121
0.063658
0.0621573
0.0606253
0.0590846
0.0575548
0.0559245
0.0540911
0.0154992
0.0132286
0.0112797
0.00952036
0.00780111
0.0061381
0.00455108
0.00304956
0.0016437
0.000344848
-0.000835805
-0.00188755
-0.00280038
-0.00356518
-0.00417387
-0.00461949
-0.00489627
-0.00499965
-0.00492627
-0.00467401
-0.00424191
-0.00363016
-0.00284009
-0.0018741
-0.000735597
0.000570987
0.0020403
0.00366608
0.0054412
0.00735775
0.00940703
0.0115796
0.0138654
0.0162536
0.0187329
0.0212915
0.0239169
0.0265963
0.0293166
0.0320642
0.0348253
0.0375858
0.0403317
0.0430487
0.0457226
0.0483393
0.0508849
0.0533457
0.0557085
0.0579603
0.0600891
0.062083
0.0639312
0.0656238
0.0671517
0.068507
0.0696827
0.0706732
0.0714745
0.0720836
0.0724991
0.0727213
0.0727519
0.0725943
0.0722536
0.0717361
0.0710502
0.0702053
0.0692124
0.0680836
0.0668319
0.0654713
0.0640158
0.0624798
0.0608762
0.059217
0.0575236
0.0558136
0.05395
0.0518098
0.0176351
0.0150561
0.0128699
0.0109248
0.00904628
0.00724907
0.00555183
0.00396115
0.00248429
0.00112991
-9.33182e-05
-0.00117704
-0.00211342
-0.00289527
-0.00351626
-0.00397097
-0.00425495
-0.0043648
-0.00429815
-0.00405368
-0.00363111
-0.00303118
-0.0022556
-0.00130709
-0.000189264
0.00109335
0.00253535
0.00413053
0.00587188
0.0077516
0.00976122
0.0118916
0.0141328
0.0164744
0.0189055
0.0214145
0.0239893
0.0266176
0.0292864
0.0319826
0.0346928
0.0374032
0.0401002
0.0427697
0.0453979
0.0479709
0.0504752
0.0528972
0.0552238
0.0574425
0.0595409
0.0615077
0.0633319
0.0650035
0.0665134
0.0678535
0.0690167
0.0699973
0.0707905
0.0713933
0.0718037
0.0720212
0.072047
0.0718836
0.0715349
0.0710065
0.0703053
0.0694393
0.068418
0.0672517
0.0659516
0.0645293
0.062997
0.0613665
0.0596483
0.0578519
0.0559978
0.0541027
0.0520056
0.0495646
0.0196722
0.0167923
0.0143712
0.0122385
0.0101962
0.0082583
0.00644285
0.00475401
0.00319663
0.00177704
0.000501721
-0.000623058
-0.0015914
-0.0023979
-0.00303785
-0.00350726
-0.00380295
-0.00392265
-0.00386494
-0.00362932
-0.00321618
-0.00262682
-0.00186342
-0.000928993
0.000172577
0.00143661
0.00285764
0.00442943
0.00614501
0.00799673
0.00997622
0.0120745
0.014282
0.0165884
0.0189831
0.0214548
0.0239917
0.0265818
0.0292124
0.0318707
0.0345436
0.0372176
0.0398793
0.042515
0.0451109
0.0476536
0.0501295
0.0525253
0.054828
0.0570251
0.0591044
0.0610545
0.0628642
0.0645237
0.0660236
0.0673555
0.0685122
0.0694876
0.0702765
0.0708754
0.0712817
0.0714944
0.0715138
0.0713416
0.0709808
0.0704359
0.0697126
0.0688177
0.067759
0.0665455
0.0651866
0.0636922
0.0620725
0.0603375
0.0584956
0.0565543
0.0545338
0.0524507
0.0501212
0.0473859
0.0215819
0.0184087
0.0157556
0.0134349
0.0112261
0.00914294
0.00720335
0.0054095
0.00376416
0.0022717
0.000936701
-0.000236431
-0.00124353
-0.00208083
-0.00274507
-0.00323363
-0.00354455
-0.0036766
-0.0036293
-0.00340295
-0.00299863
-0.00241822
-0.00166433
-0.00074036
0.000349535
0.00160048
0.00300689
0.00456248
0.00626028
0.00809268
0.0100514
0.0121277
0.014312
0.0165944
0.0189643
0.0214107
0.0239222
0.0264868
0.0290922
0.0317258
0.0343747
0.0370257
0.0396655
0.0422806
0.0448576
0.0473829
0.0498432
0.0522253
0.0545162
0.0567033
0.0587746
0.0607183
0.0625234
0.0641797
0.0656777
0.0670087
0.0681652
0.0691406
0.0699293
0.0705273
0.0709313
0.0711398
0.0711521
0.0709693
0.0705934
0.0700278
0.0692771
0.0683468
0.0672437
0.0659752
0.0645491
0.0629741
0.0612585
0.059411
0.0574382
0.0553462
0.0531556
0.0508827
0.0483227
0.0452993
0.023339
0.0198796
0.016998
0.0144897
0.0121128
0.00988147
0.00781348
0.00590949
0.0041705
0.00259924
0.0011986
-2.862e-05
-0.00107982
-0.00195271
-0.00264538
-0.00315647
-0.00348515
-0.0036312
-0.00359505
-0.00337778
-0.00298115
-0.00240759
-0.00166022
-0.000742807
0.000340198
0.00158369
0.00298193
0.00452854
0.00621652
0.00803826
0.00998557
0.0120497
0.0142213
0.0164906
0.0188472
0.0212802
0.0237783
0.0263299
0.0289229
0.0315447
0.0341827
0.0368238
0.0394549
0.0420627
0.0446337
0.0471546
0.049612
0.0519927
0.0542838
0.0564726
0.0585468
0.0604947
0.0623051
0.0639674
0.0654719
0.0668096
0.0679725
0.0689536
0.0697468
0.0703475
0.0707519
0.0709575
0.0709632
0.0707689
0.0703759
0.0697866
0.0690045
0.0680342
0.066881
0.0655511
0.0640513
0.0623887
0.0605707
0.0586043
0.0564952
0.0542482
0.0518844
0.0494209
0.0466324
0.0433266
0.0249214
0.0211823
0.0180756
0.0153806
0.0128351
0.0104535
0.00825419
0.00623631
0.00439944
0.00274488
0.00127409
-1.15881e-05
-0.00111094
-0.002023
-0.00274713
-0.00328311
-0.00363117
-0.00379207
-0.0037671
-0.00355809
-0.00316747
-0.00259825
-0.00185401
-0.00093894
0.000142196
0.00138405
0.00278069
0.00432561
0.00601175
0.00783148
0.00977661
0.0118384
0.0140077
0.0162748
0.0186292
0.0210605
0.0235574
0.0261083
0.0287014
0.0313242
0.0339642
0.0366085
0.0392439
0.0418574
0.0444354
0.0469646
0.0494317
0.0518234
0.0541267
0.0563287
0.0584171
0.0603799
0.0622056
0.0638834
0.0654031
0.0667554
0.0679318
0.0689248
0.0697279
0.0703355
0.0707435
0.0709486
0.0709488
0.0707433
0.0703324
0.0697177
0.0689015
0.0678875
0.06668
0.065284
0.0637053
0.0619499
0.0600241
0.057934
0.0556842
0.0532789
0.0507398
0.0480851
0.04507
0.0414864
0.0263094
0.0222961
0.0189673
0.0160868
0.0133727
0.0108398
0.00850713
0.00637273
0.00443493
0.00269382
0.00114957
-0.000197733
-0.00134813
-0.00230186
-0.00305945
-0.00362173
-0.00398995
-0.00416577
-0.0041513
-0.00394912
-0.00356231
-0.00299443
-0.00224956
-0.0013323
-0.000247739
0.000998493
0.00240026
0.00395091
0.00564327
0.00746965
0.00942186
0.0114912
0.0136685
0.015944
0.0183076
0.0207487
0.0232562
0.0258187
0.0284243
0.0310607
0.0337155
0.0363758
0.0390286
0.0416607
0.0442586
0.0468089
0.0492983
0.0517134
0.054041
0.056268
0.0583819
0.0603704
0.0622218
0.0639247
0.0654687
0.066844
0.0680416
0.0690533
0.069872
0.0704917
0.0709074
0.071115
0.0711119
0.0708964
0.0704678
0.0698269
0.0689752
0.0679152
0.0666504
0.0651849
0.0635234
0.0616711
0.0596334
0.0574157
0.0550219
0.0524556
0.0497396
0.0468932
0.0436528
0.039795
0.0274847
0.0232018
0.0196538
0.0165891
0.0137065
0.0110218
0.00855454
0.00630187
0.00426108
0.00243116
0.000811212
-0.000599838
-0.00180316
-0.00280008
-0.00359218
-0.00418132
-0.00456965
-0.00475972
-0.00475441
-0.00455703
-0.00417129
-0.0036013
-0.00285163
-0.00192729
-0.000833728
0.000423143
0.00183696
0.00340089
0.00510763
0.00694941
0.00891798
0.0110046
0.0132001
0.0154949
0.0178788
0.0203412
0.0228712
0.0254573
0.0280878
0.0307505
0.0334328
0.036122
0.038805
0.0414686
0.0440993
0.0466836
0.0492079
0.0516588
0.0540229
0.0562869
0.0584379
0.0604632
0.0623509
0.0640891
0.0656669
0.067074
0.0683008
0.0693386
0.0701796
0.0708171
0.0712453
0.0714595
0.0714561
0.0712327
0.0707877
0.0701211
0.0692333
0.0681263
0.0668024
0.0652649
0.0635179
0.0615656
0.0594129
0.0570647
0.0545243
0.0517947
0.0489005
0.0458619
0.0423968
0.0382671
0.0284303
0.0238815
0.0201166
0.0168688
0.0138184
0.0109817
0.00837909
0.00600713
0.00386206
0.00194197
0.00024496
-0.00123105
-0.00248825
-0.003529
-0.00435584
-0.00497157
-0.00537923
-0.00558217
-0.00558404
-0.00538884
-0.00500088
-0.00442485
-0.0036658
-0.00272914
-0.00162069
-0.000346657
0.00108634
0.00267128
0.0044007
0.00626672
0.00826101
0.0103748
0.0125989
0.0149236
0.0173389
0.0198341
0.0223984
0.0250203
0.027688
0.0303894
0.033112
0.0358429
0.0385691
0.0412771
0.0439535
0.0465846
0.0491567
0.0516561
0.054069
0.0563821
0.058582
0.0606556
0.0625905
0.0643746
0.0659962
0.0674444
0.0687092
0.0697812
0.0706518
0.0713135
0.0717599
0.0719854
0.0719857
0.0717575
0.0712984
0.0706074
0.0696843
0.06853
0.0671463
0.0655356
0.0637012
0.0616469
0.0593769
0.0568958
0.0542065
0.0513119
0.0482379
0.0450063
0.0413167
0.0369161
0.0291301
0.0243182
0.0203381
0.0169083
0.0136905
0.0107019
0.00796379
0.00547204
0.00322207
0.00121116
-0.000563487
-0.00210487
-0.00341612
-0.00450053
-0.00536155
-0.00600285
-0.00642832
-0.00664209
-0.00664854
-0.00645232
-0.00605836
-0.00547189
-0.00469843
-0.00374384
-0.00261428
-0.00131629
0.000143265
0.00175714
0.0035177
0.00541693
0.00744641
0.00959729
0.0118603
0.0142258
0.0166835
0.0192231
0.0218334
0.0245032
0.0272205
0.0299732
0.0327487
0.0355342
0.0383165
0.041082
0.0438172
0.0465081
0.0491409
0.0517015
0.054176
0.0565506
0.0588114
0.0609453
0.0629389
0.0647797
0.0664556
0.067955
0.0692671
0.0703819
0.0712901
0.0719833
0.0724544
0.072697
0.0727059
0.0724768
0.0720068
0.0712939
0.070337
0.0691364
0.067693
0.0660086
0.064086
0.0619283
0.0595395
0.0569237
0.0540836
0.0510223
0.047767
0.0443412
0.0404263
0.0357545
0.0295686
0.0244953
0.0203014
0.0166903
0.0133056
0.0101653
0.00729181
0.00468022
0.00232527
0.000223492
-0.0016287
-0.00323516
-0.0045999
-0.00572707
-0.00662099
-0.00728616
-0.00772726
-0.00794918
-0.00795699
-0.00775599
-0.00735172
-0.00674993
-0.00595663
-0.0049781
-0.00382089
-0.00249183
-0.000998077
0.000652885
0.00245324
0.00439482
0.00646907
0.00866706
0.0109795
0.0133965
0.015908
0.0185034
0.0211716
0.0239013
0.0266806
0.0294972
0.0323385
0.0351915
0.0380429
0.040879
0.0436861
0.0464501
0.0491567
0.0517916
0.0543406
0.0567894
0.0591238
0.0613299
0.0633942
0.0653033
0.0670446
0.0686057
0.0699751
0.0711421
0.0720967
0.0728296
0.0733327
0.0735989
0.0736221
0.0733973
0.0729205
0.072189
0.071201
0.0699558
0.0684538
0.0666962
0.0646851
0.0624234
0.0599147
0.0571628
0.0541705
0.0509408
0.0475025
0.0438809
0.0397391
0.0347946
0.0297304
0.0243968
0.0199897
0.0161979
0.0126467
0.00935507
0.00634639
0.00361525
0.00115567
-0.00103648
-0.00296555
-0.00463617
-0.00605318
-0.00722156
-0.00814644
-0.0088331
-0.00928701
-0.00951377
-0.00951914
-0.00930907
-0.00888965
-0.00826719
-0.00744817
-0.0064393
-0.00524751
-0.00387997
-0.00234412
-0.000647664
0.00120136
0.0031946
0.00532337
0.00757863
0.00995093
0.0124305
0.015007
0.0176698
0.0204079
0.0232097
0.0260634
0.0289565
0.0318764
0.03481
0.0377437
0.0406638
0.0435561
0.0464065
0.0492003
0.0519229
0.0545596
0.0570957
0.0595166
0.0618078
0.0639551
0.0659446
0.0677629
0.069397
0.0708345
0.0720639
0.0730744
0.0738558
0.0743992
0.0746966
0.0747408
0.0745261
0.0740477
0.0733018
0.0722861
0.0709991
0.0694405
0.0676109
0.065512
0.0631462
0.0605169
0.057628
0.054482
0.0510821
0.047459
0.0436395
0.0392684
0.0340483
0.0296005
0.0240066
0.0193865
0.0154142
0.0116967
0.00825412
0.00511071
0.00226057
-0.000302904
-0.0025845
-0.00458925
-0.00632256
-0.00779003
-0.00899744
-0.0099507
-0.0106559
-0.0111192
-0.0113469
-0.0113454
-0.0111214
-0.0106815
-0.0100325
-0.00918147
-0.00813546
-0.00690181
-0.00548803
-0.00390185
-0.00215125
-0.000244469
0.00180996
0.00400318
0.00632601
0.00876892
0.011322
0.0139749
0.0167169
0.0195368
0.022423
0.0253636
0.0283461
0.0313576
0.0343849
0.0374142
0.0404317
0.0434229
0.0463732
0.0492679
0.0520918
0.0548299
0.0574669
0.0599876
0.0623771
0.0646204
0.066703
0.0686106
0.0703296
0.0718468
0.0731496
0.0742263
0.0750661
0.0756589
0.0759958
0.0760688
0.0758711
0.0753971
0.0746422
0.0736032
0.072278
0.0706655
0.0687659
0.0665804
0.064111
0.061361
0.0583343
0.0550333
0.0514614
0.0476512
0.0436312
0.0390277
0.0335279
0.0291633
0.0233085
0.018475
0.0143222
0.0104386
0.00684533
0.00356773
0.000599382
-0.00206694
-0.00443664
-0.00651543
-0.00830942
-0.00982499
-0.0110687
-0.0120471
-0.0127672
-0.0132358
-0.01346
-0.0134468
-0.0132035
-0.0127372
-0.0120554
-0.0111655
-0.0100752
-0.00879197
-0.00732385
-0.00567882
-0.00386512
-0.00189123
0.000234121
0.00250192
0.00490283
0.00742718
0.010065
0.0128057
0.0156387
0.0185525
0.0215356
0.0245757
0.0276604
0.0307767
0.033911
0.0370495
0.040178
0.0432819
0.0463462
0.0493557
0.052295
0.0551484
0.0579002
0.0605347
0.0630362
0.065389
0.067578
0.0695881
0.0714047
0.0730138
0.0744018
0.0755562
0.076465
0.0771174
0.0775032
0.0776136
0.0774408
0.0769782
0.0762205
0.0751636
0.0738045
0.0721418
0.0701748
0.0679045
0.0653326
0.0624622
0.0592971
0.0558399
0.0520942
0.0480944
0.0438708
0.0390307
0.033246
0.0284033
0.0222862
0.0172385
0.0129047
0.00885496
0.00511133
0.00170015
-0.00138544
-0.00415329
-0.0066094
-0.00876013
-0.0106123
-0.0121731
-0.0134497
-0.0144497
-0.0151805
-0.0156498
-0.0158654
-0.0158349
-0.0155663
-0.0150673
-0.0143459
-0.01341
-0.0122675
-0.0109267
-0.00939579
-0.00768303
-0.00579699
-0.00374637
-0.00154011
0.000812602
0.00330227
0.00591909
0.00865291
0.0114932
0.0144291
0.0174491
0.0205415
0.023694
0.026894
0.0301282
0.0333831
0.0366445
0.039898
0.0431286
0.046321
0.0494597
0.0525287
0.0555119
0.058393
0.0611557
0.0637835
0.0662602
0.0685696
0.070696
0.0726237
0.0743377
0.0758238
0.0770681
0.0780576
0.0787805
0.0792257
0.0793831
0.0792441
0.0788011
0.0780477
0.0769791
0.0755916
0.0738829
0.0718521
0.0694995
0.0668266
0.0638363
0.0605326
0.056918
0.0529964
0.0488041
0.0443733
0.039292
0.0332158
0.0273044
0.0209229
0.0156597
0.0111442
0.00692811
0.00303431
-0.000509757
-0.00371146
-0.00657926
-0.00911974
-0.0113399
-0.0132474
-0.01485
-0.0161557
-0.0171728
-0.0179096
-0.0183744
-0.0185758
-0.018522
-0.0182215
-0.0176829
-0.0169145
-0.0159248
-0.0147222
-0.0133153
-0.0117126
-0.00992295
-0.00795498
-0.00581772
-0.0035203
-0.00107211
0.00151721
0.00423771
0.00707909
0.0100307
0.0130816
0.0162202
0.0194346
0.0227125
0.0260409
0.0294066
0.0327957
0.0361939
0.0395865
0.0429582
0.0462933
0.0495758
0.0527893
0.0559172
0.0589426
0.0618485
0.0646177
0.0672331
0.0696778
0.0719349
0.073988
0.0758212
0.0774189
0.0787663
0.0798494
0.0806549
0.0811709
0.0813861
0.0812909
0.0808765
0.0801357
0.0790626
0.0776529
0.0759035
0.073813
0.0713812
0.0686094
0.0655002
0.0620577
0.0582846
0.0541849
0.049797
0.0451549
0.0398266
0.0334514
0.0258499
0.0192012
0.0137208
0.00902273
0.00463982
0.000596012
-0.00308023
-0.00639677
-0.00936269
-0.0119852
-0.014272
-0.0162313
-0.0178717
-0.0192022
-0.0202316
-0.020969
-0.0214235
-0.0216044
-0.0215206
-0.0211813
-0.0205955
-0.0197722
-0.0187205
-0.0174492
-0.0159672
-0.0142836
-0.0124074
-0.0103476
-0.00811344
-0.00571434
-0.00315984
-0.000459753
0.00237582
0.00533648
0.00841144
0.0115896
0.0148592
0.0182085
0.0216248
0.0250951
0.0286059
0.0321432
0.0356924
0.0392384
0.0427658
0.0462585
0.0496999
0.0530733
0.0563613
0.0595465
0.0626111
0.0655372
0.068307
0.0709024
0.0733058
0.0754997
0.077467
0.079191
0.0806557
0.0818461
0.0827476
0.0833469
0.0836318
0.0835913
0.0832157
0.0824968
0.0814275
0.0800028
0.0782189
0.0760736
0.0735663
0.0706981
0.0674715
0.0638904
0.0599577
0.0556775
0.0510905
0.0462326
0.0406509
0.0339679
0.0240227
0.0171034
0.0114035
0.00652153
0.00197125
-0.00222247
-0.00603011
-0.00946006
-0.012522
-0.0152239
-0.0175739
-0.0195813
-0.0212552
-0.0226054
-0.0236416
-0.0243737
-0.0248115
-0.024965
-0.0248439
-0.0244581
-0.0238171
-0.0229306
-0.0218081
-0.0204589
-0.0188925
-0.0171183
-0.0151455
-0.0129835
-0.010642
-0.00813036
-0.00545846
-0.00263625
0.000326027
0.00341784
0.00662829
0.00994611
0.0133596
0.0168567
0.0204246
0.0240503
0.0277201
0.0314197
0.0351343
0.0388485
0.0425466
0.046212
0.0498278
0.0533767
0.0568407
0.0602018
0.0634414
0.0665408
0.0694813
0.0722439
0.0748099
0.0771607
0.079278
0.081144
0.0827415
0.084054
0.0850659
0.0857624
0.08613
0.0861566
0.0858311
0.0851443
0.0840883
0.0826568
0.0808452
0.0786509
0.0760727
0.0731112
0.0697688
0.0660496
0.0619562
0.0574933
0.0527034
0.0476245
0.0417823
0.0347818
0.0218046
0.0146106
0.00868855
0.00362122
-0.00109716
-0.00544076
-0.00937899
-0.0129208
-0.0160765
-0.0188546
-0.0212643
-0.0233153
-0.0250178
-0.0263822
-0.0274192
-0.0281393
-0.0285534
-0.028672
-0.0285057
-0.028065
-0.0273602
-0.0264014
-0.0251987
-0.0237621
-0.0221014
-0.0202263
-0.0181466
-0.0158719
-0.013412
-0.0107767
-0.007976
-0.00502006
-0.00191922
0.00131583
0.00467412
0.00814427
0.0117145
0.0153725
0.0191055
0.0229004
0.0267431
0.0306193
0.034514
0.0384114
0.0422954
0.0461491
0.0499552
0.0536957
0.0573522
0.0609058
0.0643372
0.067627
0.0707553
0.0737023
0.0764482
0.078973
0.0812575
0.0832824
0.0850292
0.08648
0.0876177
0.0884264
0.0888911
0.0889983
0.0887356
0.0880925
0.0870601
0.085631
0.0837999
0.0815632
0.0789193
0.0758682
0.0724123
0.0685555
0.0643007
0.0596525
0.0546557
0.0493503
0.0432397
0.0359109
0.0191767
0.0117034
0.0055561
0.000301591
-0.00458582
-0.00907931
-0.0131472
-0.0167991
-0.020046
-0.0228971
-0.0253622
-0.027452
-0.0291775
-0.0305501
-0.0315811
-0.0322821
-0.0326646
-0.0327402
-0.0325201
-0.0320155
-0.0312375
-0.0301968
-0.0289041
-0.0273699
-0.0256044
-0.0236178
-0.0214202
-0.0190217
-0.0164321
-0.0136617
-0.0107206
-0.007619
-0.00436752
-0.000976909
0.00254175
0.006177
0.00991694
0.0137492
0.017661
0.0216388
0.0256688
0.0297361
0.0338257
0.0379215
0.042007
0.046065
0.0500776
0.0540264
0.0578922
0.0616556
0.0652965
0.0687944
0.0721285
0.0752781
0.078222
0.0809392
0.0834089
0.0856107
0.0875245
0.089131
0.0904116
0.0913489
0.0919263
0.0921288
0.0919429
0.0913564
0.0903593
0.0889431
0.0871014
0.0848299
0.0821262
0.0789901
0.0754234
0.0714301
0.0670129
0.0621769
0.0569689
0.0514311
0.0450436
0.0373745
0.0161192
0.00836131
0.0019852
-0.00345857
-0.00851607
-0.0131595
-0.0173562
-0.0211162
-0.0244514
-0.0273717
-0.0298877
-0.0320109
-0.0337534
-0.0351272
-0.0361448
-0.0368187
-0.0371612
-0.0371848
-0.0369015
-0.0363234
-0.0354622
-0.0343293
-0.032936
-0.0312933
-0.029412
-0.0273028
-0.024976
-0.022442
-0.0197112
-0.0167938
-0.0137002
-0.0104409
-0.00702643
-0.00346773
0.000224035
0.00403733
0.00796022
0.0119803
0.0160845
0.0202594
0.0244909
0.0287641
0.0330637
0.0373734
0.0416763
0.0459548
0.0501907
0.0543648
0.0584575
0.0624485
0.066317
0.0700416
0.0736004
0.0769715
0.0801326
0.0830615
0.0857358
0.0881337
0.0902336
0.0920146
0.0934564
0.09454
0.0952472
0.0955615
0.0954675
0.0949519
0.0940031
0.0926115
0.0907694
0.0884717
0.0857152
0.0824991
0.0788249
0.0746965
0.0701165
0.0650901
0.0596665
0.0538898
0.047216
0.0391939
0.012611
0.00456266
-0.00204618
-0.00768155
-0.0129103
-0.0177038
-0.0220282
-0.0258942
-0.0293145
-0.0322998
-0.0348616
-0.0370123
-0.0387648
-0.0401325
-0.0411285
-0.0417665
-0.0420598
-0.0420216
-0.041665
-0.0410028
-0.0400475
-0.0388114
-0.0373062
-0.0355436
-0.0335349
-0.0312912
-0.0288234
-0.0261421
-0.0232579
-0.0201814
-0.016923
-0.0134934
-0.00990335
-0.00616381
-0.00228602
0.00171845
0.00583762
0.010059
0.0143696
0.0187558
0.0232034
0.0276975
0.0322223
0.0367616
0.041298
0.0458137
0.0502899
0.0547069
0.0590445
0.0632816
0.0673966
0.0713671
0.0751703
0.078783
0.0821816
0.0853425
0.088242
0.0908566
0.093163
0.0951386
0.0967615
0.0980107
0.0988664
0.0993102
0.0993251
0.0988961
0.0980101
0.096656
0.0948251
0.0925109
0.0897096
0.0864194
0.0826417
0.07838
0.0736368
0.0684175
0.0627736
0.0567513
0.0497814
0.0413923
0.00863015
0.000284738
-0.00656123
-0.0123908
-0.0177923
-0.0227359
-0.0271868
-0.0311564
-0.0346583
-0.0377039
-0.0403057
-0.0424772
-0.0442324
-0.0455855
-0.046551
-0.0471434
-0.0473772
-0.0472666
-0.0468257
-0.0460681
-0.0450071
-0.0436558
-0.0420267
-0.040132
-0.0379837
-0.0355932
-0.0329719
-0.0301307
-0.0270806
-0.0238323
-0.0203965
-0.0167839
-0.0130054
-0.00907208
-0.00499514
-0.000786207
0.00354273
0.0079792
0.0125102
0.017122
0.0218004
0.0265303
0.0312959
0.0360807
0.0408671
0.0456369
0.0503708
0.0550487
0.0596497
0.064152
0.068533
0.0727696
0.0768377
0.080713
0.0843704
0.087785
0.0909315
0.0937845
0.0963193
0.0985113
0.100337
0.101772
0.102797
0.10339
0.103532
0.103207
0.1024
0.101098
0.099291
0.0969714
0.0941341
0.0907769
0.0869004
0.0825077
0.0776014
0.0721868
0.0663177
0.0600427
0.052766
0.0439949
0.00415321
-0.00449651
-0.0115845
-0.0176112
-0.0231869
-0.0282807
-0.0328568
-0.0369273
-0.0405067
-0.0436074
-0.046243
-0.0484279
-0.0501773
-0.0515066
-0.0524316
-0.0529679
-0.0531311
-0.0529365
-0.0523991
-0.0515337
-0.0503545
-0.0488753
-0.0471094
-0.0450697
-0.0427687
-0.0402184
-0.0374305
-0.0344164
-0.0311874
-0.0277542
-0.024128
-0.0203194
-0.0163394
-0.012199
-0.00790967
-0.00348283
0.0010695
0.00573488
0.0105003
0.0153522
0.0202761
0.0252571
0.0302792
0.0353255
0.0403786
0.0454196
0.050429
0.0553862
0.0602696
0.0650567
0.0697241
0.0742475
0.078602
0.0827618
0.0867006
0.0903917
0.0938082
0.0969231
0.0997097
0.102141
0.104192
0.105837
0.107053
0.107816
0.108106
0.107904
0.107194
0.10596
0.104191
0.101879
0.0990158
0.0955995
0.0916297
0.0871091
0.0820401
0.0764278
0.0703287
0.0637935
0.0561987
0.0470296
-0.000844515
-0.00980658
-0.017142
-0.0233691
-0.0291206
-0.0343647
-0.0390645
-0.0432329
-0.0468853
-0.0500353
-0.0526974
-0.0548875
-0.0566218
-0.0579172
-0.0587906
-0.059259
-0.0593392
-0.0590478
-0.058401
-0.0574144
-0.0561033
-0.0544825
-0.0525659
-0.0503674
-0.0478999
-0.045176
-0.0422079
-0.0390073
-0.0355858
-0.0319544
-0.0281242
-0.0241062
-0.0199113
-0.0155506
-0.0110354
-0.00637706
-0.00158762
0.0033206
0.00833467
0.013441
0.0186254
0.0238727
0.0291669
0.0344911
0.0398276
0.0451573
0.0504602
0.0557155
0.0609008
0.0659929
0.0709676
0.0757996
0.0804627
0.0849299
0.0891736
0.0931653
0.0968764
0.100278
0.103341
0.106038
0.108339
0.110218
0.111648
0.112605
0.113065
0.113008
0.112414
0.111266
0.109552
0.10726
0.104384
0.100917
0.0968607
0.092216
0.0869851
0.0811732
0.074839
0.0680358
0.060111
0.0505268
-0.00638925
-0.0156725
-0.0232614
-0.0296923
-0.0356215
-0.041016
-0.0458377
-0.0501005
-0.0538209
-0.0570136
-0.0596943
-0.0618802
-0.063589
-0.0648391
-0.0656487
-0.0660363
-0.06602
-0.0656178
-0.0648471
-0.0637247
-0.0622671
-0.0604897
-0.0584078
-0.0560356
-0.0533869
-0.0504749
-0.0473122
-0.0439108
-0.0402827
-0.0364391
-0.0323912
-0.0281501
-0.0237267
-0.0191321
-0.0143773
-0.00947386
-0.00443351
0.000731507
0.00600841
0.0113838
0.0168434
0.0223722
0.0279544
0.0335729
0.0392096
0.0448456
0.0504605
0.0560329
0.0615399
0.0669578
0.0722613
0.0774242
0.0824192
0.0872179
0.0917911
0.0961088
0.10014
0.103855
0.107222
0.11021
0.112788
0.114928
0.116599
0.117775
0.11843
0.11854
0.118084
0.117043
0.115401
0.113146
0.110268
0.106763
0.102627
0.097863
0.0924716
0.0864582
0.0798841
0.0728047
0.0645371
0.0545196
-0.0125088
-0.0221232
-0.0299721
-0.0366109
-0.0427196
-0.0482644
-0.053206
-0.0575593
-0.0613419
-0.0645698
-0.0672601
-0.0694314
-0.0711032
-0.0722952
-0.0730274
-0.0733198
-0.0731921
-0.0726637
-0.0717534
-0.0704793
-0.068859
-0.0669091
-0.0646458
-0.0620841
-0.0592386
-0.056123
-0.0527505
-0.0491335
-0.0452841
-0.0412138
-0.036934
-0.0324558
-0.02779
-0.0229476
-0.0179396
-0.0127773
-0.00747222
-0.00203643
0.00351749
0.0091763
0.014926
0.0207517
0.0266375
0.0325665
0.0385207
0.0444808
0.0504261
0.0563349
0.062184
0.0679488
0.0736033
0.0791202
0.0844711
0.0896263
0.0945549
0.0992252
0.103605
0.107661
0.111359
0.114668
0.117552
0.119981
0.121922
0.123344
0.12422
0.124524
0.124229
0.123317
0.121768
0.119567
0.116704
0.113171
0.108965
0.104087
0.0985378
0.0923215
0.0855025
0.0781385
0.0695149
0.0590446
-0.019233
-0.0291894
-0.0373056
-0.0441565
-0.0504469
-0.0561419
-0.0612011
-0.0656403
-0.0694786
-0.0727332
-0.0754229
-0.077568
-0.0791896
-0.0803094
-0.080949
-0.0811302
-0.0808745
-0.0802028
-0.0791356
-0.0776923
-0.0758919
-0.0737522
-0.0712902
-0.0685221
-0.065463
-0.0621275
-0.0585291
-0.0546808
-0.0505948
-0.0462829
-0.0417566
-0.0370268
-0.0321045
-0.0270003
-0.0217253
-0.0162903
-0.0107067
-0.00498625
0.000858789
0.00681543
0.0128699
0.0190076
0.0252128
0.0314687
0.0377572
0.0440591
0.0503536
0.0566184
0.0628301
0.0689633
0.0749915
0.0808862
0.0866179
0.0921555
0.0974666
0.102518
0.107274
0.111701
0.115762
0.119421
0.122643
0.125391
0.127632
0.129332
0.130459
0.130983
0.130878
0.130119
0.128685
0.126558
0.123727
0.12018
0.115915
0.11093
0.105225
0.0988051
0.0917363
0.0840791
0.0750852
0.0641414
-0.0265933
-0.0369039
-0.0452957
-0.0523635
-0.0588379
-0.0646828
-0.0698567
-0.0743766
-0.0782631
-0.0815348
-0.0842124
-0.086318
-0.0878747
-0.0889062
-0.0894362
-0.0894884
-0.0890863
-0.0882526
-0.0870093
-0.0853778
-0.0833781
-0.0810296
-0.0783504
-0.0753575
-0.0720671
-0.0684942
-0.064653
-0.0605569
-0.0562183
-0.0516494
-0.0468614
-0.0418654
-0.0366721
-0.0312921
-0.0257361
-0.0200146
-0.0141387
-0.00811979
-0.00196968
0.00429899
0.0106728
0.0171375
0.0236775
0.0302764
0.0369163
0.0435777
0.0502399
0.0568806
0.0634756
0.0699993
0.0764242
0.0827212
0.0888593
0.0948063
0.100528
0.105989
0.111153
0.115982
0.120437
0.124481
0.128073
0.131175
0.13375
0.135759
0.137169
0.137946
0.138059
0.13748
0.136186
0.134157
0.131376
0.127832
0.123519
0.118435
0.112579
0.105955
0.0986315
0.0906722
0.0812932
0.0698538
-0.0346238
-0.0453023
-0.0539788
-0.0612686
-0.0679294
-0.0739238
-0.0792092
-0.0838037
-0.0877297
-0.0910075
-0.0936599
-0.095711
-0.0971861
-0.0981113
-0.0985126
-0.0984159
-0.0978468
-0.0968302
-0.0953899
-0.093549
-0.0913292
-0.0887513
-0.0858346
-0.0825973
-0.0790564
-0.0752276
-0.0711257
-0.0667645
-0.0621567
-0.0573145
-0.0522493
-0.046972
-0.0414932
-0.0358232
-0.0299721
-0.0239504
-0.0177686
-0.0114375
-0.00496855
0.00162611
0.00833356
0.0151399
0.0220301
0.028988
0.0359957
0.0430343
0.050083
0.0571191
0.0641184
0.0710547
0.0778999
0.084624
0.0911951
0.0975792
0.103741
0.109643
0.115246
0.12051
0.125394
0.129857
0.133855
0.137348
0.140292
0.142648
0.144375
0.145438
0.145802
0.145435
0.144309
0.142402
0.139694
0.136171
0.131824
0.126651
0.120649
0.113821
0.106239
0.097968
0.0881881
0.0762295
-0.0433608
-0.0544225
-0.0633939
-0.0709117
-0.0777615
-0.0839047
-0.0892975
-0.0939597
-0.0979151
-0.101186
-0.103799
-0.105778
-0.107153
-0.107951
-0.108202
-0.107934
-0.107175
-0.105953
-0.104292
-0.102218
-0.0997557
-0.096926
-0.0937499
-0.0902469
-0.0864349
-0.0823305
-0.0779489
-0.0733043
-0.0684099
-0.0632777
-0.0579193
-0.0523454
-0.0465662
-0.0405917
-0.0344317
-0.0280961
-0.0215948
-0.0149381
-0.0081369
-0.00120263
0.00585236
0.0130147
0.02027
0.0276024
0.0349946
0.0424276
0.049881
0.0573322
0.0647567
0.072128
0.0794174
0.0865941
0.093625
0.100475
0.107107
0.113481
0.119557
0.125292
0.130642
0.135561
0.140004
0.143925
0.147279
0.150019
0.152104
0.153491
0.154141
0.154019
0.153094
0.151337
0.148726
0.145244
0.140881
0.135631
0.129489
0.122458
0.114613
0.106021
0.0958239
0.0833209
-0.0528436
-0.0643058
-0.0735837
-0.0813359
-0.0883774
-0.0946685
-0.100164
-0.104886
-0.108859
-0.112109
-0.114664
-0.116552
-0.117805
-0.118454
-0.11853
-0.118066
-0.117091
-0.115636
-0.11373
-0.111398
-0.108667
-0.105561
-0.102102
-0.0983099
-0.0942047
-0.0898035
-0.085122
-0.080175
-0.0749756
-0.0695362
-0.0638681
-0.0579818
-0.0518872
-0.0455939
-0.0391111
-0.032448
-0.025614
-0.0186186
-0.011472
-0.00418494
0.00323104
0.0107633
0.0183981
0.0261201
0.0339126
0.0417571
0.0496334
0.057519
0.0653895
0.0732182
0.0809757
0.0886307
0.0961492
0.103495
0.110628
0.117509
0.124093
0.130335
0.136189
0.141604
0.146533
0.150925
0.15473
0.157899
0.160382
0.162134
0.163111
0.163273
0.162582
0.161008
0.158523
0.155106
0.150745
0.145431
0.139158
0.131926
0.123814
0.114892
0.10426
0.0911853
-0.0631146
-0.0749971
-0.0845943
-0.0925881
-0.0998244
-0.106262
-0.111855
-0.116626
-0.120604
-0.123816
-0.126293
-0.128068
-0.129174
-0.129647
-0.129522
-0.128833
-0.127614
-0.125898
-0.123716
-0.121098
-0.118071
-0.114661
-0.110893
-0.106788
-0.102366
-0.097645
-0.0926423
-0.0873726
-0.0818493
-0.0760846
-0.0700898
-0.0638751
-0.05745
-0.0508234
-0.044004
-0.0370002
-0.0298205
-0.0224738
-0.0149692
-0.00731664
0.000473232
0.00838866
0.0164167
0.0245428
0.0327511
0.0410235
0.0493403
0.0576794
0.0660164
0.0743246
0.0825744
0.0907338
0.0987678
0.106639
0.114307
0.121728
0.128857
0.135645
0.142043
0.147998
0.153457
0.158365
0.162668
0.16631
0.169239
0.171402
0.17275
0.173237
0.172821
0.171465
0.169137
0.165814
0.161477
0.156115
0.14972
0.142291
0.133909
0.124648
0.113561
0.0998858
-0.0742201
-0.0865452
-0.0964765
-0.10472
-0.112154
-0.118736
-0.124419
-0.129228
-0.133195
-0.13635
-0.138726
-0.140362
-0.141293
-0.141561
-0.141202
-0.140256
-0.138761
-0.136751
-0.134262
-0.131326
-0.127973
-0.124231
-0.120125
-0.115679
-0.110915
-0.105851
-0.100504
-0.0948903
-0.0890231
-0.0829146
-0.0765758
-0.0700164
-0.0632454
-0.0562712
-0.0491016
-0.0417441
-0.0342063
-0.0264961
-0.0186215
-0.0105914
-0.00241545
0.00589564
0.0143299
0.022874
0.0315126
0.0402287
0.049003
0.057814
0.0666377
0.0754473
0.0842133
0.0929031
0.101481
0.109909
0.118144
0.126141
0.133853
0.141229
0.148214
0.154754
0.16079
0.166263
0.171113
0.17528
0.178704
0.181328
0.183096
0.183956
0.183858
0.182762
0.180629
0.177429
0.173142
0.167751
0.161247
0.153626
0.144971
0.135359
0.123799
0.109492
-0.0862105
-0.0990038
-0.109286
-0.117788
-0.125423
-0.132147
-0.137912
-0.142745
-0.146682
-0.149757
-0.152006
-0.153473
-0.154198
-0.154225
-0.153598
-0.152359
-0.15055
-0.148211
-0.145379
-0.142091
-0.138377
-0.13427
-0.129796
-0.12498
-0.119846
-0.114413
-0.108698
-0.102718
-0.0964862
-0.0900147
-0.083314
-0.0763935
-0.0692614
-0.0619253
-0.054392
-0.0466683
-0.0387605
-0.0306751
-0.0224193
-0.0140005
-0.00542718
0.00329122
0.0121439
0.0211187
0.0302014
0.0393759
0.0486239
0.0579246
0.0672545
0.0765871
0.0858929
0.0951392
0.10429
0.113305
0.122141
0.130752
0.139087
0.147092
0.15471
0.161882
0.168545
0.174636
0.180087
0.184834
0.18881
0.191951
0.194193
0.195477
0.195748
0.194957
0.19306
0.19002
0.185812
0.180416
0.173816
0.16601
0.15708
0.147109
0.135053
0.120079
-0.0991412
-0.112432
-0.123084
-0.131854
-0.139693
-0.146556
-0.152393
-0.157235
-0.16112
-0.164087
-0.166179
-0.167442
-0.167923
-0.167671
-0.166735
-0.165162
-0.162999
-0.16029
-0.157075
-0.153395
-0.149284
-0.144776
-0.139901
-0.134684
-0.12915
-0.12332
-0.117212
-0.110842
-0.104224
-0.0973695
-0.0902888
-0.0829905
-0.0754821
-0.0677701
-0.0598604
-0.0517583
-0.0434691
-0.0349979
-0.0263504
-0.0175327
-0.00855168
0.000584591
0.00986677
0.0192839
0.0288233
0.0384701
0.0482071
0.0580143
0.067869
0.0777453
0.0876141
0.0974425
0.107194
0.116828
0.1263
0.135562
0.144561
0.15324
0.161539
0.169395
0.176739
0.183503
0.189614
0.195001
0.199589
0.203307
0.206084
0.207852
0.208548
0.208114
0.206499
0.203661
0.199566
0.194191
0.187515
0.17953
0.170326
0.159984
0.14741
0.131733
-0.113073
-0.126895
-0.137938
-0.146988
-0.155035
-0.162032
-0.167928
-0.172759
-0.176567
-0.179396
-0.181293
-0.182312
-0.182507
-0.181931
-0.18064
-0.178687
-0.176123
-0.172997
-0.169356
-0.165241
-0.160692
-0.155745
-0.150431
-0.144779
-0.138814
-0.132558
-0.126029
-0.119245
-0.112218
-0.10496
-0.0974807
-0.0897879
-0.0818881
-0.0737866
-0.0654879
-0.0569962
-0.048315
-0.0394482
-0.0303996
-0.0211738
-0.011776
-0.0022126
0.00750878
0.0173788
0.0273863
0.0375178
0.0477576
0.0580869
0.0684841
0.0789241
0.0893783
0.0998141
0.110195
0.12048
0.130623
0.140574
0.150279
0.159679
0.168709
0.177301
0.185384
0.192882
0.199716
0.205808
0.211076
0.215438
0.218817
0.221134
0.222317
0.2223
0.221022
0.218433
0.214491
0.209167
0.202436
0.194286
0.184807
0.174083
0.160967
0.144545
-0.128075
-0.142467
-0.153926
-0.163268
-0.171525
-0.17865
-0.184591
-0.189387
-0.193087
-0.19574
-0.197402
-0.198131
-0.197989
-0.197038
-0.195339
-0.192952
-0.189935
-0.186342
-0.182224
-0.177627
-0.172595
-0.167165
-0.161373
-0.155249
-0.148819
-0.142105
-0.135128
-0.127903
-0.120444
-0.112762
-0.104866
-0.0967618
-0.0884558
-0.0799515
-0.0712522
-0.0623603
-0.0532777
-0.0440064
-0.0345486
-0.0249069
-0.0150846
-0.00508613
0.00508271
0.0154145
0.0258999
0.0365272
0.0472822
0.058148
0.069104
0.0801264
0.0911874
0.102255
0.113293
0.124259
0.135109
0.145789
0.156244
0.166412
0.176225
0.185611
0.194493
0.20279
0.210416
0.217284
0.223304
0.228386
0.23244
0.23538
0.237122
0.237588
0.236709
0.234423
0.230682
0.225446
0.218686
0.210383
0.200631
0.189517
0.175831
0.158619
-0.144222
-0.159229
-0.171132
-0.18078
-0.189251
-0.196495
-0.202462
-0.207196
-0.210751
-0.213185
-0.21456
-0.214945
-0.214409
-0.213023
-0.210856
-0.207976
-0.204447
-0.200328
-0.195678
-0.190547
-0.184981
-0.179023
-0.17271
-0.166074
-0.159142
-0.151938
-0.144482
-0.13679
-0.128875
-0.120748
-0.112415
-0.103884
-0.0951572
-0.0862377
-0.0771268
-0.0678252
-0.0583327
-0.0486496
-0.0387758
-0.0287118
-0.0184588
-0.00801908
0.00260375
0.0134044
0.0243758
0.0355081
0.0467893
0.058204
0.0697336
0.0813557
0.0930437
0.104767
0.116488
0.128168
0.139758
0.151208
0.162458
0.173443
0.184094
0.194333
0.204079
0.213244
0.221735
0.229457
0.23631
0.242193
0.247007
0.250651
0.253032
0.254058
0.253648
0.25173
0.248242
0.243139
0.23638
0.227943
0.217922
0.206405
0.192122
0.174069
-0.161599
-0.177274
-0.189654
-0.199623
-0.208309
-0.215662
-0.221632
-0.226269
-0.229636
-0.231798
-0.23283
-0.232807
-0.231811
-0.229922
-0.227218
-0.223775
-0.219666
-0.214958
-0.209714
-0.203989
-0.197836
-0.191299
-0.184418
-0.177226
-0.169754
-0.162025
-0.154059
-0.145872
-0.137477
-0.128883
-0.120096
-0.111121
-0.10196
-0.0926134
-0.0830811
-0.0733613
-0.0634521
-0.0533511
-0.0430561
-0.0325651
-0.0218771
-0.0109918
8.96102e-05
0.0113644
0.0228277
0.0344723
0.0462883
0.0582627
0.0703788
0.0826161
0.0949497
0.10735
0.119782
0.132204
0.144571
0.156829
0.168919
0.180773
0.192318
0.203474
0.214152
0.22426
0.233695
0.242355
0.250128
0.256904
0.262569
0.267012
0.270122
0.271795
0.271936
0.270458
0.267287
0.262367
0.255648
0.247099
0.236814
0.224886
0.209972
0.191024
-0.180305
-0.196707
-0.209601
-0.219907
-0.22881
-0.236258
-0.242203
-0.246702
-0.249827
-0.251657
-0.252275
-0.251771
-0.250237
-0.247765
-0.244444
-0.240362
-0.235597
-0.230227
-0.22432
-0.217938
-0.211137
-0.203965
-0.196466
-0.188674
-0.18062
-0.172329
-0.16382
-0.15511
-0.14621
-0.137128
-0.127868
-0.118434
-0.108826
-0.0990422
-0.0890798
-0.0789352
-0.0686037
-0.0580807
-0.0473611
-0.0364406
-0.0253152
-0.013982
-0.00243954
0.00931228
0.0212714
0.0334332
0.0457906
0.058333
0.0710464
0.0839124
0.0969082
0.110006
0.123172
0.136367
0.149544
0.162651
0.175626
0.188401
0.2009
0.213037
0.224721
0.23585
0.246316
0.256005
0.264796
0.272565
0.279185
0.284528
0.28847
0.29089
0.291675
0.290723
0.287945
0.283269
0.276633
0.268
0.257462
0.245112
0.229533
0.209625
-0.200448
-0.217649
-0.2311
-0.241761
-0.25088
-0.258405
-0.264288
-0.268598
-0.271419
-0.272842
-0.272965
-0.271893
-0.269731
-0.266585
-0.262557
-0.257745
-0.252241
-0.246127
-0.23948
-0.23237
-0.224855
-0.21699
-0.208817
-0.200376
-0.191697
-0.182806
-0.173722
-0.16446
-0.155029
-0.145438
-0.135688
-0.125781
-0.115714
-0.105483
-0.0950837
-0.084509
-0.0737517
-0.0628043
-0.051659
-0.0403084
-0.0287456
-0.0169647
-0.00496115
0.00726817
0.0197243
0.0324057
0.0453084
0.0584247
0.0717435
0.0852493
0.0989218
0.112735
0.126659
0.140653
0.154674
0.168669
0.182575
0.196324
0.209837
0.223024
0.235789
0.248024
0.259613
0.270431
0.280345
0.289219
0.296909
0.303271
0.308162
0.311443
0.31298
0.312653
0.310354
0.305995
0.299499
0.290816
0.280036
0.267255
0.250972
0.230035
-0.222156
-0.240238
-0.254295
-0.265331
-0.274663
-0.282239
-0.288017
-0.292076
-0.294516
-0.295444
-0.294975
-0.293232
-0.290337
-0.286412
-0.281573
-0.275931
-0.269589
-0.262641
-0.255171
-0.247253
-0.238954
-0.230329
-0.221427
-0.212285
-0.202936
-0.193405
-0.183711
-0.173867
-0.163883
-0.153762
-0.143505
-0.133111
-0.122575
-0.11189
-0.101049
-0.0900408
-0.0788563
-0.0674846
-0.0559147
-0.0441359
-0.0321383
-0.0199125
-0.00745049
0.00525404
0.0182056
0.0314062
0.0448552
0.0585484
0.072478
0.0866318
0.100993
0.115538
0.130239
0.145059
0.159955
0.174875
0.189759
0.204536
0.219124
0.233433
0.24736
0.260791
0.273601
0.285656
0.29681
0.306911
0.3158
0.323313
0.329286
0.333558
0.335973
0.336387
0.334671
0.330715
0.324425
0.315735
0.304732
0.291511
0.274482
0.252434
-0.245575
-0.264635
-0.279354
-0.290786
-0.300324
-0.30792
-0.313536
-0.317267
-0.319233
-0.319559
-0.318384
-0.315849
-0.312099
-0.307272
-0.301502
-0.294917
-0.287629
-0.279745
-0.271358
-0.262548
-0.253387
-0.243934
-0.234239
-0.224343
-0.214277
-0.204066
-0.193728
-0.183274
-0.172711
-0.162042
-0.151263
-0.140371
-0.129358
-0.118213
-0.106927
-0.0954849
-0.0838742
-0.0720807
-0.06009
-0.0478879
-0.0354607
-0.0227956
-0.00988087
0.00329352
0.0167358
0.030452
0.044445
0.0587149
0.0732574
0.0880644
0.103122
0.118412
0.133908
0.149576
0.165378
0.181261
0.197166
0.213024
0.228751
0.244255
0.259427
0.274149
0.288287
0.301696
0.314217
0.325683
0.335914
0.344727
0.351934
0.357348
0.360786
0.362078
0.361067
0.357618
0.351615
0.342972
0.331771
0.318102
0.30028
0.277028
-0.270875
-0.291028
-0.306474
-0.318322
-0.328054
-0.335627
-0.34101
-0.344319
-0.345697
-0.345294
-0.343275
-0.339807
-0.335057
-0.329188
-0.322352
-0.314692
-0.306338
-0.297406
-0.287998
-0.278203
-0.268097
-0.257742
-0.247191
-0.236484
-0.225653
-0.214721
-0.203705
-0.192613
-0.18145
-0.170214
-0.1589
-0.1475
-0.136004
-0.124397
-0.112665
-0.100792
-0.0887587
-0.0765489
-0.0641441
-0.0515264
-0.0386781
-0.0255826
-0.0122241
0.00141146
0.0153365
0.029561
0.0440924
0.058935
0.074089
0.0895505
0.10531
0.121354
0.137659
0.154197
0.17093
0.18781
0.204781
0.221773
0.238703
0.255476
0.271982
0.288095
0.303675
0.318564
0.332592
0.345572
0.357307
0.367588
0.376202
0.382932
0.387564
0.389894
0.389734
0.386918
0.3813
0.372772
0.361404
0.347284
0.328615
0.304052
-0.298257
-0.319635
-0.335883
-0.348168
-0.358076
-0.365569
-0.37063
-0.373399
-0.374049
-0.372764
-0.369737
-0.365168
-0.359252
-0.352176
-0.344118
-0.335237
-0.32568
-0.315575
-0.305035
-0.294154
-0.283014
-0.27168
-0.260205
-0.24863
-0.236986
-0.225293
-0.213565
-0.201809
-0.190025
-0.178207
-0.166348
-0.154434
-0.142452
-0.130383
-0.118209
-0.105908
-0.0934602
-0.0808429
-0.0680341
-0.0550118
-0.0417543
-0.0282407
-0.0144509
-0.000366512
0.0140294
0.0287514
0.0438116
0.059219
0.0749789
0.0910924
0.107555
0.124358
0.141483
0.158906
0.176595
0.194505
0.212582
0.23076
0.248956
0.267076
0.285005
0.302615
0.319757
0.336263
0.35195
0.366612
0.38003
0.391971
0.402189
0.410436
0.41646
0.420018
0.420883
0.418852
0.413741
0.405413
0.393922
0.379349
0.359774
0.333776
-0.327956
-0.35072
-0.367853
-0.380595
-0.390649
-0.397988
-0.40261
-0.404693
-0.404445
-0.40209
-0.39786
-0.391992
-0.384714
-0.376245
-0.366786
-0.356519
-0.345608
-0.334193
-0.322398
-0.310324
-0.298056
-0.285662
-0.273194
-0.260693
-0.248187
-0.235694
-0.223225
-0.21078
-0.198357
-0.185946
-0.173534
-0.161103
-0.148635
-0.136108
-0.123498
-0.110779
-0.0979266
-0.0849142
-0.0717152
-0.0583032
-0.0446521
-0.0307364
-0.0165317
-0.00201467
0.0128362
0.0280407
0.0436158
0.0595759
0.0759318
0.09269
0.109852
0.127414
0.145365
0.163687
0.18235
0.201318
0.220541
0.239954
0.259479
0.279022
0.298468
0.317684
0.336516
0.354786
0.372297
0.388825
0.404128
0.417944
0.429994
0.43999
0.447639
0.452651
0.454752
0.45369
0.449237
0.441215
0.429661
0.414639
0.39409
0.366512
-0.360255
-0.384591
-0.402708
-0.415923
-0.426078
-0.433162
-0.437201
-0.438412
-0.437056
-0.433404
-0.427737
-0.420335
-0.411469
-0.401389
-0.390327
-0.378489
-0.366055
-0.353182
-0.34
-0.326618
-0.313124
-0.299586
-0.286056
-0.272572
-0.259158
-0.245829
-0.232589
-0.219436
-0.20636
-0.193347
-0.180379
-0.167433
-0.154484
-0.141506
-0.12847
-0.115347
-0.102105
-0.0887136
-0.0751421
-0.0613591
-0.0473339
-0.0330364
-0.0184371
-0.00350795
0.0117778
0.0274452
0.0435169
0.0600128
0.0769498
0.0943406
0.112193
0.130511
0.149288
0.168514
0.188168
0.208217
0.228619
0.249314
0.270229
0.291271
0.312328
0.333264
0.353921
0.374113
0.393627
0.412224
0.429636
0.445571
0.459713
0.471729
0.481277
0.488012
0.491601
0.491734
0.488127
0.48055
0.469009
0.453549
0.431952
0.402624
-0.395491
-0.421623
-0.440834
-0.454531
-0.464721
-0.471418
-0.474684
-0.474794
-0.47207
-0.466845
-0.459459
-0.450248
-0.439526
-0.427587
-0.414694
-0.401077
-0.386937
-0.372443
-0.357734
-0.342924
-0.328102
-0.313336
-0.298675
-0.284153
-0.269788
-0.25559
-0.241556
-0.227679
-0.213941
-0.200324
-0.186801
-0.173346
-0.159926
-0.14651
-0.133064
-0.119552
-0.10594
-0.0921911
-0.0782692
-0.0641384
-0.0497631
-0.0351081
-0.0201392
-0.00482279
0.0108732
0.0269792
0.043524
0.0605338
0.0780317
0.0960374
0.114566
0.133628
0.153227
0.173359
0.194012
0.21516
0.23677
0.258789
0.28115
0.303766
0.326528
0.349301
0.371923
0.394203
0.415916
0.436804
0.456576
0.474906
0.491437
0.505788
0.517558
0.526337
0.531722
0.533329
0.530802
0.523845
0.512421
0.496548
0.473819
0.442537
-0.434072
-0.462269
-0.482699
-0.496876
-0.507006
-0.513138
-0.515386
-0.514103
-0.509688
-0.502554
-0.493113
-0.481765
-0.46888
-0.454797
-0.439814
-0.424189
-0.408141
-0.391852
-0.375469
-0.359107
-0.342856
-0.326779
-0.310921
-0.295309
-0.279955
-0.26486
-0.250016
-0.235404
-0.221003
-0.206784
-0.192715
-0.178761
-0.164886
-0.15105
-0.137214
-0.123337
-0.109379
-0.0952978
-0.0810522
-0.0666014
-0.0519045
-0.0369213
-0.0216121
-0.00593813
0.0101384
0.0266539
0.0436432
0.0611392
0.0791721
0.097769
0.116953
0.136743
0.157151
0.178183
0.199836
0.222095
0.244935
0.268314
0.292173
0.316435
0.340994
0.36572
0.390453
0.414997
0.439117
0.46254
0.484949
0.505984
0.525247
0.542298
0.556671
0.56788
0.575434
0.578861
0.57771
0.5716
0.560436
0.544189
0.520235
0.486758
-0.476499
-0.507082
-0.528872
-0.543509
-0.553438
-0.558766
-0.559681
-0.556633
-0.550127
-0.540673
-0.528774
-0.514904
-0.499499
-0.482947
-0.465586
-0.4477
-0.429528
-0.41126
-0.393049
-0.375011
-0.357229
-0.339762
-0.322646
-0.3059
-0.289526
-0.273515
-0.25785
-0.242502
-0.227442
-0.212631
-0.198031
-0.183598
-0.169288
-0.155057
-0.140858
-0.126644
-0.112369
-0.0979866
-0.0834492
-0.068711
-0.0537259
-0.0384484
-0.0228333
-0.00683647
0.00958586
0.0264762
0.043876
0.0618249
0.0803607
0.0995184
0.11933
0.139823
0.161021
0.182939
0.205585
0.228957
0.253041
0.277808
0.303211
0.329181
0.355627
0.382424
0.409415
0.436405
0.463154
0.489375
0.514727
0.538819
0.561204
0.581381
0.598809
0.61291
0.623092
0.628768
0.62937
0.624403
0.613689
0.597136
0.571854
0.535892
-0.523386
-0.556744
-0.58005
-0.595095
-0.604624
-0.608827
-0.607994
-0.60271
-0.593614
-0.581339
-0.566497
-0.549653
-0.531315
-0.511928
-0.491868
-0.471448
-0.45092
-0.430483
-0.410289
-0.39045
-0.371041
-0.352112
-0.333687
-0.315771
-0.298356
-0.28142
-0.264933
-0.248858
-0.233152
-0.217769
-0.20266
-0.187774
-0.17306
-0.158464
-0.143934
-0.129418
-0.114862
-0.100214
-0.0854217
-0.0704339
-0.0551991
-0.0396662
-0.0237849
-0.00750493
0.00922313
0.0264482
0.0442183
0.0625805
0.0815804
0.101262
0.121666
0.14283
0.164788
0.187568
0.211191
0.235668
0.261
0.287173
0.314154
0.341891
0.370304
0.399283
0.42868
0.458304
0.487915
0.517216
0.54585
0.57339
0.599341
0.62314
0.644157
0.66171
0.675081
0.683544
0.686381
0.682945
0.672943
0.656187
0.629466
0.590668
-0.575501
-0.612107
-0.637099
-0.652453
-0.661292
-0.663932
-0.660809
-0.652687
-0.640378
-0.624671
-0.606307
-0.585959
-0.564217
-0.541583
-0.518473
-0.495224
-0.472099
-0.449299
-0.42697
-0.405213
-0.384092
-0.363639
-0.343864
-0.324756
-0.30629
-0.288432
-0.271135
-0.254351
-0.238024
-0.222098
-0.206513
-0.19121
-0.176127
-0.161206
-0.146385
-0.131607
-0.116811
-0.10194
-0.086936
-0.0717419
-0.0563011
-0.0405572
-0.0244542
-0.00793644
0.00905171
0.0265655
0.0446599
0.0633893
0.0828075
0.102967
0.12392
0.145713
0.168394
0.192003
0.216575
0.242138
0.268708
0.296291
0.324873
0.35442
0.384872
0.416136
0.448081
0.480527
0.513241
0.545924
0.578204
0.609627
0.639651
0.667644
0.692882
0.714562
0.731816
0.743745
0.749435
0.748044
0.739114
0.72232
0.694045
0.651981
-0.63381
-0.674244
-0.701099
-0.716586
-0.72432
-0.7248
-0.718671
-0.706939
-0.69064
-0.670753
-0.648179
-0.623711
-0.598028
-0.571691
-0.545153
-0.518766
-0.492799
-0.467445
-0.442837
-0.419058
-0.396151
-0.37413
-0.352981
-0.332675
-0.313167
-0.294403
-0.276323
-0.258862
-0.241952
-0.225522
-0.209504
-0.193827
-0.178423
-0.163222
-0.148159
-0.133165
-0.118178
-0.103132
-0.0879647
-0.0726132
-0.0570156
-0.0411102
-0.0248358
-0.00813082
0.00906613
0.0268167
0.0451828
0.0642265
0.0840099
0.104595
0.126043
0.148415
0.171769
0.19616
0.221641
0.248256
0.276042
0.305024
0.335212
0.366597
0.399143
0.432783
0.467407
0.502859
0.53892
0.575297
0.611615
0.6474
0.682067
0.714915
0.745121
0.771742
0.793735
0.809986
0.819335
0.820675
0.81332
0.796736
0.766794
0.72094
-0.699549
-0.744523
-0.773413
-0.78874
-0.794764
-0.792266
-0.782187
-0.765854
-0.744592
-0.719619
-0.692019
-0.66272
-0.632494
-0.601956
-0.571588
-0.541748
-0.512697
-0.484609
-0.457595
-0.431709
-0.406967
-0.383354
-0.360829
-0.339339
-0.318815
-0.299182
-0.280362
-0.262271
-0.244828
-0.227948
-0.211551
-0.195556
-0.179885
-0.16446
-0.149208
-0.134056
-0.118931
-0.103765
-0.0884883
-0.0730337
-0.0573338
-0.0413221
-0.0249317
-0.00809575
0.00925295
0.0271823
0.0457612
0.0650591
0.0851467
0.106095
0.127977
0.150865
0.174831
0.199947
0.22628
0.253897
0.282856
0.313207
0.344988
0.378217
0.412892
0.448976
0.486396
0.525023
0.564668
0.605058
0.645828
0.686493
0.726439
0.7649
0.80095
0.833494
0.861286
0.882948
0.897005
0.902001
0.896924
0.880937
0.849232
0.798936
-0.774316
-0.824714
-0.855784
-0.870467
-0.873904
-0.867297
-0.852011
-0.829803
-0.802368
-0.771211
-0.737626
-0.702687
-0.667253
-0.631984
-0.597372
-0.563768
-0.531406
-0.500429
-0.470908
-0.44286
-0.416261
-0.391061
-0.367186
-0.34455
-0.32306
-0.302615
-0.283116
-0.264461
-0.246551
-0.229288
-0.212579
-0.196332
-0.180459
-0.164875
-0.149497
-0.134247
-0.119047
-0.103821
-0.0884958
-0.0729981
-0.0572561
-0.0411983
-0.0247528
-0.00784766
0.00958997
0.0276341
0.04636
0.0658449
0.0861677
0.107409
0.129653
0.152984
0.177488
0.203254
0.230368
0.258919
0.288988
0.320655
0.353988
0.389042
0.425851
0.464422
0.504723
0.546673
0.590122
0.634839
0.680482
0.72658
0.772503
0.817437
0.860354
0.900002
0.934901
0.963359
0.983503
0.99341
0.991612
0.976816
0.943298
0.887749
-0.86022
-0.917145
-0.950459
-0.963713
-0.963279
-0.950994
-0.928827
-0.89911
-0.863998
-0.825338
-0.784657
-0.743171
-0.70181
-0.661259
-0.621997
-0.584339
-0.548472
-0.514487
-0.482398
-0.452171
-0.423733
-0.396986
-0.371819
-0.348108
-0.325728
-0.304553
-0.284458
-0.265322
-0.247028
-0.229463
-0.212522
-0.1961
-0.180101
-0.16443
-0.148999
-0.133721
-0.118513
-0.103295
-0.0879864
-0.0725111
-0.0567924
-0.0407539
-0.0243196
-0.00741233
0.0100458
0.0281344
0.0469353
0.0665326
0.0870135
0.108468
0.130991
0.154679
0.179634
0.20596
0.233765
0.26316
0.294253
0.327156
0.361971
0.398795
0.437708
0.478768
0.522
0.567382
0.614825
0.664157
0.715091
0.767193
0.819845
0.872208
0.923175
0.971335
1.01495
1.05197
1.08002
1.09656
1.09947
1.08679
1.05151
0.989695
-0.960097
-1.02492
-1.06037
-1.07093
-1.06473
-1.04458
-1.0133
-0.973978
-0.929337
-0.881611
-0.832566
-0.78354
-0.735504
-0.689125
-0.644835
-0.602878
-0.563365
-0.526307
-0.491646
-0.459276
-0.429063
-0.400855
-0.374491
-0.349809
-0.326647
-0.304849
-0.284265
-0.264752
-0.246175
-0.228406
-0.211325
-0.194818
-0.178778
-0.163104
-0.147698
-0.132469
-0.117328
-0.10219
-0.0869701
-0.071588
-0.0559628
-0.0400143
-0.0236622
-0.00682518
0.0105795
0.0286366
0.0474336
0.0670616
0.0876152
0.109194
0.131902
0.155849
0.181152
0.207932
0.236318
0.266444
0.298448
0.332474
0.368666
0.407166
0.448108
0.491611
0.537769
0.586637
0.638211
0.692404
0.749014
0.807683
0.867849
0.928688
0.989047
1.04738
1.1017
1.14953
1.18788
1.21342
1.22312
1.214
1.17721
1.10785
-1.07786
-1.15229
-1.18941
-1.1952
-1.18043
-1.14936
-1.10599
-1.0544
-0.99797
-0.939358
-0.880538
-0.822924
-0.767466
-0.714758
-0.665126
-0.618702
-0.57548
-0.535362
-0.498194
-0.463783
-0.431919
-0.402386
-0.374969
-0.349458
-0.325656
-0.303372
-0.28243
-0.262665
-0.243924
-0.226063
-0.208949
-0.192458
-0.176473
-0.160886
-0.145593
-0.130496
-0.115503
-0.100523
-0.0854684
-0.070255
-0.0547984
-0.039015
-0.0228209
-0.0061312
0.0111409
0.0290848
0.0477931
0.0673628
0.0878957
0.109499
0.132288
0.156384
0.181917
0.209027
0.237862
0.26858
0.301352
0.336355
0.373777
0.41381
0.456649
0.502485
0.551495
0.603829
0.659592
0.718816
0.781423
0.847182
0.915642
0.986058
1.0573
1.12774
1.19515
1.25663
1.30846
1.34628
1.36582
1.36255
1.3249
1.24643
-1.21905
-1.30514
-1.34275
-1.3404
-1.31287
-1.26659
-1.20721
-1.13998
-1.06907
-0.997502
-0.927399
-0.860147
-0.796584
-0.737141
-0.681967
-0.631021
-0.584137
-0.541076
-0.501558
-0.465286
-0.431964
-0.401302
-0.373024
-0.346871
-0.322605
-0.300002
-0.27886
-0.25899
-0.240222
-0.222397
-0.20537
-0.189006
-0.173182
-0.157781
-0.142695
-0.12782
-0.113061
-0.0983221
-0.0835144
-0.0685495
-0.0533406
-0.0378014
-0.0218454
-0.00538447
0.0116713
0.0294152
0.047944
0.06736
0.087771
0.109292
0.132047
0.156167
0.181798
0.209093
0.238223
0.269369
0.302732
0.338527
0.376984
0.418353
0.462893
0.510876
0.562575
0.618257
0.678158
0.742466
0.811279
0.884551
0.962023
1.04312
1.12684
1.21156
1.29494
1.37362
1.44312
1.49779
1.53165
1.53789
1.50082
1.41135
-1.39183
-1.49188
-1.52736
-1.51134
-1.46477
-1.39732
-1.31674
-1.22973
-1.14119
-1.05442
-0.971514
-0.893669
-0.821464
-0.75505
-0.694306
-0.638947
-0.588596
-0.542834
-0.501234
-0.463378
-0.42887
-0.397339
-0.368447
-0.341884
-0.317368
-0.294645
-0.273484
-0.253678
-0.235037
-0.21739
-0.200581
-0.184468
-0.168918
-0.15381
-0.13903
-0.124473
-0.110038
-0.0956287
-0.0811526
-0.0665195
-0.0516409
-0.0364286
-0.0207941
-0.00464717
0.0121045
0.0295569
0.0478103
0.0669709
0.0871516
0.108474
0.131068
0.155078
0.180657
0.207977
0.237225
0.268607
0.302351
0.338709
0.377958
0.420401
0.46637
0.516224
0.570343
0.629124
0.692968
0.762254
0.837308
0.918345
1.0054
1.09819
1.19598
1.29737
1.40002
1.5003
1.59293
1.67077
1.72561
1.7473
1.71379
1.61125
-1.60876
-1.72474
-1.75262
-1.7138
-1.63882
-1.54191
-1.43347
-1.32169
-1.21203
-1.10777
-1.01068
-0.921519
-0.840404
-0.76705
-0.700954
-0.641507
-0.588069
-0.540007
-0.496723
-0.457663
-0.422326
-0.390259
-0.361057
-0.334359
-0.309845
-0.28723
-0.266257
-0.246701
-0.228358
-0.211046
-0.194598
-0.178865
-0.16371
-0.149007
-0.13464
-0.1205
-0.106484
-0.0924946
-0.0784379
-0.0642229
-0.0497598
-0.0349596
-0.0197327
-0.00398801
0.0123684
0.0294341
0.0473117
0.06611
0.0859458
0.106945
0.129245
0.152995
0.17836
0.205525
0.234692
0.266089
0.299971
0.336622
0.376363
0.419554
0.466598
0.517942
0.574083
0.635564
0.702969
0.776908
0.857989
0.946774
1.0437
1.14895
1.26229
1.38277
1.50837
1.6355
1.75828
1.86801
1.95373
2.00055
1.97658
1.85937
-1.8901
-2.02191
-2.03107
-1.95437
-1.83703
-1.69939
-1.55475
-1.4125
-1.2781
-1.15428
-1.04201
-0.941259
-0.851394
-0.771516
-0.700615
-0.637682
-0.581761
-0.531978
-0.48755
-0.447782
-0.412064
-0.379862
-0.350709
-0.324199
-0.299973
-0.27772
-0.257164
-0.238063
-0.220203
-0.20339
-0.187454
-0.172239
-0.157606
-0.143426
-0.12958
-0.115959
-0.102459
-0.0889822
-0.0754348
-0.0617255
-0.0477648
-0.0334637
-0.0187325
-0.00348014
0.0123875
0.0289686
0.0463666
0.0646918
0.0840628
0.104609
0.12647
0.149803
0.17478
0.201594
0.230461
0.261626
0.295367
0.331998
0.37188
0.415422
0.463096
0.515438
0.573061
0.636662
0.707022
0.785011
0.871574
0.967697
1.07435
1.19239
1.32233
1.46409
1.61646
1.77645
1.93814
2.0916
2.22282
2.31062
2.30813
2.17695
-2.27059
-2.41093
-2.37889
-2.23955
-2.05946
-1.86621
-1.67545
-1.4967
-1.33433
-1.18957
-1.0619
-0.949979
-0.852148
-0.766679
-0.691939
-0.626448
-0.568905
-0.518179
-0.473299
-0.433434
-0.397871
-0.366005
-0.337313
-0.311349
-0.287727
-0.266115
-0.246222
-0.227795
-0.21061
-0.194472
-0.179204
-0.16465
-0.150669
-0.13713
-0.123917
-0.110918
-0.0980327
-0.0851625
-0.0722149
-0.0590998
-0.0457289
-0.0320143
-0.0178676
-0.00319873
0.0120855
0.0280824
0.0448949
0.0626331
0.081416
0.101373
0.122648
0.145397
0.169799
0.196053
0.224383
0.255047
0.28834
0.324599
0.364216
0.407645
0.455417
0.508148
0.566561
0.6315
0.703951
0.785056
0.876129
0.978655
1.09427
1.22467
1.37151
1.53602
1.71858
1.91775
2.12876
2.34151
2.53955
2.69419
2.73692
2.60032
-2.81314
-2.93358
-2.81507
-2.57292
-2.3013
-2.03395
-1.7864
-1.56585
-1.3736
-1.20792
-1.06588
-0.944314
-0.840155
-0.750688
-0.673571
-0.606826
-0.548798
-0.498112
-0.453625
-0.414384
-0.379596
-0.348595
-0.32082
-0.295796
-0.27312
-0.252445
-0.233474
-0.215948
-0.199641
-0.184357
-0.169918
-0.15617
-0.142971
-0.130195
-0.117726
-0.105454
-0.093281
-0.081111
-0.0688536
-0.0564209
-0.0437271
-0.0306865
-0.0172132
-0.00321914
0.0113865
0.0266988
0.0428188
0.0598546
0.0779234
0.0971535
0.117687
0.139681
0.163315
0.188788
0.21633
0.246204
0.278714
0.314213
0.353115
0.395905
0.443157
0.495554
0.553909
0.619197
0.692589
0.775492
0.869594
0.976911
1.09982
1.24109
1.40378
1.59109
1.80589
2.04981
2.32129
2.61265
2.90749
3.17069
3.30595
3.19487
-3.63211
-3.65031
-3.35766
-2.95029
-2.54886
-2.18663
-1.87297
-1.60795
-1.38662
-1.20243
-1.04899
-0.920714
-0.812922
-0.721812
-0.644326
-0.578012
-0.520907
-0.471433
-0.428315
-0.390515
-0.357186
-0.327627
-0.301257
-0.277589
-0.256214
-0.236783
-0.219
-0.202607
-0.187382
-0.173131
-0.159683
-0.146884
-0.1346
-0.122706
-0.11109
-0.0996483
-0.0882842
-0.0769065
-0.065428
-0.0537646
-0.0418337
-0.0295534
-0.0168409
-0.00361195
0.0102209
0.0247491
0.04007
0.056288
0.0735166
0.0918805
0.111518
0.132582
0.155249
0.179715
0.206209
0.234991
0.266367
0.300695
0.338396
0.379969
0.426015
0.477256
0.534566
0.599016
0.671922
0.75491
0.850001
0.959714
1.08719
1.23632
1.41189
1.61958
1.86588
2.15741
2.49909
2.89069
3.32213
3.7584
4.0768
4.07837
-4.93394
-4.64065
-4.01645
-3.35563
-2.77798
-2.30082
-1.91621
-1.60908
-1.36376
-1.1667
-1.0071
-0.876642
-0.768964
-0.679254
-0.603846
-0.539928
-0.485327
-0.438341
-0.397627
-0.362115
-0.330941
-0.3034
-0.278916
-0.257008
-0.237277
-0.219382
-0.203037
-0.187995
-0.174041
-0.160991
-0.14868
-0.136963
-0.125711
-0.114806
-0.104143
-0.0936232
-0.0831545
-0.0726511
-0.0620307
-0.0512138
-0.0401224
-0.028679
-0.0168057
-0.00442272
0.00855254
0.0222067
0.0366318
0.0519269
0.0681997
0.0855686
0.104165
0.124137
0.14565
0.168895
0.194091
0.221491
0.251392
0.284142
0.320156
0.359931
0.404066
0.45329
0.5085
0.57081
0.641614
0.722676
0.816251
0.925249
1.05346
1.20584
1.38893
1.61128
1.88396
2.22079
2.63781
3.15048
3.76663
4.46678
5.12953
5.46078
-7.17814
-6.00422
-4.75337
-3.73052
-2.93577
-2.33561
-1.88773
-1.55092
-1.29373
-1.09405
-0.936458
-0.81011
-0.707354
-0.622709
-0.552185
-0.492827
-0.442411
-0.399234
-0.361973
-0.329588
-0.301247
-0.27628
-0.25414
-0.234373
-0.216604
-0.200516
-0.18584
-0.172346
-0.159835
-0.148134
-0.137092
-0.126574
-0.116459
-0.10664
-0.0970163
-0.0874983
-0.0780006
-0.0684433
-0.05875
-0.0488469
-0.0386618
-0.0281227
-0.0171573
-0.00569151
0.00635126
0.0190514
0.0324945
0.0467723
0.061985
0.0782425
0.0956672
0.114396
0.134584
0.156409
0.180075
0.205819
0.23392
0.264704
0.298564
0.335971
0.377495
0.423837
0.475867
0.534672
0.601636
0.678538
0.7677
0.872198
0.996181
1.14533
1.32756
1.55404
1.84066
2.2101
2.69466
3.33686
4.18015
5.25641
6.56567
7.80735
-11.5602
-7.80269
-5.29308
-3.82
-2.84178
-2.1723
-1.71136
-1.38443
-1.14419
-0.962317
-0.821131
-0.709159
-0.61874
-0.544612
-0.483055
-0.431372
-0.387559
-0.350099
-0.31782
-0.289803
-0.265318
-0.243776
-0.224695
-0.207678
-0.192395
-0.178566
-0.165955
-0.154358
-0.1436
-0.133527
-0.124005
-0.114915
-0.106148
-0.0976088
-0.089208
-0.0808643
-0.0725017
-0.0640482
-0.0554353
-0.0465967
-0.0374671
-0.027982
-0.0180762
-0.00768304
0.00326634
0.0148442
0.0271271
0.0401977
0.0541453
0.0690684
0.0850761
0.10229
0.12085
0.140911
0.162657
0.186296
0.212076
0.240286
0.271273
0.305454
0.343334
0.385534
0.432825
0.486178
0.546829
0.616381
0.696947
0.791364
0.903535
1.03896
1.2056
1.41536
1.68652
2.04824
2.54904
3.26601
4.30364
5.85008
8.44989
12.3182
-18.9699
-9.55628
-5.06816
-3.2474
-2.28439
-1.70024
-1.32934
-1.07809
-0.896661
-0.759577
-0.65265
-0.567233
-0.497735
-0.440362
-0.392435
-0.351997
-0.317581
-0.288066
-0.262575
-0.240414
-0.221024
-0.203953
-0.188824
-0.175327
-0.163199
-0.152217
-0.142191
-0.132956
-0.124368
-0.116302
-0.108646
-0.101301
-0.0941773
-0.087193
-0.0802738
-0.0733505
-0.0663584
-0.0592362
-0.0519253
-0.0443687
-0.0365107
-0.0282957
-0.0196679
-0.0105702
-0.000943633
0.00927341
0.0201462
0.0317447
0.0441445
0.0574285
0.0716879
0.0870247
0.103554
0.121404
0.140726
0.16169
0.184496
0.209378
0.236614
0.266535
0.299539
0.336114
0.37686
0.422523
0.474051
0.532657
0.599928
0.677979
0.769698
0.879157
1.01231
1.1783
1.39196
1.67955
2.09194
2.72596
3.75691
5.67365
10.2794
19.8164
)
;

boundaryField
{
    movingWall
    {
        type            zeroGradient;
    }
    fixedWalls
    {
        type            zeroGradient;
    }
    frontAndBack
    {
        type            empty;
    }
}


// ************************************************************************* //
