/*--------------------------------*- C++ -*----------------------------------*\
  =========                 |
  \\      /  F ield         | OpenFOAM: The Open Source CFD Toolbox
   \\    /   O peration     | Website:  https://openfoam.org
    \\  /    A nd           | Version:  7
     \\/     M anipulation  |
\*---------------------------------------------------------------------------*/
FoamFile
{
    version     2.0;
    format      ascii;
    class       volScalarField;
    location    "0.3";
    object      p;
}
// * * * * * * * * * * * * * * * * * * * * * * * * * * * * * * * * * * * * * //

dimensions      [0 2 -2 0 0 0 0];

internalField   nonuniform List<scalar> 
1600
(
6.29913e-06
-0.00118026
-0.00390973
-0.00758278
-0.0115268
-0.0152462
-0.0183832
-0.0206857
-0.0219859
-0.0221843
-0.0212352
-0.0191366
-0.015922
-0.0116544
-0.00642088
-0.00032933
0.00649538
0.0139139
0.0217748
0.0299172
0.0381731
0.0463697
0.0543328
0.0618894
0.0688719
0.0751219
0.0804946
0.0848643
0.0881292
0.090218
0.0910957
0.090771
0.0893042
0.0868163
0.0835007
0.0796365
0.0756037
0.0719108
0.0692258
0.06811
0.00119895
8.65975e-06
-0.00220735
-0.00505793
-0.00809985
-0.0109679
-0.0133776
-0.0151159
-0.0160326
-0.0160319
-0.0150636
-0.0131162
-0.0102107
-0.00639498
-0.00174036
0.00366254
0.00970658
0.0162708
0.0232228
0.0304213
0.0377183
0.0449619
0.0519989
0.058678
0.0648534
0.0703884
0.0751596
0.0790612
0.0820106
0.0839524
0.0848648
0.0847649
0.0837144
0.0818263
0.0792712
0.0762831
0.0731639
0.0702895
0.068107
0.0669966
0.00394299
0.00221588
-3.05721e-05
-0.00258933
-0.00521746
-0.00764517
-0.00964888
-0.011057
-0.0117438
-0.0116257
-0.0106565
-0.00882322
-0.00614104
-0.00264977
0.0015897
0.00649841
0.0119819
0.0179328
0.0242328
0.0307551
0.0373668
0.0439313
0.0503106
0.0563692
0.0619762
0.0670097
0.0713603
0.0749353
0.0776627
0.0794962
0.080419
0.0804489
0.0796423
0.0780982
0.0759604
0.0734199
0.0707168
0.0681328
0.0659265
0.0643093
0.00770568
0.00509506
0.00245446
-0.000173932
-0.00272844
-0.00500925
-0.00684215
-0.00809538
-0.00867055
-0.00850089
-0.00754975
-0.00580772
-0.00328964
-3.17255e-05
0.00391105
0.00846733
0.0135516
0.0190661
0.0249031
0.0309467
0.037075
0.0431625
0.0490825
0.05471
0.0599245
0.0646137
0.0686766
0.0720278
0.0746006
0.0763515
0.0772636
0.0773501
0.0766576
0.0752676
0.0732972
0.0708981
0.0682628
0.0656062
0.0630158
0.0605477
0.0118933
0.00825433
0.0050462
0.0021662
-0.000490902
-0.00278129
-0.0045724
-0.00576956
-0.00630162
-0.00612023
-0.00520042
-0.00353925
-0.00115381
0.00192064
0.00563255
0.00991585
0.0146917
0.0198701
0.0253515
0.0310289
0.0367891
0.0425155
0.04809
0.0533956
0.0583193
0.0627552
0.0666077
0.0697952
0.072253
0.0739371
0.0748273
0.0749296
0.0742783
0.0729371
0.070997
0.0685746
0.0658234
0.0629067
0.0597541
0.0562848
0.0160797
0.0113695
0.00750118
0.0042518
0.00136987
-0.00104369
-0.0028899
-0.00410676
-0.00464849
-0.00448501
-0.00360401
-0.00201048
0.000274342
0.00321418
0.00675889
0.0108457
0.0154005
0.0203389
0.0255678
0.0309868
0.0364896
0.0419661
0.0473043
0.0523929
0.0571236
0.0613945
0.0651122
0.0681961
0.0705807
0.072219
0.0730848
0.0731751
0.0725115
0.0711397
0.0691271
0.0665605
0.0635637
0.0602618
0.0564469
0.0519261
0.0199558
0.0141793
0.00960428
0.00590958
0.00271813
9.94779e-05
-0.00187334
-0.00316611
-0.0037557
-0.0036293
-0.00278726
-0.00124333
0.000975929
0.0038317
0.00727362
0.0112405
0.0156611
0.0204549
0.0255333
0.0308007
0.0361554
0.0414919
0.0467023
0.0516784
0.0563144
0.0605093
0.06417
0.067214
0.0695726
0.0711932
0.0720422
0.0721064
0.0713939
0.0699341
0.0677734
0.0649743
0.0616391
0.0578674
0.053335
0.0477582
0.0232885
0.01647
0.0111704
0.00698684
0.00343331
0.000556847
-0.00158914
-0.00299364
-0.00365342
-0.00357144
-0.00276029
-0.00124266
0.000948809
0.00377176
0.00717435
0.0110955
0.0154655
0.0202062
0.0252317
0.0304494
0.0357608
0.041063
0.0462499
0.0512147
0.0558518
0.0600592
0.0637414
0.0668122
0.0691972
0.0708368
0.071688
0.0717266
0.0709477
0.0693651
0.0670074
0.0639175
0.0601833
0.0558888
0.0506099
0.0439895
0.0258958
0.0180623
0.0120351
0.00734026
0.00339495
0.000230236
-0.00211525
-0.00364991
-0.00438785
-0.00434634
-0.00354949
-0.0020289
0.000176368
0.0030197
0.00644683
0.0103958
0.0147971
0.0195735
0.0246408
0.0299078
0.0352776
0.0406482
0.0459141
0.0509676
0.0557017
0.0600113
0.0637966
0.0669656
0.0694366
0.071141
0.0720255
0.0720539
0.0712081
0.0694879
0.0669062
0.0634905
0.0593196
0.0544692
0.0484279
0.0407755
0.0276272
0.0188007
0.0120487
0.00683281
0.00248154
-0.000985566
-0.00354105
-0.00520985
-0.00602137
-0.00600586
-0.00519831
-0.00363902
-0.0013737
0.0015463
0.00506363
0.00911459
0.0136288
0.0185293
0.0237319
0.0291461
0.034675
0.0402164
0.0456635
0.0509068
0.0558357
0.0603407
0.0643158
0.0676612
0.0702862
0.0721119
0.0730731
0.073121
0.0722242
0.0703686
0.0675539
0.0637947
0.0591652
0.0537377
0.0469211
0.0382389
0.0283498
0.0185436
0.0110706
0.00533138
0.000570605
-0.0032008
-0.00596413
-0.00775885
-0.00862817
-0.00861439
-0.00776283
-0.00612239
-0.00374552
-0.000688648
0.00298723
0.00721602
0.0119259
0.017039
0.0224707
0.0281299
0.033919
0.0397342
0.0454666
0.0510031
0.0562286
0.0610272
0.0652852
0.0688936
0.0717508
0.0737658
0.0748603
0.0749717
0.0740548
0.0720821
0.0690404
0.0649339
0.0598346
0.0538155
0.0462093
0.0364859
0.0279381
0.0171558
0.00896384
0.00270339
-0.00246295
-0.00653112
-0.0094897
-0.0113915
-0.0122927
-0.012247
-0.01131
-0.00953898
-0.00699335
-0.00373494
0.000171235
0.0046562
0.00964617
0.0150618
0.0208173
0.0268205
0.0329722
0.0391662
0.0452906
0.0512277
0.0568565
0.0620535
0.0666958
0.0706634
0.0738422
0.0761272
0.0774256
0.0776594
0.0767685
0.0747116
0.0714629
0.0670166
0.0614448
0.0548231
0.0464083
0.0356176
0.0262666
0.0145023
0.00559066
-0.00118667
-0.00674912
-0.0110988
-0.014231
-0.0162114
-0.0171089
-0.0169887
-0.0159165
-0.0139582
-0.0111804
-0.00765074
-0.00343847
0.00138419
0.00674109
0.0125511
0.018727
0.025175
0.0317937
0.0384745
0.0451012
0.0515512
0.0576962
0.0634042
0.0685416
0.0729757
0.0765782
0.0792281
0.080816
0.0812468
0.0804438
0.0783506
0.0749278
0.0701601
0.0641196
0.0568861
0.0476384
0.035739
0.0232046
0.0104431
0.000807861
-0.00648049
-0.0124251
-0.0170342
-0.02031
-0.0223312
-0.02318
-0.0229333
-0.0216673
-0.0194573
-0.0163774
-0.012501
-0.00790225
-0.00265669
0.00315701
0.00945579
0.0161509
0.0231467
0.0303398
0.0376184
0.0448623
0.0519429
0.0587244
0.0650649
0.0708188
0.0758393
0.0799817
0.0831071
0.0850868
0.0858064
0.08517
0.083104
0.0795541
0.0744934
0.0679948
0.060142
0.050031
0.036967
0.0186116
0.00482947
-0.00553681
-0.0133291
-0.0196375
-0.0244773
-0.0278579
-0.0298726
-0.0306174
-0.0301823
-0.0286549
-0.0261202
-0.0226606
-0.0183558
-0.0132849
-0.00752697
-0.00116321
0.00572154
0.0130371
0.0206864
0.028564
0.0365553
0.0445359
0.0523711
0.059917
0.0670213
0.073525
0.0792655
0.0840798
0.0878086
0.0903011
0.0914202
0.091048
0.0890904
0.0854751
0.0801621
0.073223
0.0647451
0.0537351
0.0394364
0.0123341
-0.00250062
-0.0136084
-0.0218962
-0.0285453
-0.0335793
-0.0370166
-0.0389665
-0.039541
-0.0388444
-0.0369771
-0.0340351
-0.0301097
-0.0252877
-0.0196532
-0.0132888
-0.00627799
0.00129291
0.00933282
0.0177437
0.0264189
0.0352413
0.0440827
0.0528028
0.0612493
0.0692588
0.0766582
0.0832676
0.0889032
0.0933827
0.0965298
0.0981809
0.0981919
0.0964439
0.0928429
0.0873315
0.0799784
0.070873
0.0589233
0.0433065
0.00420228
-0.0117256
-0.0235885
-0.0323612
-0.039322
-0.0445048
-0.0479393
-0.0497534
-0.0500777
-0.0490333
-0.0467353
-0.0432923
-0.0388054
-0.0333692
-0.0270729
-0.0200027
-0.012244
-0.00388387
0.00498659
0.0142694
0.0238575
0.0336326
0.0434633
0.0532044
0.0626957
0.0717625
0.080217
0.0878601
0.0944857
0.0998848
0.103852
0.106193
0.106731
0.105317
0.101831
0.096192
0.0884629
0.0787321
0.0657986
0.0487667
-0.00597347
-0.023045
-0.0356795
-0.0449234
-0.0521593
-0.057434
-0.0607919
-0.0623834
-0.0623614
-0.0608668
-0.0580323
-0.053981
-0.0488254
-0.0426684
-0.0356048
-0.027724
-0.0191126
-0.00985731
-4.82015e-05
0.0102183
0.0208362
0.0316876
0.0426397
0.0535432
0.064231
0.0745176
0.0841999
0.0930591
0.100864
0.107376
0.112355
0.115571
0.11681
0.115884
0.112638
0.106964
0.0989116
0.088565
0.0746009
0.0560439
-0.0184067
-0.0366836
-0.0501095
-0.0598063
-0.06727
-0.0725647
-0.0757538
-0.0770158
-0.0765306
-0.0744636
-0.0709685
-0.0661855
-0.0602402
-0.0532448
-0.0452998
-0.0364975
-0.0269245
-0.016666
-0.00580909
0.00555318
0.0173182
0.0293704
0.0415777
0.0537888
0.0658313
0.0775097
0.0886062
0.0988811
0.108076
0.11592
0.122135
0.126445
0.128592
0.128342
0.125495
0.119904
0.1116
0.100658
0.0856158
0.0654096
-0.0333398
-0.0528986
-0.0671391
-0.0772635
-0.0848933
-0.0901156
-0.0930194
-0.0938185
-0.092727
-0.0899403
-0.0856377
-0.0799798
-0.0731075
-0.065143
-0.0561931
-0.0463517
-0.0357044
-0.0243329
-0.0123191
0.000249895
0.0132777
0.0266539
0.0402501
0.0539158
0.0674756
0.0807262
0.0934358
0.105344
0.116164
0.125589
0.133295
0.138958
0.142262
0.142918
0.140666
0.135311
0.126854
0.115352
0.0991838
0.0771894
-0.0510511
-0.0719875
-0.0870694
-0.0975857
-0.1053
-0.110329
-0.112799
-0.112967
-0.111092
-0.107407
-0.102121
-0.0954211
-0.0874646
-0.0783855
-0.068296
-0.0572911
-0.0454535
-0.0328586
-0.0195806
-0.00569702
0.00870525
0.0235248
0.0386406
0.0539069
0.0691485
0.0841574
0.0986902
0.112466
0.12517
0.136455
0.145948
0.153266
0.158026
0.159867
0.158458
0.153535
0.145058
0.133052
0.115713
0.0917743
-0.0718645
-0.0942996
-0.110254
-0.121111
-0.128798
-0.133476
-0.135318
-0.134643
-0.131763
-0.126959
-0.120481
-0.112541
-0.10332
-0.0929635
-0.081588
-0.0692882
-0.0561413
-0.0422137
-0.0275677
-0.0122676
0.00361384
0.0199888
0.0367484
0.0537562
0.0708424
0.0877984
0.104373
0.120267
0.135137
0.148595
0.160213
0.169539
0.176112
0.179481
0.179224
0.174987
0.166668
0.154244
0.135696
0.109635
-0.0961633
-0.120253
-0.137113
-0.148237
-0.155744
-0.159859
-0.160822
-0.15903
-0.154867
-0.148674
-0.140747
-0.131337
-0.120644
-0.108826
-0.0960059
-0.0822733
-0.0676969
-0.0523301
-0.0362188
-0.0194092
-0.00195471
0.0160761
0.0345924
0.0534733
0.0725603
0.0916503
0.110489
0.128764
0.146106
0.162084
0.176212
0.18796
0.196772
0.20209
0.203373
0.200151
0.192229
0.179513
0.159727
0.131342
-0.12441
-0.150356
-0.168159
-0.179438
-0.186553
-0.189818
-0.189569
-0.186306
-0.180509
-0.172592
-0.162911
-0.151756
-0.139352
-0.12587
-0.111433
-0.0961239
-0.0799987
-0.0630921
-0.0454284
-0.0270295
-0.0079234
0.0118472
0.0322165
0.0530866
0.0743181
0.0957212
0.117046
0.137974
0.158114
0.176994
0.194067
0.208718
0.220281
0.228065
0.231379
0.229597
0.222397
0.209573
0.188536
0.157591
-0.157178
-0.185243
-0.204023
-0.21529
-0.221713
-0.223736
-0.221831
-0.21664
-0.208763
-0.198709
-0.186904
-0.173682
-0.159294
-0.143922
-0.127685
-0.110654
-0.0928653
-0.0743286
-0.0550398
-0.0349901
-0.0141747
0.00739709
0.0296927
0.0526459
0.076146
0.100026
0.124052
0.147907
0.171187
0.193386
0.213895
0.232008
0.246931
0.257816
0.263782
0.263999
0.257961
0.245297
0.22302
0.189236
-0.195191
-0.225722
-0.2455
-0.2565
-0.261799
-0.262039
-0.257886
-0.250172
-0.239651
-0.226952
-0.212579
-0.196915
-0.180237
-0.162729
-0.144502
-0.125605
-0.106047
-0.0858056
-0.06484
-0.0431023
-0.0205472
0.00285795
0.0271229
0.052223
0.0780875
0.104585
0.131509
0.15856
0.185333
0.211298
0.235791
0.258009
0.277022
0.291792
0.301203
0.304153
0.299881
0.287767
0.264306
0.227345
-0.239394
-0.272848
-0.293612
-0.303946
-0.307495
-0.305202
-0.298005
-0.286993
-0.27312
-0.257153
-0.239687
-0.221153
-0.201844
-0.181941
-0.161531
-0.140635
-0.11922
-0.0972231
-0.0745569
-0.0511259
-0.0268354
-0.0016018
0.0246368
0.0519087
0.0801953
0.109416
0.139407
0.169907
0.200526
0.230729
0.259809
0.286874
0.310846
0.330469
0.344338
0.351
0.34933
0.338341
0.313823
0.273271
-0.291056
-0.328031
-0.349691
-0.35873
-0.359612
-0.353733
-0.342424
-0.327112
-0.309
-0.289016
-0.267845
-0.245961
-0.223659
-0.201097
-0.178325
-0.155315
-0.131985
-0.108215
-0.0838621
-0.0587732
-0.0327949
-0.00578329
0.0223859
0.0518055
0.0825233
0.114525
0.147714
0.181883
0.216689
0.251615
0.285937
0.318692
0.348654
0.374328
0.39396
0.405643
0.407752
0.398743
0.373423
0.328769
-0.351934
-0.393205
-0.415509
-0.422244
-0.4191
-0.408159
-0.391304
-0.370404
-0.346957
-0.322068
-0.296502
-0.27075
-0.245084
-0.219615
-0.194329
-0.169131
-0.143871
-0.118357
-0.0923806
-0.0657199
-0.0381539
-0.00946931
0.0205303
0.0520143
0.0851112
0.119892
0.156348
0.194359
0.233659
0.273791
0.314053
0.353443
0.390608
0.423809
0.450887
0.469363
0.476922
0.471197
0.445561
0.396171
-0.424551
-0.471087
-0.49345
-0.496244
-0.487044
-0.468965
-0.444651
-0.416525
-0.386422
-0.355607
-0.324894
-0.294746
-0.265371
-0.236788
-0.208892
-0.181493
-0.154348
-0.127184
-0.0997082
-0.0716236
-0.0426324
-0.012444
0.0192193
0.052614
0.0879638
0.125444
0.16516
0.207112
0.251156
0.296945
0.343859
0.39092
0.436701
0.479238
0.515934
0.543611
0.559028
0.558603
0.533563
0.478687
-0.512672
-0.565593
-0.586748
-0.582919
-0.564615
-0.53649
-0.502195
-0.464807
-0.426495
-0.388632
-0.352002
-0.31697
-0.283607
-0.251791
-0.221278
-0.191751
-0.162854
-0.134211
-0.105438
-0.0761512
-0.0459699
-0.0145201
0.0185637
0.0536339
0.0910223
0.131027
0.173894
0.219783
0.268723
0.320546
0.3748
0.430628
0.486629
0.540691
0.589792
0.629953
0.656733
0.664787
0.642067
0.580914
-0.622168
-0.682492
-0.699808
-0.684919
-0.652944
-0.610733
-0.563189
-0.514081
-0.465823
-0.419759
-0.376509
-0.336217
-0.298724
-0.263693
-0.230689
-0.199231
-0.168825
-0.138976
-0.109198
-0.0790151
-0.04796
-0.0155727
0.0186033
0.0550217
0.0941316
0.136371
0.18215
0.23183
0.285671
0.34377
0.405955
0.471637
0.539609
0.60778
0.672823
0.72993
0.773201
0.794818
0.777707
0.709768
-0.762654
-0.830462
-0.838567
-0.805276
-0.752821
-0.691007
-0.626114
-0.562461
-0.502452
-0.447144
-0.396765
-0.351064
-0.309523
-0.271502
-0.236315
-0.203283
-0.171746
-0.141081
-0.110693
-0.0800134
-0.0484889
-0.0155755
0.0192725
0.0566102
0.0970079
0.141053
0.189344
0.242478
0.301012
0.365402
0.435902
0.512389
0.594114
0.679321
0.764679
0.844732
0.911994
0.955373
0.950199
0.876234
-0.95082
-1.02277
-1.01076
-0.946966
-0.864057
-0.775342
-0.688215
-0.607034
-0.533661
-0.46841
-0.410782
-0.359896
-0.314723
-0.274219
-0.237395
-0.203334
-0.171204
-0.140244
-0.109752
-0.079072
-0.0475729
-0.0146347
0.0203696
0.0580893
0.0992119
0.144476
0.19468
0.250686
0.313402
0.383748
0.462565
0.550456
0.647506
0.752805
0.863638
0.974488
1.07658
1.15497
1.17408
1.09894
-1.21717
-1.27971
-1.2255
-1.11154
-0.98407
-0.85937
-0.744753
-0.643428
-0.55574
-0.480568
-0.416237
-0.360957
-0.313024
-0.27091
-0.233274
-0.198953
-0.166938
-0.13634
-0.106363
-0.0762765
-0.0453864
-0.0130127
0.0215362
0.0589883
0.100133
0.145849
0.19713
0.255113
0.321096
0.396543
0.48305
0.582236
0.695507
0.823557
0.965369
1.11671
1.26884
1.40348
1.47114
1.41122
-1.61771
-1.63095
-1.49152
-1.29671
-1.10589
-0.935006
-0.788314
-0.665547
-0.563985
-0.480142
-0.410642
-0.352516
-0.303267
-0.260831
-0.223516
-0.189929
-0.158904
-0.129452
-0.100708
-0.071891
-0.0422689
-0.0111256
0.0222707
0.0587003
0.0990273
0.144241
0.195502
0.254202
0.322027
0.401022
0.493658
0.602848
0.731861
0.883978
1.06155
1.26422
1.4865
1.71008
1.87239
1.87274
-2.25446
-2.11587
-1.81359
-1.49442
-1.21742
-0.990515
-0.809418
-0.666456
-0.553628
-0.464015
-0.392069
-0.333473
-0.284904
-0.243805
-0.208188
-0.176484
-0.147427
-0.119971
-0.0932203
-0.0663798
-0.0387101
-0.00949007
0.0220201
0.0566173
0.0951996
0.138819
0.188748
0.24657
0.314292
0.394504
0.490568
0.606858
0.748991
0.923945
1.13978
1.40421
1.72094
2.07939
2.41784
2.5891
-3.35592
-2.78318
-2.1727
-1.67585
-1.29258
-1.00573
-0.794151
-0.637277
-0.519333
-0.429177
-0.358976
-0.303186
-0.257841
-0.220061
-0.187704
-0.159137
-0.133079
-0.108493
-0.0845048
-0.0603473
-0.035312
-0.00870935
0.0201702
0.0520966
0.0879483
0.128772
0.175863
0.23088
0.296002
0.374175
0.469458
0.587551
0.736532
0.927896
1.17797
1.50834
1.94099
2.49108
3.15796
3.79444
-5.52066
-3.66081
-2.43095
-1.71417
-1.24179
-0.921816
-0.704871
-0.553973
-0.445497
-0.365214
-0.304192
-0.256576
-0.218407
-0.186925
-0.160132
-0.136538
-0.11499
-0.0945593
-0.0744727
-0.0540515
-0.0326711
-0.00972344
0.0154175
0.0434332
0.0751048
0.11137
0.153401
0.20272
0.261372
0.332197
0.419278
0.528678
0.669682
0.857075
1.11541
1.48391
2.01598
2.8054
4.12342
6.0914
-9.20662
-4.51956
-2.30623
-1.42119
-0.958944
-0.68291
-0.512257
-0.400587
-0.322921
-0.266422
-0.223898
-0.190919
-0.164577
-0.142861
-0.124316
-0.107843
-0.0925832
-0.0778385
-0.0630185
-0.047602
-0.0311062
-0.0130601
0.0070212
0.0296635
0.0554654
0.0851397
0.119571
0.159896
0.207637
0.264903
0.334755
0.421859
0.533762
0.683748
0.897451
1.22411
1.75391
2.73325
5.06142
9.86893
)
;

boundaryField
{
    movingWall
    {
        type            zeroGradient;
    }
    fixedWalls
    {
        type            zeroGradient;
    }
    frontAndBack
    {
        type            empty;
    }
}


// ************************************************************************* //
