/*--------------------------------*- C++ -*----------------------------------*\
  =========                 |
  \\      /  F ield         | OpenFOAM: The Open Source CFD Toolbox
   \\    /   O peration     | Website:  https://openfoam.org
    \\  /    A nd           | Version:  7
     \\/     M anipulation  |
\*---------------------------------------------------------------------------*/
FoamFile
{
    version     2.0;
    format      ascii;
    class       volScalarField;
    location    "0.225";
    object      p;
}
// * * * * * * * * * * * * * * * * * * * * * * * * * * * * * * * * * * * * * //

dimensions      [0 2 -2 0 0 0 0];

internalField   nonuniform List<scalar> 
6400
(
1.40579e-06
1.46459e-05
-0.000491643
-0.00152405
-0.00296583
-0.00470679
-0.00664647
-0.00869553
-0.0107767
-0.0128247
-0.0147843
-0.0166095
-0.0182618
-0.0197095
-0.0209268
-0.021893
-0.022592
-0.0230115
-0.0231431
-0.0229815
-0.022524
-0.0217709
-0.0207245
-0.0193894
-0.0177721
-0.0158808
-0.0137253
-0.0113169
-0.00866837
-0.00579346
-0.00270719
0.000574399
0.00403432
0.00765472
0.011417
0.0153016
0.0192887
0.0233577
0.0274874
0.0316564
0.0358429
0.0400248
0.0441799
0.0482858
0.0523204
0.0562615
0.0600874
0.0637766
0.0673083
0.0706621
0.0738188
0.0767597
0.0794676
0.0819263
0.0841213
0.0860394
0.0876695
0.0890025
0.0900312
0.0907512
0.0911606
0.0912601
0.0910538
0.0905492
0.0897573
0.088693
0.0873757
0.0858296
0.084084
0.0821741
0.0801417
0.0780358
0.075914
0.0738432
0.071901
0.0701758
0.0687646
0.0677716
0.0673033
0.0673405
-8.6984e-06
4.52607e-06
-0.000448885
-0.00133174
-0.00254505
-0.0040095
-0.00564928
-0.00739196
-0.0091724
-0.0109334
-0.0126252
-0.0142053
-0.0156378
-0.0168923
-0.0179437
-0.0187717
-0.01936
-0.0196962
-0.0197712
-0.019579
-0.0191162
-0.018382
-0.0173779
-0.0161076
-0.0145763
-0.0127912
-0.0107609
-0.00849576
-0.00600715
-0.00330772
-0.000411291
0.0026673
0.0059123
0.00930711
0.0128343
0.0164759
0.020213
0.0240265
0.0278965
0.031803
0.0357256
0.0396434
0.0435359
0.047382
0.0511612
0.0548527
0.0584362
0.0618918
0.0652002
0.0683426
0.0713011
0.0740588
0.0765997
0.0789092
0.0809741
0.0827827
0.0843252
0.0855935
0.086582
0.0872869
0.0877073
0.087845
0.0877046
0.0872938
0.0866241
0.0857103
0.0845715
0.083231
0.081717
0.0800625
0.0783066
0.076494
0.0746763
0.0729119
0.0712661
0.0698103
0.0686176
0.0677628
0.0673393
0.0673775
0.00049846
0.000460236
6.56015e-06
-0.000808962
-0.00189907
-0.00320061
-0.00465228
-0.00619403
-0.00777037
-0.00933121
-0.0108323
-0.0122349
-0.0135059
-0.0146167
-0.0155436
-0.016267
-0.0167711
-0.0170434
-0.017075
-0.0168593
-0.0163928
-0.0156739
-0.0147036
-0.0134847
-0.0120219
-0.0103214
-0.00839112
-0.00624033
-0.00387957
-0.00132058
0.00142381
0.00433973
0.00741245
0.0106264
0.0139651
0.0174116
0.0209483
0.0245569
0.0282188
0.031915
0.0356262
0.0393329
0.0430154
0.046654
0.0502292
0.0537216
0.057112
0.0603818
0.0635127
0.0664872
0.0692886
0.0719012
0.07431
0.0765016
0.0784639
0.0801862
0.0816597
0.0828771
0.0838336
0.0845262
0.0849546
0.085121
0.0850303
0.0846904
0.0841126
0.0833115
0.0823053
0.0811163
0.0797711
0.0783006
0.0767406
0.0751318
0.0735202
0.0719568
0.0704974
0.0692013
0.0681277
0.0673369
0.0669142
0.0669111
0.00153195
0.00134661
0.000823
4.16636e-06
-0.00104338
-0.00226609
-0.00361218
-0.00503098
-0.00647492
-0.00790038
-0.00926827
-0.0105438
-0.0116967
-0.0127009
-0.0135343
-0.0141783
-0.014618
-0.0148414
-0.0148397
-0.0146065
-0.014138
-0.0134325
-0.0124906
-0.0113145
-0.00990839
-0.00827798
-0.00643049
-0.00437446
-0.00211971
0.000322773
0.00294095
0.00572179
0.0086514
0.011715
0.0148972
0.0181817
0.0215518
0.0249903
0.0284795
0.0320012
0.0355372
0.0390689
0.0425776
0.0460447
0.0494515
0.0527796
0.056011
0.0591278
0.0621128
0.0649496
0.0676223
0.070116
0.0724169
0.0745123
0.0763909
0.0780428
0.0794598
0.0806355
0.0815654
0.0822471
0.0826805
0.0828681
0.0828148
0.0825285
0.0820199
0.0813031
0.0803953
0.0793175
0.0780944
0.0767544
0.0753303
0.0738586
0.0723804
0.07094
0.0695856
0.0683677
0.0673365
0.0665437
0.0660574
0.0659212
0.0029809
0.00256912
0.00191762
0.00104579
-9.17762e-06
-0.00120257
-0.00249048
-0.00383068
-0.00518287
-0.00650964
-0.00777681
-0.00895366
-0.010013
-0.0109314
-0.0116885
-0.0122673
-0.0126538
-0.0128368
-0.0128079
-0.012561
-0.0120923
-0.0114001
-0.0104846
-0.00934791
-0.00799366
-0.00642714
-0.00465499
-0.00268517
-0.000526855
0.00180964
0.00431301
0.00697096
0.00977034
0.0126972
0.0157369
0.018874
0.0220927
0.0253766
0.0287088
0.0320722
0.0354492
0.0388222
0.0421735
0.0454852
0.0487397
0.0519195
0.0550072
0.0579861
0.0608398
0.0635526
0.0661096
0.0684966
0.0707007
0.0727098
0.0745132
0.0761019
0.0774681
0.0786059
0.0795112
0.0801819
0.0806182
0.0808224
0.0807995
0.0805568
0.0801046
0.0794562
0.0786277
0.0776384
0.076511
0.0752716
0.0739494
0.0725772
0.0711909
0.069829
0.0685327
0.0673444
0.0663071
0.0654647
0.0648583
0.06451
0.00474309
0.0040546
0.00323216
0.00226717
0.00116343
-4.21713e-05
-0.00131233
-0.00261239
-0.00390878
-0.00516974
-0.00636577
-0.00747014
-0.00845903
-0.00931127
-0.0100087
-0.010536
-0.0108804
-0.0110315
-0.0109816
-0.0107249
-0.010258
-0.00957905
-0.00868837
-0.00758776
-0.00628064
-0.00477189
-0.00306771
-0.00117557
0.000895899
0.00313699
0.00553701
0.00808435
0.0107665
0.0135704
0.0164819
0.0194865
0.022569
0.025714
0.0289053
0.0321265
0.035361
0.0385918
0.0418021
0.044975
0.0480934
0.0511407
0.0541004
0.0569565
0.0596934
0.0622961
0.0647504
0.0670428
0.069161
0.0710936
0.0728305
0.0743631
0.075684
0.0767877
0.0776703
0.07833
0.0787669
0.0789832
0.0789835
0.0787749
0.078367
0.0777717
0.0770042
0.0760822
0.0750261
0.0738594
0.0726083
0.0713016
0.0699705
0.0686484
0.0673697
0.0661699
0.065086
0.0641545
0.0633852
0.062774
0.00672789
0.00573451
0.00471141
0.00362174
0.00243529
0.00118253
-0.000104673
-0.00139842
-0.00267111
-0.00389605
-0.00504825
-0.0061047
-0.00704464
-0.0078496
-0.00850353
-0.00899272
-0.00930573
-0.00943335
-0.00936848
-0.00910601
-0.00864275
-0.00797721
-0.00710964
-0.00604182
-0.00477702
-0.00331981
-0.00167606
0.000147136
0.0021416
0.00429815
0.00660665
0.00905607
0.0116345
0.0143295
0.0171276
0.020015
0.0229773
0.0259996
0.0290665
0.0321624
0.0352712
0.038377
0.0414634
0.0445142
0.0475132
0.0504445
0.0532922
0.0560411
0.058676
0.0611828
0.0635477
0.0657579
0.0678015
0.0696677
0.0713468
0.0728304
0.0741117
0.0751852
0.0760473
0.076696
0.0771313
0.0773554
0.0773723
0.0771885
0.0768128
0.0762563
0.0755324
0.0746574
0.0736495
0.0725298
0.0713213
0.0700493
0.0687406
0.0674238
0.0661278
0.0648816
0.0637171
0.0626651
0.061703
0.0607996
0.00885607
0.00754441
0.00630163
0.00506413
0.00376896
0.0024414
0.00110885
-0.000206538
-0.00148244
-0.00269684
-0.00382872
-0.00485864
-0.00576874
-0.00654318
-0.00716798
-0.00763116
-0.00792267
-0.00803443
-0.00796023
-0.00769564
-0.00723787
-0.00658577
-0.00573976
-0.00470165
-0.00347462
-0.00206307
-0.000472657
0.00128984
0.00321663
0.00529897
0.00752717
0.00989069
0.0123782
0.0149778
0.0176766
0.0204615
0.0233186
0.0262337
0.029192
0.0321785
0.0351779
0.0381747
0.0411534
0.0440984
0.046994
0.0498248
0.0525758
0.0552321
0.0577793
0.0602035
0.0624918
0.0646315
0.0666113
0.0684207
0.0700502
0.0714919
0.0727389
0.0737861
0.0746296
0.0752674
0.0756995
0.0759274
0.075955
0.0757878
0.0754337
0.0749028
0.0742072
0.0733613
0.0723815
0.0712862
0.0700957
0.0688318
0.0675178
0.0661778
0.0648356
0.0635149
0.0622437
0.0610478
0.0598732
0.0586631
0.0110607
0.0094269
0.00795335
0.00655184
0.00512857
0.00370472
0.00230431
0.000944566
-0.000356904
-0.00158213
-0.00271376
-0.00373551
-0.00463242
-0.00539103
-0.0059994
-0.00644727
-0.00672606
-0.00682886
-0.00675037
-0.00648687
-0.00603616
-0.00539749
-0.00457147
-0.00356008
-0.00236647
-0.000995018
0.000548801
0.00225846
0.00412647
0.00614441
0.00830298
0.0105921
0.0130009
0.0155179
0.0181309
0.0208272
0.0235935
0.0264161
0.0292808
0.0321733
0.0350786
0.0379821
0.0408685
0.0437229
0.0465303
0.0492756
0.0519444
0.0545222
0.0569951
0.0593498
0.0615734
0.0636539
0.0655801
0.0673418
0.0689299
0.0703363
0.0715545
0.072579
0.0734062
0.0740337
0.0744611
0.0746898
0.0747227
0.0745648
0.0742232
0.0737065
0.0730256
0.0721933
0.0712239
0.0701336
0.0689401
0.0676621
0.0663195
0.0649326
0.0635211
0.0621039
0.060706
0.0593493
0.0579505
0.0564288
0.013286
0.0113319
0.00962215
0.00804584
0.0064803
0.00494376
0.00345773
0.00203523
0.000689797
-0.000564092
-0.00171241
-0.00274174
-0.00363979
-0.00439532
-0.00499836
-0.00544034
-0.00571413
-0.00581398
-0.00573558
-0.00547596
-0.00503354
-0.00440803
-0.00360038
-0.00261272
-0.0014483
-0.000111496
0.00139228
0.0030567
0.00487447
0.00683746
0.00893672
0.0111625
0.0135043
0.0159512
0.0184913
0.0211124
0.0238018
0.0265461
0.0293318
0.0321448
0.034971
0.0377959
0.040605
0.0433837
0.0461174
0.0487917
0.0513922
0.0539052
0.0563169
0.0586144
0.0607851
0.0628173
0.0646999
0.066423
0.0679774
0.0693552
0.0705498
0.0715557
0.0723689
0.0729869
0.073409
0.0736358
0.0736698
0.0735151
0.0731778
0.0726655
0.0719877
0.0711554
0.0701813
0.0690795
0.067865
0.0665541
0.0651637
0.0637106
0.0622111
0.0606802
0.0591406
0.0576117
0.0559823
0.0541499
0.015485
0.013216
0.0112685
0.00951054
0.00779273
0.00613122
0.00454571
0.00304569
0.00164136
0.00034405
-0.000835081
-0.00188532
-0.00279669
-0.00356004
-0.00416728
-0.0046115
-0.00488692
-0.00498898
-0.00491433
-0.00466083
-0.00422755
-0.00361469
-0.00282357
-0.00185656
-0.000717094
0.000590404
0.00206057
0.00368714
0.005463
0.00738023
0.00943014
0.0116033
0.0138895
0.0162782
0.018758
0.0213169
0.0239427
0.0266225
0.0293431
0.032091
0.0348524
0.0376133
0.0403595
0.0430768
0.045751
0.048368
0.050914
0.0533753
0.0557385
0.0579909
0.0601201
0.0621146
0.0639635
0.0656567
0.0671853
0.0685412
0.0697177
0.070709
0.0715111
0.072121
0.0725375
0.0727607
0.0727923
0.0726358
0.0722961
0.0717798
0.071095
0.0702513
0.0692596
0.0681321
0.0668817
0.0655222
0.064068
0.0625332
0.0609308
0.0592729
0.0575807
0.0558718
0.0540094
0.0518706
0.0176186
0.0150416
0.0128571
0.0109137
0.00903674
0.00724121
0.0055456
0.00395652
0.00248129
0.00112851
-9.31338e-05
-0.00117534
-0.00211021
-0.00289057
-0.0035101
-0.00396339
-0.00424599
-0.0043545
-0.00428655
-0.00404084
-0.00361709
-0.00301602
-0.00223937
-0.00128981
-0.000171008
0.00111253
0.00255541
0.00415142
0.00589353
0.00777397
0.00978424
0.0119151
0.0141569
0.016499
0.0189306
0.02144
0.0240152
0.0266438
0.029313
0.0320096
0.0347201
0.0374309
0.0401282
0.042798
0.0454266
0.048
0.0505046
0.052927
0.0552542
0.0574733
0.0595723
0.0615396
0.0633644
0.0650366
0.0665472
0.067888
0.069052
0.0700333
0.0708274
0.071431
0.0718423
0.0720609
0.0720877
0.0719253
0.0715777
0.0710505
0.0703504
0.0694857
0.0684656
0.0673006
0.0660017
0.0645808
0.0630498
0.0614207
0.0597039
0.0579088
0.0560561
0.0541623
0.0520667
0.0496274
0.0196534
0.0167759
0.0143568
0.012226
0.0101855
0.00824944
0.00643575
0.00474866
0.00319298
0.00177506
0.000501367
-0.000621836
-0.00158861
-0.00239358
-0.00303206
-0.00350003
-0.00379432
-0.00391265
-0.00385362
-0.00361675
-0.00320241
-0.0026119
-0.00184738
-0.000911907
0.000190654
0.00145563
0.00287755
0.00445019
0.00616658
0.00801903
0.00999918
0.0120981
0.0143061
0.0166131
0.0190083
0.0214804
0.0240177
0.0266082
0.0292392
0.0318979
0.0345712
0.0372456
0.0399076
0.0425436
0.0451399
0.0476829
0.0501592
0.0525554
0.0548586
0.0570562
0.0591361
0.0610866
0.062897
0.0645571
0.0660576
0.0673903
0.0685477
0.0695238
0.0703136
0.0709133
0.0713205
0.0715342
0.0715546
0.0713835
0.0710238
0.0704801
0.069758
0.0688643
0.067807
0.0665948
0.0652372
0.0637442
0.0621259
0.0603924
0.0585519
0.0566121
0.0545933
0.0525117
0.050184
0.0474507
0.0215608
0.0183904
0.0157397
0.0134211
0.0112143
0.00913312
0.00719545
0.00540346
0.00375989
0.00226918
0.000935858
-0.000235615
-0.0012411
-0.00207684
-0.00273959
-0.00322667
-0.00353615
-0.00366681
-0.00361818
-0.00339057
-0.00298504
-0.00240344
-0.00164841
-0.000723398
0.000367501
0.00161941
0.00302674
0.0045832
0.00628182
0.00811497
0.0100744
0.0121513
0.0143362
0.0166192
0.0189896
0.0214365
0.0239483
0.0265133
0.0291192
0.0317532
0.0344024
0.0370538
0.039694
0.0423095
0.0448868
0.0474125
0.0498732
0.0522557
0.0545471
0.0567347
0.0588064
0.0607507
0.0625564
0.0642134
0.065712
0.0670437
0.0682009
0.069177
0.0699666
0.0705654
0.0709703
0.0711798
0.0711932
0.0710114
0.0706366
0.0700722
0.0693227
0.0683937
0.0672919
0.0660247
0.0646001
0.0630265
0.0613125
0.0594665
0.0574954
0.0554051
0.0532161
0.050945
0.0483871
0.0453661
0.0233158
0.0198596
0.0169806
0.0144746
0.0121
0.00987077
0.00780484
0.00590279
0.00416568
0.00259623
0.00119736
-2.81341e-05
-0.00107769
-0.00194899
-0.00264012
-0.0031497
-0.00347692
-0.00362157
-0.00358408
-0.00336552
-0.00296764
-0.00239289
-0.00164439
-0.000725906
0.000358118
0.00160259
0.00300177
0.00454927
0.00623807
0.00806057
0.0100086
0.0120734
0.0142457
0.0165155
0.0188726
0.0213061
0.0238047
0.0263567
0.0289501
0.0315723
0.0342107
0.0368522
0.0394837
0.0420919
0.0446633
0.0471845
0.0496423
0.0520234
0.054315
0.0565042
0.0585789
0.0605274
0.0623383
0.0640013
0.0655064
0.0668447
0.0680083
0.0689902
0.0697843
0.0703858
0.070791
0.0709976
0.0710043
0.0708111
0.0704193
0.0698312
0.0690503
0.0680812
0.0669294
0.0656009
0.0641026
0.0624416
0.0606251
0.0586605
0.0565531
0.0543079
0.051946
0.0494845
0.0466983
0.0433952
0.0248964
0.0211607
0.0180568
0.0153644
0.0128213
0.0104421
0.00824488
0.00622903
0.00439415
0.00274148
0.00127255
-1.13726e-05
-0.00110905
-0.00201948
-0.002742
-0.00327644
-0.00362304
-0.00378253
-0.00375619
-0.00354587
-0.00315398
-0.00258355
-0.00183818
-0.000922027
0.000160142
0.00140299
0.00280058
0.0043464
0.00603338
0.00785389
0.00979977
0.0118623
0.0140323
0.0162998
0.0186549
0.0210866
0.023584
0.0261354
0.0287289
0.0313521
0.0339925
0.0366372
0.039273
0.0418868
0.0444652
0.0469949
0.0494623
0.0518544
0.0541581
0.0563607
0.0584496
0.0604128
0.0622391
0.0639174
0.0654377
0.0667907
0.0679678
0.0689616
0.0697654
0.070374
0.0707828
0.0709889
0.0709901
0.0707856
0.0703759
0.0697623
0.0689474
0.0679347
0.0667286
0.0653341
0.0637569
0.0620031
0.060079
0.0579907
0.0557428
0.0533394
0.0508024
0.0481498
0.0451372
0.0415567
0.0262826
0.0222731
0.0189474
0.0160697
0.0133581
0.0108277
0.00849726
0.006365
0.00442928
0.00269014
0.00114779
-0.000197711
-0.00134638
-0.00229842
-0.00305438
-0.00361511
-0.00398185
-0.00415624
-0.00414037
-0.00393686
-0.00354878
-0.00297969
-0.00223368
-0.00131531
-0.000229708
0.00101753
0.00242026
0.00397181
0.00566502
0.00749221
0.00944519
0.0115152
0.0136932
0.0159693
0.0183335
0.0207751
0.0232831
0.025846
0.028452
0.0310889
0.0337441
0.0364048
0.039058
0.0416904
0.0442887
0.0468395
0.0493292
0.0517447
0.0540727
0.0563002
0.0584146
0.0604036
0.0622554
0.0639589
0.0655035
0.0668794
0.0680776
0.0690901
0.0699097
0.0705302
0.0709468
0.0711554
0.0711532
0.0709388
0.0705114
0.0698716
0.0690212
0.0679625
0.0666991
0.0652351
0.0635752
0.0617246
0.0596886
0.0574729
0.0550811
0.0525168
0.0498031
0.046959
0.0437213
0.0398668
0.0274564
0.0231776
0.019633
0.0165711
0.0136913
0.0110092
0.00854426
0.00629386
0.0042552
0.00242733
0.000809304
-0.000599899
-0.00180142
-0.00279662
-0.00358709
-0.00417466
-0.00456149
-0.0047501
-0.00474339
-0.00454467
-0.00415764
-0.00358643
-0.00283561
-0.00191016
-0.000815538
0.000442349
0.00185712
0.00342196
0.00512957
0.00697219
0.00894155
0.0110289
0.0132251
0.0155205
0.0179049
0.0203679
0.0228984
0.025485
0.0281159
0.030779
0.0334617
0.0361513
0.0388347
0.0414987
0.0441297
0.0467144
0.0492391
0.0516904
0.0540549
0.0563193
0.0584707
0.0604965
0.0623847
0.0641234
0.0657018
0.0671095
0.068337
0.0693755
0.0702173
0.0708556
0.0712847
0.0714998
0.0714974
0.071275
0.0708312
0.0701658
0.0692793
0.0681736
0.0668511
0.0653152
0.0635698
0.0616193
0.0594684
0.0571222
0.0545838
0.0518565
0.0489646
0.0459285
0.0424663
0.0383402
0.0284009
0.0238565
0.0200951
0.0168503
0.0138027
0.0109687
0.00836859
0.00599896
0.00385609
0.00193808
0.000243048
-0.00123105
-0.00248642
-0.00352544
-0.00435065
-0.00496478
-0.0053709
-0.00557236
-0.00557284
-0.00537629
-0.00498705
-0.00440979
-0.00364956
-0.00271179
-0.00160227
-0.000327226
0.00110673
0.00269259
0.00442291
0.00628979
0.00828488
0.0103994
0.0126242
0.0149495
0.0173654
0.0198611
0.0224259
0.0250483
0.0277165
0.0304183
0.0331413
0.0358726
0.0385991
0.0413075
0.0439843
0.0466157
0.0491882
0.0516879
0.0541013
0.0564147
0.058615
0.0606891
0.0626245
0.064409
0.0660312
0.0674801
0.0687455
0.0698181
0.0706894
0.071352
0.0717992
0.0720257
0.072027
0.0717998
0.0713418
0.070652
0.0697302
0.0685773
0.067195
0.0655859
0.0637532
0.0617006
0.0594326
0.0569536
0.0542664
0.0513741
0.0483025
0.0450735
0.041387
0.0369901
0.0291
0.0242926
0.0203162
0.0168895
0.0136746
0.0106887
0.00795324
0.00546386
0.00321615
0.00120736
-0.000565245
-0.00210468
-0.00341411
-0.00449678
-0.00535612
-0.00599581
-0.00641974
-0.00663204
-0.00663708
-0.00643951
-0.00604428
-0.00545656
-0.00468191
-0.00372619
-0.00259558
-0.00129658
0.000163949
0.00177877
0.00354025
0.00544034
0.00747062
0.00962224
0.0118859
0.014252
0.0167104
0.0192505
0.0218614
0.0245316
0.0272493
0.0300025
0.0327784
0.0355643
0.0383469
0.0411128
0.0438483
0.0465396
0.0491727
0.0517337
0.0542085
0.0565835
0.0588447
0.060979
0.062973
0.0648143
0.0664907
0.0679907
0.0693034
0.0704188
0.0713277
0.0720218
0.0724937
0.0727372
0.072747
0.072519
0.0720501
0.0713384
0.0703828
0.0691836
0.0677416
0.0660588
0.0641379
0.061982
0.0595952
0.0569815
0.0541437
0.0510847
0.047832
0.0444089
0.0404972
0.0358293
0.0295381
0.0244695
0.0202793
0.0166715
0.0132898
0.0101523
0.0072814
0.00467224
0.00231958
0.000219973
-0.00163015
-0.00323467
-0.00459758
-0.00572299
-0.00661521
-0.00727876
-0.00771832
-0.00793877
-0.00794519
-0.00774285
-0.00733727
-0.00673423
-0.00593975
-0.0049601
-0.00380182
-0.00247174
-0.000977003
0.000674924
0.0024762
0.00441863
0.00649369
0.00869243
0.0110055
0.0134232
0.0159353
0.0185313
0.0212
0.0239302
0.0267099
0.0295269
0.0323686
0.035222
0.0380737
0.0409102
0.0437177
0.0464819
0.0491888
0.0518241
0.0543734
0.0568226
0.0591573
0.0613639
0.0634286
0.0653381
0.0670798
0.0686415
0.0700115
0.0711791
0.0721343
0.0728679
0.0733719
0.073639
0.0736631
0.0734393
0.0729637
0.0722333
0.0712466
0.0700028
0.0685022
0.0667463
0.064737
0.0624771
0.0599703
0.0572206
0.0542306
0.0510032
0.0475677
0.0439488
0.0398103
0.0348699
0.0296999
0.0243711
0.0199678
0.0161793
0.0126311
0.00934237
0.00633633
0.00360766
0.00115039
-0.00103957
-0.00296657
-0.00463527
-0.00605044
-0.00721703
-0.0081402
-0.00882526
-0.00927765
-0.00950295
-0.00950693
-0.00929551
-0.00887478
-0.00825108
-0.00743088
-0.0064209
-0.00522803
-0.00385945
-0.0023226
-0.000625184
0.00122475
0.00321885
0.00534843
0.00760445
0.00997746
0.0124576
0.0150348
0.0176982
0.0204368
0.0232391
0.0260932
0.0289868
0.0319071
0.034841
0.037775
0.0406954
0.0435881
0.0464388
0.0492328
0.0519557
0.0545928
0.0571292
0.0595504
0.061842
0.0639897
0.0659796
0.0677983
0.0694328
0.0708709
0.0721009
0.073112
0.0738941
0.0744383
0.0747364
0.0747816
0.0745679
0.0740906
0.0733459
0.0723315
0.0710459
0.0694887
0.0676608
0.0655636
0.0631997
0.0605724
0.0576856
0.0545419
0.0511445
0.0475241
0.0437074
0.0393397
0.0341237
0.0295703
0.0239813
0.019365
0.015396
0.0116817
0.00824195
0.00510121
0.00225356
-0.000307605
-0.00258702
-0.00458972
-0.0063211
-0.00778671
-0.00899233
-0.00994391
-0.0106475
-0.0111093
-0.0113355
-0.0113327
-0.0111073
-0.0106661
-0.0100159
-0.0091637
-0.00811657
-0.00688183
-0.00546698
-0.0038798
-0.00212825
-0.000220572
0.00183471
0.00402874
0.00635235
0.00879598
0.0113497
0.0140032
0.0167458
0.0195662
0.0224529
0.025394
0.0283769
0.0313888
0.0344164
0.0374461
0.0404638
0.0434553
0.0464059
0.0493009
0.0521251
0.0548634
0.0575007
0.0600217
0.0624115
0.0646551
0.0667381
0.0686461
0.0703655
0.0718832
0.0731865
0.0742639
0.0751043
0.0756978
0.0760355
0.0761094
0.0759127
0.0754397
0.074686
0.0736483
0.0723244
0.0707134
0.0688154
0.0666316
0.0641641
0.0614161
0.0583915
0.0550929
0.0515235
0.0477161
0.0436989
0.0390988
0.0336032
0.0291339
0.0232839
0.0184544
0.0143048
0.0104243
0.00683394
0.00355901
0.000593117
-0.00207091
-0.00443846
-0.0065152
-0.00830725
-0.00982096
-0.0110629
-0.0120397
-0.0127582
-0.0132254
-0.0134481
-0.0134335
-0.0131888
-0.0127213
-0.0120383
-0.0111472
-0.0100557
-0.0087714
-0.00730222
-0.00565619
-0.00384156
-0.00186677
0.000259438
0.00252805
0.00492973
0.00745481
0.0100933
0.0128346
0.0156681
0.0185825
0.0215661
0.0246067
0.0276918
0.0308084
0.033943
0.0370819
0.0402107
0.0433148
0.0463793
0.0493891
0.0523286
0.0551822
0.0579343
0.060569
0.0630708
0.065424
0.0676133
0.0696237
0.0714407
0.0730501
0.0744387
0.0755937
0.0765031
0.0771561
0.0775426
0.0776539
0.077482
0.0770205
0.0762639
0.0752082
0.0738505
0.0721892
0.0702239
0.0679553
0.0653852
0.0625167
0.0593538
0.055899
0.0521558
0.0481587
0.043938
0.0391014
0.0333208
0.028375
0.0222627
0.0172189
0.0128884
0.00884171
0.00510093
0.00169238
-0.00139079
-0.00415636
-0.00661034
-0.00875904
-0.0106093
-0.0121683
-0.0134432
-0.0144415
-0.0151708
-0.0156386
-0.0158528
-0.015821
-0.015551
-0.0150508
-0.0143281
-0.013391
-0.0122474
-0.0109055
-0.00937353
-0.00765979
-0.00577281
-0.00372129
-0.00151417
0.000839341
0.00332978
0.00594732
0.00868181
0.0115227
0.0144591
0.0174797
0.0205726
0.0237256
0.0269259
0.0301605
0.0334157
0.0366774
0.0399311
0.0431619
0.0463546
0.0494935
0.0525627
0.0555461
0.0584274
0.0611903
0.0638184
0.0662953
0.068605
0.0707317
0.0726597
0.0743741
0.0758606
0.0771054
0.0780956
0.0788191
0.0792649
0.0794232
0.0792851
0.078843
0.0780907
0.0770233
0.0756372
0.0739299
0.0719006
0.0695497
0.0668786
0.0638903
0.0605887
0.0569764
0.0530573
0.0488677
0.0444398
0.0393618
0.0332898
0.0272776
0.0209008
0.0156415
0.0111293
0.00691615
0.00302514
-0.000516371
-0.00371567
-0.00658123
-0.00911961
-0.0113378
-0.0132434
-0.0148442
-0.0161483
-0.0171638
-0.017899
-0.0183624
-0.0185623
-0.0185072
-0.0182055
-0.0176656
-0.016896
-0.0159051
-0.0147013
-0.0132934
-0.0116897
-0.00989903
-0.00793013
-0.00579197
-0.00349369
-0.0010447
0.00154538
0.00426658
0.00710862
0.0100609
0.0131123
0.0162514
0.0194663
0.0227446
0.0260734
0.0294394
0.0328288
0.0362273
0.0396201
0.042992
0.0463273
0.04961
0.0528237
0.0559518
0.0589774
0.0618834
0.0646528
0.0672684
0.0697133
0.0719707
0.0740241
0.0758576
0.0774557
0.0788036
0.0798871
0.0806933
0.0812099
0.0814259
0.0813315
0.080918
0.0801782
0.0791063
0.0776979
0.0759499
0.0738609
0.0714307
0.0686606
0.0655534
0.0621131
0.0583422
0.054245
0.0498597
0.0452205
0.0398955
0.0335243
0.0258251
0.019181
0.0137043
0.00900935
0.00462937
0.000588277
-0.00308546
-0.00639965
-0.00936339
-0.0119838
-0.0142687
-0.0162262
-0.0178649
-0.0191937
-0.0202216
-0.0209575
-0.0214106
-0.0215901
-0.021505
-0.0211644
-0.0205774
-0.0197529
-0.0187
-0.0174276
-0.0159446
-0.01426
-0.0123827
-0.010322
-0.00808698
-0.00568702
-0.00313172
-0.000430891
0.00240537
0.00536667
0.00844223
0.0116209
0.0148911
0.0182408
0.0216575
0.0251282
0.0286393
0.0321769
0.0357263
0.0392726
0.0428002
0.046293
0.0497346
0.0531081
0.0563963
0.0595816
0.0626463
0.0655726
0.0683425
0.0709381
0.0733417
0.0755359
0.0775034
0.0792277
0.0806929
0.0818837
0.0827857
0.0833857
0.0836713
0.0836316
0.0832569
0.0825388
0.0814707
0.0800472
0.0782646
0.0761207
0.0736151
0.0707486
0.0675238
0.0639448
0.0600143
0.0557366
0.0511522
0.046297
0.0407185
0.0340395
0.0240001
0.0170853
0.0113889
0.00650999
0.00196255
-0.00222853
-0.00603373
-0.00946143
-0.0125213
-0.0152211
-0.0175694
-0.0195749
-0.0212472
-0.0225958
-0.0236305
-0.0243611
-0.0247976
-0.0249497
-0.0248274
-0.0244402
-0.023798
-0.0229104
-0.0217867
-0.0204365
-0.018869
-0.0170938
-0.01512
-0.0129572
-0.0106147
-0.00810227
-0.00542958
-0.00260664
0.000356315
0.00344876
0.00665981
0.00997818
0.0133922
0.0168897
0.020458
0.0240841
0.0277541
0.031454
0.0351688
0.0388832
0.0425815
0.046247
0.049863
0.0534119
0.0568761
0.0602372
0.0634769
0.0665764
0.069517
0.0722797
0.0748458
0.0771968
0.0793144
0.0811807
0.0827786
0.0840915
0.0851038
0.0858008
0.0861691
0.0861964
0.0858718
0.0851858
0.0841308
0.0827004
0.0808901
0.0786972
0.0761206
0.0731607
0.0698202
0.0661028
0.0620116
0.0575511
0.0527637
0.0476875
0.0418484
0.0348518
0.0217847
0.0145949
0.00867624
0.00361183
-0.00110384
-0.00544491
-0.00938079
-0.0129204
-0.0160741
-0.0188504
-0.0212583
-0.0233076
-0.0250085
-0.0263713
-0.0274068
-0.0281256
-0.0285383
-0.0286556
-0.0284881
-0.0280461
-0.0273401
-0.0263802
-0.0251765
-0.0237388
-0.0220771
-0.020201
-0.0181203
-0.0158447
-0.0133839
-0.0107478
-0.00794633
-0.00498966
-0.00188815
0.00134755
0.00470643
0.0081771
0.0117478
0.0154062
0.0191396
0.0229348
0.0267778
0.0306542
0.034549
0.0384466
0.0423308
0.0461846
0.0499908
0.0537314
0.0573879
0.0609415
0.064373
0.0676628
0.0707912
0.0737383
0.0764842
0.0790092
0.0812939
0.083319
0.0850661
0.0865172
0.0876554
0.0884645
0.0889298
0.0890376
0.0887757
0.0881334
0.0871019
0.0856739
0.083844
0.0816087
0.0789662
0.0759167
0.0724625
0.0686076
0.0643548
0.0597088
0.0547145
0.0494116
0.043304
0.0359789
0.0191597
0.0116904
0.00554635
0.000294602
-0.00459024
-0.00908135
-0.0131471
-0.0167969
-0.0200419
-0.0228912
-0.0253547
-0.0274428
-0.0291668
-0.0305379
-0.0315675
-0.0322671
-0.0326483
-0.0327226
-0.0325013
-0.0319956
-0.0312164
-0.0301746
-0.0288809
-0.0273456
-0.0255791
-0.0235915
-0.021393
-0.0189936
-0.0164032
-0.013632
-0.0106901
-0.00758779
-0.00433563
-0.000944378
0.00257486
0.0062106
0.00995099
0.0137837
0.0176958
0.0216739
0.0257041
0.0297717
0.0338614
0.0379573
0.042043
0.046101
0.0501137
0.0540625
0.0579284
0.0616918
0.0653326
0.0688305
0.0721646
0.0753142
0.0782581
0.0809754
0.0834453
0.0856472
0.0875613
0.089168
0.090449
0.0913866
0.0919646
0.0921677
0.0919823
0.0913967
0.0904004
0.0889852
0.0871447
0.0848744
0.082172
0.0790374
0.0754723
0.0714808
0.0670656
0.0622317
0.057026
0.0514906
0.0451059
0.0374404
0.0161055
0.00835135
0.00197828
-0.00346292
-0.00851803
-0.0131593
-0.0173539
-0.021112
-0.0244454
-0.027364
-0.0298784
-0.0320001
-0.0337411
-0.0351135
-0.0361298
-0.0368024
-0.0371437
-0.037166
-0.0368816
-0.0363023
-0.03544
-0.034306
-0.0329117
-0.031268
-0.0293858
-0.0272755
-0.0249478
-0.022413
-0.0196814
-0.0167632
-0.0136689
-0.0104088
-0.00699367
-0.00343435
0.000257962
0.00407174
0.00799504
0.0120154
0.01612
0.0202952
0.0245269
0.0288003
0.0331
0.0374098
0.0417128
0.0459914
0.0502272
0.0544014
0.0584941
0.062485
0.0663534
0.0700779
0.0736367
0.0770078
0.0801689
0.0830978
0.0857722
0.0881702
0.0902702
0.0920514
0.0934935
0.0945774
0.095285
0.0955998
0.0955064
0.0949915
0.0940435
0.0926527
0.0908118
0.0885152
0.0857599
0.0825452
0.0788725
0.0747457
0.0701675
0.0651431
0.0597217
0.0539473
0.0472762
0.0392574
0.0126009
0.00455602
-0.00205005
-0.00768306
-0.0129097
-0.0177011
-0.0220236
-0.0258878
-0.0293065
-0.0322902
-0.0348504
-0.0369997
-0.0387509
-0.0401173
-0.041112
-0.0417488
-0.0420408
-0.0420015
-0.0416438
-0.0409805
-0.0400242
-0.038787
-0.0372808
-0.0355173
-0.0335076
-0.031263
-0.0287943
-0.0261121
-0.0232271
-0.0201498
-0.0168907
-0.0134604
-0.00986971
-0.00612958
-0.00225126
0.00175368
0.00587325
0.010095
0.0144059
0.0187923
0.0232401
0.0277343
0.0322593
0.0367986
0.0413351
0.0458508
0.0503269
0.0547439
0.0590814
0.0633184
0.0674333
0.0714037
0.0752068
0.0788194
0.0822179
0.0853788
0.0882783
0.0908929
0.0931993
0.0951751
0.0967982
0.0980476
0.0989037
0.0993479
0.0993633
0.098935
0.0980497
0.0966964
0.0948664
0.0925532
0.089753
0.0864641
0.0826878
0.0784276
0.0736861
0.0684686
0.0628267
0.0568066
0.0498392
0.0414531
0.00862392
0.00028163
-0.00656185
-0.0123893
-0.0177888
-0.0227305
-0.0271797
-0.0311477
-0.034648
-0.0376922
-0.0402927
-0.0424629
-0.0442168
-0.0455686
-0.0465329
-0.0471242
-0.0473568
-0.0472452
-0.0468032
-0.0460446
-0.0449826
-0.0436303
-0.0420002
-0.0401046
-0.0379553
-0.035564
-0.0329418
-0.0300998
-0.0270489
-0.0237998
-0.0203632
-0.01675
-0.0129709
-0.009037
-0.00495956
-0.000750173
0.00357916
0.00801595
0.0125472
0.0171592
0.0218378
0.0265678
0.0313335
0.0361183
0.0409048
0.0456745
0.0504083
0.0550861
0.0596869
0.0641891
0.06857
0.0728064
0.0768743
0.0807494
0.0844068
0.0878213
0.0909676
0.0938207
0.0963555
0.0985475
0.100373
0.101809
0.102834
0.103427
0.10357
0.103245
0.102439
0.101137
0.0993311
0.0970124
0.0941762
0.0908202
0.0869449
0.0825536
0.0776488
0.0722359
0.0663686
0.0600956
0.0528212
0.0440529
0.00415107
-0.00449589
-0.0115817
-0.0176065
-0.0231804
-0.0282725
-0.0328471
-0.0369162
-0.0404942
-0.0435936
-0.0462279
-0.0484116
-0.0501599
-0.0514881
-0.0524119
-0.0529471
-0.0531093
-0.0529136
-0.0523753
-0.0515089
-0.0503288
-0.0488486
-0.0470817
-0.0450411
-0.0427392
-0.0401881
-0.0373994
-0.0343845
-0.0311547
-0.0277208
-0.0240938
-0.0202846
-0.016304
-0.0121631
-0.00787328
-0.00344601
0.0011067
0.00577239
0.0105381
0.0153901
0.0203142
0.0252953
0.0303174
0.0353637
0.0404167
0.0454577
0.0504669
0.055424
0.0603072
0.0650941
0.0697613
0.0742845
0.0786388
0.0827983
0.0867369
0.0904279
0.0938443
0.0969591
0.0997456
0.102177
0.104228
0.105873
0.107089
0.107852
0.108143
0.107941
0.107231
0.105998
0.10423
0.101918
0.0990565
0.0956412
0.0916725
0.0871532
0.0820855
0.0764748
0.0703773
0.0638438
0.0562511
0.0470846
-0.000842321
-0.00980199
-0.0171355
-0.0233609
-0.0291109
-0.0343536
-0.039052
-0.0432191
-0.0468704
-0.0500192
-0.0526802
-0.0548691
-0.0566024
-0.0578968
-0.0587692
-0.0592367
-0.0593159
-0.0590236
-0.0583758
-0.0573883
-0.0560763
-0.0544545
-0.0525371
-0.0503377
-0.0478693
-0.0451446
-0.0421757
-0.0389744
-0.0355521
-0.03192
-0.0280891
-0.0240705
-0.0198751
-0.0155139
-0.0109982
-0.00633948
-0.00154968
0.00335884
0.00837313
0.0134797
0.0186641
0.0239114
0.0292056
0.0345299
0.0398662
0.0451958
0.0504986
0.0557536
0.0609387
0.0660305
0.071005
0.0758367
0.0804996
0.0849666
0.08921
0.0932015
0.0969124
0.100314
0.103377
0.106073
0.108375
0.110253
0.111684
0.112641
0.113101
0.113044
0.11245
0.111303
0.10959
0.107299
0.104423
0.100957
0.0969017
0.0922582
0.0870284
0.0812178
0.0748852
0.0680834
0.0601605
0.0505785
-0.00638251
-0.0156638
-0.023251
-0.0296806
-0.0356085
-0.0410018
-0.0458223
-0.050084
-0.0538034
-0.0569951
-0.0596748
-0.0618597
-0.0635677
-0.0648168
-0.0656256
-0.0660123
-0.0659952
-0.0655921
-0.0648204
-0.0636972
-0.0622387
-0.0604605
-0.0583777
-0.0560047
-0.0533552
-0.0504424
-0.0472789
-0.0438769
-0.040248
-0.0364037
-0.0323553
-0.0281136
-0.0236896
-0.0190945
-0.0143393
-0.00943551
-0.00439484
0.000770444
0.00604755
0.011423
0.0168827
0.0224116
0.0279937
0.0336121
0.0392488
0.0448846
0.0504993
0.0560714
0.0615782
0.0669957
0.0722989
0.0774615
0.0824562
0.0872546
0.0918275
0.0961449
0.100176
0.103891
0.107257
0.110245
0.112823
0.114963
0.116634
0.11781
0.118465
0.118575
0.118119
0.117079
0.115437
0.113183
0.110306
0.106801
0.102666
0.0979031
0.0925128
0.0865005
0.0799276
0.0728495
0.0645836
0.054568
-0.0124974
-0.0221102
-0.0299577
-0.0365954
-0.0427031
-0.048247
-0.0531877
-0.0575401
-0.0613218
-0.0645488
-0.0672383
-0.0694089
-0.0710799
-0.0722711
-0.0730025
-0.0732941
-0.0731656
-0.0726364
-0.0717252
-0.0704504
-0.0688293
-0.0668787
-0.0646145
-0.0620521
-0.0592058
-0.0560895
-0.0527162
-0.0490985
-0.0452484
-0.0411776
-0.0368972
-0.0324184
-0.0277521
-0.0229092
-0.0179008
-0.0127382
-0.00743283
-0.00199681
0.00355727
0.0092162
0.0149659
0.0207916
0.0266774
0.0326063
0.0385603
0.0445201
0.0504653
0.0563738
0.0622225
0.0679869
0.073641
0.0791576
0.0845082
0.089663
0.0945912
0.0992612
0.10364
0.107696
0.111394
0.114702
0.117587
0.120015
0.121956
0.123379
0.124255
0.124558
0.124264
0.123352
0.121803
0.119603
0.11674
0.113208
0.109003
0.104125
0.0985767
0.0923613
0.0855432
0.0781804
0.0695581
0.0590894
-0.0192166
-0.0291719
-0.0372872
-0.0441373
-0.0504269
-0.0561212
-0.0611796
-0.0656182
-0.0694558
-0.0727097
-0.0753988
-0.0775432
-0.0791642
-0.0802833
-0.0809222
-0.0811027
-0.0808463
-0.0801739
-0.079106
-0.077662
-0.0758608
-0.0737204
-0.0712577
-0.0684888
-0.0654291
-0.0620929
-0.0584938
-0.0546448
-0.0505582
-0.0462458
-0.0417189
-0.0369886
-0.0320658
-0.0269612
-0.0216858
-0.0162505
-0.0106666
-0.00494599
0.000899177
0.00685589
0.0129104
0.0190481
0.0252532
0.0315089
0.0377972
0.0440989
0.050393
0.0566576
0.0628689
0.0690017
0.0750294
0.0809237
0.086655
0.0921922
0.0975028
0.102553
0.107309
0.111736
0.115796
0.119455
0.122677
0.125425
0.127666
0.129366
0.130492
0.131017
0.130911
0.130152
0.128718
0.126592
0.123761
0.120215
0.11595
0.110966
0.105262
0.0988423
0.0917742
0.0841179
0.0751251
0.0641826
-0.026572
-0.0368819
-0.0452731
-0.0523404
-0.0588143
-0.0646587
-0.0698321
-0.0743515
-0.0782375
-0.0815087
-0.0841859
-0.086291
-0.0878472
-0.0888781
-0.0894075
-0.0894591
-0.0890564
-0.0882221
-0.0869782
-0.085346
-0.0833457
-0.0809965
-0.0783166
-0.0753231
-0.072032
-0.0684585
-0.0646167
-0.06052
-0.0561809
-0.0516114
-0.0468229
-0.0418264
-0.0366327
-0.0312523
-0.0256959
-0.0199742
-0.0140981
-0.00807894
-0.00192873
0.00433999
0.0107138
0.0171784
0.0237184
0.0303171
0.0369567
0.0436178
0.0502797
0.05692
0.0635146
0.0700378
0.0764623
0.0827587
0.0888964
0.0948429
0.100564
0.106025
0.111188
0.116016
0.120471
0.124514
0.128106
0.131208
0.133782
0.135792
0.137202
0.137978
0.138091
0.137512
0.136218
0.134189
0.131408
0.127865
0.123552
0.118469
0.112613
0.105989
0.0986666
0.0907079
0.0813297
0.0698912
-0.0345974
-0.0452756
-0.0539519
-0.0612416
-0.0679021
-0.0738963
-0.0791814
-0.0837757
-0.0877013
-0.0909789
-0.0936309
-0.0956817
-0.0971564
-0.0980812
-0.098482
-0.0983849
-0.0978153
-0.0967981
-0.0953573
-0.0935158
-0.0912955
-0.088717
-0.0857997
-0.0825618
-0.0790203
-0.0751909
-0.0710885
-0.0667267
-0.0621184
-0.0572757
-0.05221
-0.0469323
-0.0414531
-0.0357827
-0.0299314
-0.0239094
-0.0177273
-0.0113961
-0.00492709
0.00166759
0.00837501
0.0151813
0.0220713
0.0290289
0.0360364
0.0430747
0.0501229
0.0571586
0.0641575
0.0710933
0.077938
0.0846616
0.0912321
0.0976157
0.103777
0.109678
0.11528
0.120544
0.125428
0.12989
0.133888
0.13738
0.140324
0.142679
0.144407
0.14547
0.145833
0.145466
0.14434
0.142433
0.139724
0.136201
0.131855
0.126682
0.12068
0.113853
0.106271
0.0980004
0.088221
0.076263
-0.0433293
-0.0543912
-0.0633628
-0.0708807
-0.0777305
-0.0838738
-0.0892666
-0.0939287
-0.097884
-0.101155
-0.103767
-0.105746
-0.107121
-0.107919
-0.10817
-0.107902
-0.107142
-0.105919
-0.104258
-0.102184
-0.0997207
-0.0968904
-0.0937138
-0.0902103
-0.0863978
-0.0822928
-0.0779107
-0.0732657
-0.0683708
-0.0632382
-0.0578793
-0.052305
-0.0465254
-0.0405506
-0.0343904
-0.0280545
-0.021553
-0.0148963
-0.00809499
-0.00116073
0.00589419
0.0130564
0.0203115
0.0276436
0.0350355
0.0424682
0.0499212
0.0573719
0.0647959
0.0721666
0.0794555
0.0866315
0.0936619
0.100511
0.107143
0.113516
0.119592
0.125326
0.130675
0.135594
0.140036
0.143957
0.14731
0.15005
0.152134
0.153521
0.154171
0.154049
0.153123
0.151366
0.148755
0.145273
0.14091
0.135659
0.129518
0.122487
0.114642
0.10605
0.0958532
0.0833505
-0.0528069
-0.0642699
-0.0735482
-0.0813008
-0.0883427
-0.0946341
-0.10013
-0.104852
-0.108825
-0.112075
-0.11463
-0.116518
-0.117771
-0.118419
-0.118496
-0.118031
-0.117057
-0.115601
-0.113694
-0.111362
-0.108631
-0.105524
-0.102064
-0.0982722
-0.0941666
-0.0897649
-0.085083
-0.0801355
-0.0749358
-0.069496
-0.0638275
-0.0579408
-0.0518458
-0.0455522
-0.0390692
-0.0324059
-0.0255718
-0.0185764
-0.0114298
-0.00414271
0.00327318
0.0108053
0.0184398
0.0261615
0.0339537
0.0417978
0.0496736
0.0575588
0.0654287
0.0732567
0.0810137
0.0886681
0.0961859
0.103531
0.110664
0.117543
0.124127
0.130368
0.136221
0.141636
0.146565
0.150956
0.154761
0.157928
0.160411
0.162163
0.16314
0.163301
0.16261
0.161035
0.15855
0.155133
0.150772
0.145457
0.139184
0.131952
0.12384
0.114918
0.104286
0.0912109
-0.0630729
-0.0749565
-0.0845546
-0.0925492
-0.0997861
-0.106224
-0.111817
-0.116589
-0.120567
-0.123779
-0.126257
-0.128031
-0.129138
-0.129611
-0.129485
-0.128796
-0.127577
-0.125861
-0.123679
-0.12106
-0.118033
-0.114623
-0.110855
-0.106749
-0.102327
-0.0976056
-0.0926026
-0.0873324
-0.0818087
-0.0760438
-0.0700486
-0.0638336
-0.0574082
-0.0507813
-0.0439617
-0.0369577
-0.029778
-0.0224312
-0.0149267
-0.00727417
0.000515567
0.0084308
0.0164585
0.0245844
0.0327922
0.0410642
0.0493805
0.0577191
0.0660555
0.074363
0.0826122
0.0907709
0.0988042
0.106675
0.114342
0.121762
0.12889
0.135678
0.142075
0.148029
0.153488
0.158395
0.162697
0.166339
0.169267
0.171429
0.172777
0.173263
0.172847
0.17149
0.169162
0.165839
0.161501
0.156139
0.149743
0.142314
0.133932
0.12467
0.113583
0.0999074
-0.0741735
-0.0865001
-0.0964326
-0.104677
-0.112112
-0.118695
-0.124379
-0.129188
-0.133155
-0.136311
-0.138688
-0.140323
-0.141255
-0.141522
-0.141164
-0.140218
-0.138723
-0.136713
-0.134224
-0.131288
-0.127934
-0.124192
-0.120086
-0.11564
-0.110875
-0.10581
-0.100464
-0.0948495
-0.088982
-0.0828732
-0.0765341
-0.0699744
-0.0632033
-0.0562288
-0.049059
-0.0417013
-0.0341635
-0.0264533
-0.0185787
-0.0105488
-0.00237301
0.00593786
0.0143719
0.0229156
0.0315537
0.0402693
0.0490431
0.0578536
0.0666766
0.0754856
0.0842509
0.09294
0.101517
0.109944
0.118178
0.126175
0.133886
0.141261
0.148245
0.154784
0.160819
0.166292
0.171141
0.175307
0.178731
0.181355
0.183122
0.183981
0.183883
0.182785
0.180652
0.177452
0.173164
0.167773
0.161268
0.153646
0.144991
0.135379
0.123818
0.109509
-0.086159
-0.0989543
-0.109238
-0.117741
-0.125377
-0.132102
-0.137868
-0.142703
-0.14664
-0.149715
-0.151965
-0.153432
-0.154157
-0.154185
-0.153558
-0.15232
-0.150511
-0.148172
-0.14534
-0.142051
-0.138337
-0.13423
-0.129756
-0.12494
-0.119806
-0.114372
-0.108657
-0.102677
-0.0964446
-0.0899728
-0.0832719
-0.0763511
-0.0692189
-0.0618826
-0.0543492
-0.0466254
-0.0387175
-0.0306322
-0.0223765
-0.0139578
-0.00538472
0.00333342
0.0121858
0.0211602
0.0302424
0.0394165
0.0486639
0.057964
0.0672932
0.0766251
0.0859302
0.0951756
0.104325
0.11334
0.122175
0.130785
0.139119
0.147123
0.154741
0.161912
0.168574
0.174664
0.180115
0.184861
0.188836
0.191976
0.194217
0.1955
0.195771
0.194979
0.193081
0.190041
0.185832
0.180435
0.173835
0.166027
0.157097
0.147124
0.135068
0.120093
-0.099085
-0.112378
-0.123032
-0.131804
-0.139644
-0.146508
-0.152346
-0.157189
-0.161075
-0.164043
-0.166136
-0.167399
-0.167881
-0.167629
-0.166694
-0.165121
-0.162958
-0.160249
-0.157035
-0.153354
-0.149244
-0.144736
-0.13986
-0.134643
-0.129109
-0.123279
-0.117171
-0.1108
-0.104182
-0.0973273
-0.0902464
-0.0829479
-0.0754393
-0.0677272
-0.0598174
-0.0517153
-0.043426
-0.0349549
-0.0263076
-0.01749
-0.00850926
0.000626702
0.00990853
0.0193253
0.0288642
0.0385105
0.0482468
0.0580533
0.0679073
0.0777829
0.0876509
0.0974785
0.107229
0.116862
0.126334
0.135595
0.144593
0.153271
0.161569
0.169423
0.176767
0.18353
0.18964
0.195026
0.199614
0.203331
0.206107
0.207874
0.208569
0.208134
0.206518
0.20368
0.199584
0.194207
0.18753
0.179545
0.17034
0.159996
0.147422
0.131742
-0.113013
-0.126837
-0.137882
-0.146934
-0.154983
-0.161981
-0.167879
-0.172711
-0.17652
-0.17935
-0.181248
-0.182268
-0.182463
-0.181888
-0.180597
-0.178644
-0.176081
-0.172956
-0.169314
-0.1652
-0.160651
-0.155703
-0.150389
-0.144737
-0.138772
-0.132516
-0.125987
-0.119202
-0.112175
-0.104917
-0.097438
-0.0897451
-0.0818451
-0.0737435
-0.0654449
-0.0569531
-0.048272
-0.0394053
-0.0303569
-0.0211313
-0.0117338
-0.00217066
0.00755034
0.0174199
0.0274269
0.0375579
0.047797
0.0581256
0.0685221
0.0789613
0.0894146
0.0998495
0.110229
0.120513
0.130655
0.140606
0.15031
0.159709
0.168738
0.177329
0.185411
0.192907
0.199741
0.205832
0.211099
0.21546
0.218838
0.221154
0.222336
0.222318
0.221039
0.218449
0.214506
0.209181
0.202449
0.194298
0.184817
0.174093
0.160975
0.144551
-0.12801
-0.142405
-0.153867
-0.163211
-0.17147
-0.178596
-0.184539
-0.189337
-0.193038
-0.195692
-0.197354
-0.198084
-0.197943
-0.196993
-0.195294
-0.192908
-0.189892
-0.186299
-0.182181
-0.177585
-0.172553
-0.167123
-0.161331
-0.155207
-0.148777
-0.142063
-0.135086
-0.127861
-0.120402
-0.11272
-0.104823
-0.096719
-0.0884128
-0.0799085
-0.0712092
-0.0623173
-0.0532348
-0.0439637
-0.0345061
-0.0248646
-0.0150425
-0.00504444
0.00512397
0.0154553
0.0259401
0.0365668
0.0473212
0.0581862
0.0691414
0.080163
0.0912231
0.10229
0.113327
0.124292
0.135141
0.14582
0.156274
0.166441
0.176253
0.185638
0.194519
0.202815
0.21044
0.217307
0.223326
0.228407
0.23246
0.235399
0.237139
0.237605
0.236724
0.234438
0.230695
0.225458
0.218696
0.210392
0.200639
0.189523
0.175835
0.158621
-0.144153
-0.159163
-0.17107
-0.18072
-0.189193
-0.196439
-0.202408
-0.207143
-0.2107
-0.213135
-0.214511
-0.214897
-0.214363
-0.212977
-0.210811
-0.207931
-0.204402
-0.200285
-0.195635
-0.190504
-0.184939
-0.178981
-0.172668
-0.166031
-0.159099
-0.151895
-0.144439
-0.136747
-0.128832
-0.120705
-0.112373
-0.103841
-0.0951143
-0.0861949
-0.077084
-0.0677824
-0.0582901
-0.0486071
-0.0387335
-0.0286698
-0.0184171
-0.00797778
0.0026446
0.0134448
0.0244155
0.0355472
0.0468276
0.0582416
0.0697704
0.0813916
0.0930787
0.104801
0.116521
0.1282
0.13979
0.151238
0.162486
0.173471
0.184121
0.194359
0.204104
0.213268
0.221758
0.229478
0.23633
0.242212
0.247025
0.250668
0.253048
0.254073
0.253662
0.251742
0.248253
0.243148
0.236388
0.227949
0.217926
0.206408
0.192123
0.174067
-0.161527
-0.177205
-0.189588
-0.19956
-0.208248
-0.215604
-0.221576
-0.226214
-0.229583
-0.231747
-0.232779
-0.232758
-0.231763
-0.229874
-0.227171
-0.223729
-0.219621
-0.214914
-0.20967
-0.203946
-0.197793
-0.191256
-0.184375
-0.177184
-0.169711
-0.161982
-0.154016
-0.145829
-0.137434
-0.12884
-0.120053
-0.111078
-0.101917
-0.0925708
-0.0830385
-0.0733189
-0.0634098
-0.053309
-0.0430142
-0.0325236
-0.0218359
-0.010951
0.000129929
0.0114042
0.0228668
0.0345108
0.046326
0.0582996
0.0704148
0.0826512
0.0949839
0.107383
0.119814
0.132235
0.144601
0.156858
0.168947
0.1808
0.192344
0.203499
0.214176
0.224282
0.233717
0.242375
0.250147
0.256922
0.262586
0.267027
0.270136
0.271808
0.271947
0.270468
0.267296
0.262374
0.255653
0.247103
0.236816
0.224886
0.20997
0.191018
-0.180229
-0.196635
-0.209533
-0.219842
-0.228747
-0.236198
-0.242144
-0.246645
-0.249772
-0.251603
-0.252223
-0.25172
-0.250188
-0.247717
-0.244397
-0.240315
-0.235552
-0.230182
-0.224276
-0.217894
-0.211094
-0.203922
-0.196423
-0.188631
-0.180577
-0.172286
-0.163778
-0.155068
-0.146168
-0.137085
-0.127826
-0.118392
-0.108784
-0.099
-0.0890377
-0.0788932
-0.0685619
-0.058039
-0.0473198
-0.0363996
-0.0252746
-0.0139419
-0.00239987
0.00935138
0.0213098
0.0334709
0.0458275
0.0583691
0.0710815
0.0839466
0.0969415
0.110038
0.123203
0.136397
0.149573
0.162679
0.175653
0.188427
0.200924
0.213061
0.224743
0.235871
0.246336
0.256023
0.264813
0.272581
0.2792
0.284542
0.288483
0.290902
0.291685
0.290731
0.287951
0.283274
0.276637
0.268002
0.257461
0.245109
0.229527
0.209617
-0.200369
-0.217575
-0.231029
-0.241694
-0.250815
-0.258342
-0.264228
-0.26854
-0.271363
-0.272787
-0.272912
-0.271841
-0.269681
-0.266536
-0.262509
-0.257698
-0.252194
-0.246081
-0.239436
-0.232326
-0.224812
-0.216946
-0.208774
-0.200333
-0.191655
-0.182764
-0.17368
-0.164418
-0.154988
-0.145396
-0.135646
-0.125739
-0.115672
-0.105441
-0.0950421
-0.0844675
-0.0737105
-0.0627633
-0.0516183
-0.040268
-0.0287056
-0.0169253
-0.00492223
0.00730649
0.0197619
0.0324426
0.0453445
0.0584599
0.0717778
0.0852826
0.0989541
0.112767
0.126689
0.140682
0.154702
0.168695
0.182601
0.196349
0.20986
0.223046
0.23581
0.248044
0.259632
0.270448
0.280361
0.289234
0.296922
0.303283
0.308173
0.311452
0.312988
0.312659
0.310359
0.305997
0.2995
0.290815
0.280033
0.267249
0.250964
0.230023
-0.222075
-0.240162
-0.254222
-0.265262
-0.274596
-0.282175
-0.287955
-0.292016
-0.294458
-0.295388
-0.294921
-0.293179
-0.290286
-0.286362
-0.281524
-0.275884
-0.269543
-0.262595
-0.255126
-0.247209
-0.238911
-0.230286
-0.221384
-0.212242
-0.202894
-0.193363
-0.183669
-0.173826
-0.163841
-0.15372
-0.143464
-0.13307
-0.122534
-0.111849
-0.101008
-0.09
-0.0788158
-0.0674442
-0.0558747
-0.0440963
-0.0320991
-0.0198738
-0.00741242
0.00529148
0.0182423
0.0314422
0.0448903
0.0585826
0.0725113
0.0866641
0.101024
0.115568
0.130267
0.145086
0.159981
0.174901
0.189783
0.204559
0.219146
0.233453
0.247379
0.260809
0.273618
0.285671
0.296824
0.306924
0.315812
0.323323
0.329295
0.333566
0.335979
0.336391
0.334673
0.330715
0.324423
0.315731
0.304726
0.291502
0.274471
0.252419
-0.245491
-0.264557
-0.27928
-0.290715
-0.300256
-0.307854
-0.313473
-0.317206
-0.319174
-0.319503
-0.318329
-0.315796
-0.312047
-0.307221
-0.301454
-0.294869
-0.287583
-0.2797
-0.271313
-0.262504
-0.253344
-0.243891
-0.234197
-0.224301
-0.214236
-0.204025
-0.193687
-0.183233
-0.172671
-0.162001
-0.151222
-0.14033
-0.129317
-0.118173
-0.106886
-0.0954448
-0.0838344
-0.0720412
-0.0600508
-0.0478491
-0.0354224
-0.0227578
-0.00984373
0.00332999
0.0167716
0.0304869
0.0444791
0.058748
0.0732896
0.0880955
0.103152
0.118441
0.133935
0.149603
0.165403
0.181285
0.197189
0.213046
0.228772
0.244274
0.259445
0.274166
0.288303
0.30171
0.31423
0.325694
0.335924
0.344736
0.351941
0.357354
0.360791
0.362081
0.361068
0.357617
0.351611
0.342966
0.331763
0.318091
0.300266
0.27701
-0.27079
-0.290948
-0.306398
-0.318249
-0.327985
-0.33556
-0.340946
-0.344258
-0.345637
-0.345237
-0.34322
-0.339754
-0.335005
-0.329137
-0.322303
-0.314644
-0.306291
-0.29736
-0.287953
-0.278159
-0.268054
-0.2577
-0.247149
-0.236442
-0.225612
-0.214681
-0.203664
-0.192573
-0.181409
-0.170173
-0.15886
-0.147461
-0.135964
-0.124358
-0.112626
-0.100752
-0.0887198
-0.0765103
-0.0641059
-0.0514885
-0.0386407
-0.0255458
-0.0121879
0.00144691
0.0153712
0.0295949
0.0441254
0.058967
0.07412
0.0895804
0.105339
0.121381
0.137685
0.154222
0.170954
0.187833
0.204803
0.221793
0.238722
0.255494
0.271999
0.28811
0.303689
0.318577
0.332603
0.345582
0.357316
0.367596
0.376208
0.382936
0.387566
0.389895
0.389733
0.386915
0.381295
0.372764
0.361394
0.347271
0.328599
0.304032
-0.298171
-0.319555
-0.335806
-0.348095
-0.358006
-0.365502
-0.370565
-0.373337
-0.373989
-0.372706
-0.369681
-0.365114
-0.3592
-0.352126
-0.344069
-0.33519
-0.325634
-0.31553
-0.304991
-0.294111
-0.282972
-0.271638
-0.260164
-0.248589
-0.236945
-0.225253
-0.213526
-0.20177
-0.189985
-0.178168
-0.166309
-0.154396
-0.142413
-0.130345
-0.11817
-0.10587
-0.0934221
-0.0808052
-0.0679968
-0.054975
-0.041718
-0.0282049
-0.0144158
-0.000332135
0.0140629
0.0287841
0.0438434
0.0592498
0.0750087
0.091121
0.107583
0.124384
0.141508
0.15893
0.176617
0.194526
0.212602
0.230779
0.248974
0.267092
0.28502
0.302628
0.319769
0.336274
0.351959
0.36662
0.380037
0.391976
0.402193
0.410438
0.416461
0.420017
0.420881
0.418847
0.413734
0.405403
0.39391
0.379334
0.359755
0.333754
-0.32787
-0.350638
-0.367776
-0.380521
-0.390579
-0.39792
-0.402546
-0.404631
-0.404385
-0.402032
-0.397804
-0.391938
-0.384662
-0.376195
-0.366737
-0.356472
-0.345562
-0.334149
-0.322355
-0.310282
-0.298014
-0.285621
-0.273154
-0.260653
-0.248148
-0.235655
-0.223186
-0.210741
-0.198318
-0.185907
-0.173495
-0.161065
-0.148598
-0.13607
-0.12346
-0.110742
-0.0978897
-0.0848776
-0.071679
-0.0582674
-0.0446168
-0.0307017
-0.0164977
-0.00198144
0.0128686
0.0280722
0.0436464
0.0596055
0.0759603
0.0927173
0.109878
0.127439
0.145389
0.163709
0.182371
0.201338
0.220559
0.239971
0.259495
0.279036
0.298481
0.317696
0.336526
0.354796
0.372305
0.388832
0.404133
0.417948
0.429996
0.439991
0.447638
0.452649
0.454748
0.453683
0.449228
0.441204
0.429647
0.414622
0.39407
0.366488
-0.360169
-0.38451
-0.40263
-0.415849
-0.426007
-0.433094
-0.437136
-0.43835
-0.436996
-0.433347
-0.427682
-0.420282
-0.411417
-0.401339
-0.390279
-0.378442
-0.36601
-0.353138
-0.339958
-0.326577
-0.313083
-0.299546
-0.286017
-0.272533
-0.25912
-0.245791
-0.232551
-0.219398
-0.206323
-0.19331
-0.180342
-0.167396
-0.154448
-0.14147
-0.128434
-0.11531
-0.102069
-0.088678
-0.0751069
-0.0613244
-0.0472998
-0.0330029
-0.0184043
-0.00347593
0.011809
0.0274755
0.0435461
0.060041
0.0769769
0.0943665
0.112218
0.130534
0.14931
0.168535
0.188187
0.208236
0.228636
0.249329
0.270243
0.291284
0.312339
0.333274
0.35393
0.37412
0.393633
0.412229
0.42964
0.445573
0.459714
0.471729
0.481275
0.488008
0.491595
0.491726
0.488117
0.480537
0.468993
0.453531
0.43193
0.402598
-0.395405
-0.421542
-0.440757
-0.454458
-0.464651
-0.471351
-0.474619
-0.474732
-0.47201
-0.466788
-0.459404
-0.450195
-0.439475
-0.427538
-0.414646
-0.401031
-0.386893
-0.3724
-0.357692
-0.342884
-0.328063
-0.313297
-0.298637
-0.284115
-0.269751
-0.255553
-0.241519
-0.227642
-0.213905
-0.200288
-0.186765
-0.17331
-0.15989
-0.146475
-0.133029
-0.119517
-0.105905
-0.0921567
-0.0782352
-0.0641049
-0.0497302
-0.0350759
-0.0201076
-0.00479203
0.0109031
0.0270082
0.043552
0.0605606
0.0780574
0.0960619
0.11459
0.13365
0.153248
0.173379
0.194029
0.215177
0.236785
0.258803
0.281163
0.303778
0.326538
0.349309
0.37193
0.394209
0.415921
0.436808
0.456578
0.474907
0.491437
0.505786
0.517554
0.526331
0.531714
0.533319
0.53079
0.52383
0.512404
0.496528
0.473796
0.44251
-0.433987
-0.462189
-0.482623
-0.496803
-0.506936
-0.513071
-0.515322
-0.514041
-0.509629
-0.502497
-0.493059
-0.481713
-0.46883
-0.454749
-0.439767
-0.424144
-0.408098
-0.39181
-0.375428
-0.359068
-0.342817
-0.326741
-0.310884
-0.295272
-0.279919
-0.264824
-0.24998
-0.235369
-0.220968
-0.206749
-0.19268
-0.178726
-0.164851
-0.151016
-0.13718
-0.123304
-0.109346
-0.0952646
-0.0810194
-0.0665691
-0.0518728
-0.0368902
-0.0215818
-0.00590863
0.010167
0.0266815
0.0436699
0.0611648
0.0791965
0.0977922
0.116975
0.136764
0.15717
0.178201
0.199852
0.22211
0.244948
0.268326
0.292184
0.316444
0.341002
0.365727
0.390459
0.415001
0.43912
0.462541
0.484949
0.505984
0.525245
0.542295
0.556666
0.567873
0.575425
0.57885
0.577697
0.571584
0.560417
0.544168
0.52021
0.486729
-0.476415
-0.507003
-0.528796
-0.543437
-0.553369
-0.5587
-0.559618
-0.556572
-0.550069
-0.540618
-0.52872
-0.514852
-0.49945
-0.4829
-0.46554
-0.447656
-0.429486
-0.41122
-0.39301
-0.374972
-0.357191
-0.339725
-0.32261
-0.305864
-0.289491
-0.273481
-0.257815
-0.242468
-0.227408
-0.212598
-0.197997
-0.183564
-0.169255
-0.155024
-0.140825
-0.126612
-0.112337
-0.0979546
-0.0834177
-0.0686799
-0.0536954
-0.0384185
-0.0228043
-0.00680822
0.0096132
0.0265026
0.0439013
0.0618491
0.0803837
0.0995402
0.119351
0.139843
0.161039
0.182955
0.205599
0.22897
0.253053
0.277818
0.30322
0.329189
0.355633
0.382429
0.409419
0.436407
0.463155
0.489375
0.514726
0.538817
0.5612
0.581376
0.598803
0.612902
0.623082
0.628756
0.629356
0.624386
0.613669
0.597113
0.571828
0.535862
-0.523304
-0.556667
-0.579976
-0.595025
-0.604556
-0.608762
-0.607931
-0.60265
-0.593557
-0.581285
-0.566444
-0.549602
-0.531267
-0.511882
-0.491824
-0.471405
-0.450879
-0.430443
-0.410251
-0.390413
-0.371005
-0.352077
-0.333652
-0.315737
-0.298322
-0.281386
-0.2649
-0.248825
-0.233119
-0.217736
-0.202628
-0.187742
-0.173028
-0.158432
-0.143903
-0.129386
-0.114831
-0.100183
-0.0853913
-0.070404
-0.0551698
-0.0396376
-0.023757
-0.0074779
0.00924924
0.0264733
0.0442424
0.0626035
0.0816022
0.101282
0.121685
0.142848
0.164804
0.187583
0.211204
0.23568
0.261011
0.287182
0.314162
0.341897
0.370309
0.399286
0.428682
0.458305
0.487914
0.517215
0.545847
0.573386
0.599336
0.623133
0.644149
0.6617
0.67507
0.683531
0.686365
0.682927
0.672922
0.656164
0.62944
0.590637
-0.575421
-0.612032
-0.637027
-0.652384
-0.661226
-0.663868
-0.660748
-0.652628
-0.640322
-0.624617
-0.606255
-0.58591
-0.56417
-0.541538
-0.51843
-0.495183
-0.47206
-0.449261
-0.426933
-0.405177
-0.384057
-0.363605
-0.34383
-0.324723
-0.306258
-0.2884
-0.271104
-0.25432
-0.237993
-0.222067
-0.206482
-0.191179
-0.176096
-0.161175
-0.146355
-0.131576
-0.116781
-0.10191
-0.0869067
-0.0717132
-0.0562729
-0.0405297
-0.0244275
-0.00791057
0.00907665
0.0265894
0.0446827
0.063411
0.082828
0.102986
0.123937
0.14573
0.168409
0.192016
0.216587
0.242148
0.268717
0.296299
0.324879
0.354425
0.384875
0.416138
0.448081
0.480527
0.513239
0.545921
0.5782
0.609621
0.639645
0.667636
0.692873
0.714551
0.731804
0.74373
0.749419
0.748025
0.739093
0.722296
0.694018
0.65195
-0.633733
-0.674171
-0.701029
-0.716519
-0.724255
-0.724738
-0.718612
-0.706882
-0.690585
-0.670701
-0.648129
-0.623664
-0.597983
-0.571648
-0.545111
-0.518727
-0.492761
-0.467408
-0.442801
-0.419023
-0.396118
-0.374097
-0.352949
-0.332643
-0.313136
-0.294372
-0.276293
-0.258832
-0.241922
-0.225492
-0.209474
-0.193798
-0.178393
-0.163193
-0.148129
-0.133136
-0.118149
-0.103104
-0.0879367
-0.0725856
-0.0569885
-0.0410839
-0.0248102
-0.00810607
0.00908994
0.0268395
0.0452045
0.064247
0.0840292
0.104613
0.12606
0.14843
0.171782
0.196172
0.221652
0.248265
0.276049
0.30503
0.335217
0.3666
0.399145
0.432783
0.467406
0.502857
0.538916
0.575293
0.61161
0.647393
0.682059
0.714906
0.74511
0.77173
0.793722
0.809971
0.819318
0.820656
0.813298
0.796712
0.766767
0.720909
-0.699474
-0.744452
-0.773345
-0.788675
-0.794701
-0.792205
-0.782129
-0.765798
-0.744539
-0.719568
-0.69197
-0.662674
-0.63245
-0.601915
-0.571548
-0.54171
-0.51266
-0.484574
-0.457561
-0.431676
-0.406935
-0.383322
-0.360799
-0.339309
-0.318785
-0.299153
-0.280332
-0.262242
-0.244799
-0.227919
-0.211523
-0.195528
-0.179856
-0.164432
-0.14918
-0.134028
-0.118903
-0.103738
-0.0884613
-0.0730072
-0.0573079
-0.0412968
-0.0249071
-0.00807207
0.00927569
0.0272041
0.0457818
0.0650785
0.0851649
0.106112
0.127993
0.150879
0.174844
0.199958
0.22629
0.253905
0.282863
0.313212
0.344991
0.378219
0.412892
0.448975
0.486393
0.52502
0.564663
0.605052
0.64582
0.686485
0.72643
0.76489
0.800938
0.833481
0.861272
0.882932
0.896987
0.901981
0.896902
0.880912
0.849205
0.798905
-0.774244
-0.824646
-0.855718
-0.870404
-0.873843
-0.867238
-0.851954
-0.82975
-0.802317
-0.771162
-0.737579
-0.702643
-0.66721
-0.631943
-0.597334
-0.563731
-0.531371
-0.500395
-0.470875
-0.442828
-0.416231
-0.391031
-0.367156
-0.344521
-0.323031
-0.302587
-0.283088
-0.264433
-0.246523
-0.229261
-0.212551
-0.196304
-0.180432
-0.164848
-0.14947
-0.134221
-0.119021
-0.103795
-0.0884699
-0.0729727
-0.0572313
-0.041174
-0.0247293
-0.00782499
0.0096117
0.0276548
0.0463796
0.0658634
0.0861849
0.107425
0.129668
0.152997
0.1775
0.203264
0.230377
0.258925
0.288994
0.320659
0.353991
0.389043
0.42585
0.464419
0.50472
0.546668
0.590116
0.634831
0.680473
0.726571
0.772493
0.817425
0.860341
0.899988
0.934885
0.963342
0.983484
0.99339
0.991589
0.976791
0.943271
0.887719
-0.860152
-0.917079
-0.950396
-0.963652
-0.96322
-0.950937
-0.928772
-0.899057
-0.863948
-0.82529
-0.784611
-0.743128
-0.701769
-0.66122
-0.62196
-0.584303
-0.548438
-0.514454
-0.482367
-0.452141
-0.423704
-0.396958
-0.37179
-0.34808
-0.325701
-0.304526
-0.284431
-0.265295
-0.247001
-0.229437
-0.212495
-0.196074
-0.180075
-0.164404
-0.148973
-0.133695
-0.118488
-0.103269
-0.0879615
-0.0724867
-0.0567684
-0.0407306
-0.024297
-0.00739059
0.0100666
0.0281542
0.046954
0.0665501
0.0870297
0.108483
0.131004
0.154691
0.179644
0.205969
0.233773
0.263166
0.294258
0.327159
0.361973
0.398795
0.437707
0.478765
0.521996
0.567376
0.614818
0.664149
0.715082
0.767182
0.819834
0.872196
0.923161
0.97132
1.01494
1.05196
1.08
1.09654
1.09945
1.08677
1.05148
0.989665
-0.960033
-1.02486
-1.06031
-1.07087
-1.06467
-1.04453
-1.01325
-0.973928
-0.929289
-0.881566
-0.832522
-0.783498
-0.735464
-0.689088
-0.644799
-0.602844
-0.563333
-0.526276
-0.491616
-0.459247
-0.429035
-0.400827
-0.374464
-0.349783
-0.326621
-0.304823
-0.28424
-0.264727
-0.24615
-0.228381
-0.2113
-0.194793
-0.178753
-0.163079
-0.147673
-0.132445
-0.117304
-0.102165
-0.0869461
-0.0715644
-0.0559397
-0.0399919
-0.0236405
-0.0068043
0.0105994
0.0286555
0.0474515
0.0670783
0.0876307
0.109208
0.131915
0.155861
0.181162
0.20794
0.236325
0.266449
0.298452
0.332476
0.368667
0.407165
0.448105
0.491607
0.537763
0.58663
0.638203
0.692394
0.749003
0.807672
0.867837
0.928674
0.989032
1.04737
1.10168
1.14951
1.18786
1.2134
1.2231
1.21398
1.17718
1.10783
-1.0778
-1.15223
-1.18935
-1.19514
-1.18037
-1.1493
-1.10594
-1.05435
-0.997924
-0.939313
-0.880496
-0.822883
-0.767428
-0.714722
-0.665092
-0.618669
-0.575448
-0.535333
-0.498165
-0.463755
-0.431892
-0.402359
-0.374943
-0.349433
-0.325631
-0.303347
-0.282405
-0.262641
-0.2439
-0.226039
-0.208925
-0.192434
-0.176449
-0.160862
-0.145569
-0.130473
-0.115479
-0.100499
-0.0854453
-0.0702323
-0.0547761
-0.0389934
-0.0228
-0.00611109
0.0111601
0.029103
0.0478103
0.0673789
0.0879106
0.109513
0.132301
0.156395
0.181927
0.209035
0.237868
0.268585
0.301355
0.336357
0.373777
0.413808
0.456646
0.50248
0.551489
0.603822
0.659584
0.718806
0.781412
0.847169
0.915628
0.986044
1.05728
1.12772
1.19514
1.25661
1.30844
1.34626
1.3658
1.36252
1.32487
1.2464
-1.21899
-1.30508
-1.3427
-1.34035
-1.31282
-1.26654
-1.20716
-1.13993
-1.06902
-0.997459
-0.927358
-0.860109
-0.796547
-0.737106
-0.681934
-0.630989
-0.584107
-0.541047
-0.50153
-0.46526
-0.431938
-0.401277
-0.372999
-0.346847
-0.322581
-0.299979
-0.278836
-0.258967
-0.240199
-0.222374
-0.205346
-0.188983
-0.173159
-0.157758
-0.142672
-0.127797
-0.113038
-0.0982995
-0.0834921
-0.0685275
-0.0533191
-0.0377806
-0.0218252
-0.00536504
0.0116899
0.0294328
0.0479606
0.0673755
0.0877853
0.109305
0.132058
0.156178
0.181807
0.209101
0.238229
0.269374
0.302735
0.338528
0.376984
0.418351
0.462889
0.510871
0.562569
0.618249
0.678149
0.742456
0.811268
0.884539
0.962009
1.04311
1.12682
1.21155
1.29492
1.3736
1.4431
1.49776
1.53163
1.53786
1.50079
1.41132
-1.39178
-1.49182
-1.52731
-1.51129
-1.46472
-1.39727
-1.31669
-1.22968
-1.14115
-1.05438
-0.971475
-0.893632
-0.821428
-0.755016
-0.694274
-0.638916
-0.588566
-0.542806
-0.501207
-0.463352
-0.428845
-0.397315
-0.368423
-0.34186
-0.317345
-0.294622
-0.273461
-0.253655
-0.235014
-0.217368
-0.200559
-0.184445
-0.168895
-0.153787
-0.139008
-0.124451
-0.110016
-0.0956068
-0.0811309
-0.0664983
-0.0516201
-0.0364084
-0.0207745
-0.00462832
0.0121225
0.029574
0.0478264
0.0669859
0.0871655
0.108486
0.13108
0.155088
0.180666
0.207984
0.23723
0.268611
0.302354
0.33871
0.377957
0.420399
0.466367
0.516219
0.570336
0.629116
0.692959
0.762244
0.837296
0.918332
1.00538
1.09817
1.19597
1.29736
1.4
1.50028
1.59291
1.67075
1.72559
1.74728
1.71376
1.61123
-1.60871
-1.72468
-1.75257
-1.71375
-1.63877
-1.54186
-1.43342
-1.32165
-1.21199
-1.10773
-1.01064
-0.921482
-0.840369
-0.767017
-0.700923
-0.641478
-0.588041
-0.53998
-0.496697
-0.457638
-0.422302
-0.390235
-0.361034
-0.334337
-0.309823
-0.287207
-0.266235
-0.24668
-0.228337
-0.211024
-0.194576
-0.178843
-0.163688
-0.148986
-0.134619
-0.120479
-0.106463
-0.0924734
-0.0784169
-0.0642022
-0.0497396
-0.0349399
-0.0197136
-0.00396961
0.012386
0.0294508
0.0473275
0.0661248
0.0859595
0.106958
0.129256
0.153004
0.178369
0.205532
0.234698
0.266093
0.299973
0.336623
0.376363
0.419552
0.466594
0.517936
0.574076
0.635556
0.70296
0.776897
0.857977
0.946761
1.04368
1.14893
1.26227
1.38275
1.50835
1.63548
1.75826
1.86799
1.95371
2.00053
1.97656
1.85934
-1.89005
-2.02186
-2.03102
-1.95432
-1.83698
-1.69934
-1.55471
-1.41245
-1.27806
-1.15424
-1.04198
-0.941223
-0.85136
-0.771484
-0.700585
-0.637653
-0.581733
-0.531952
-0.487525
-0.447758
-0.412041
-0.379839
-0.350687
-0.324177
-0.299952
-0.277699
-0.257143
-0.238042
-0.220182
-0.203369
-0.187433
-0.172218
-0.157585
-0.143405
-0.129559
-0.115938
-0.102438
-0.0889616
-0.0754144
-0.0617054
-0.0477451
-0.0334444
-0.0187138
-0.0034621
0.0124048
0.0289851
0.0463822
0.0647064
0.0840764
0.104621
0.126481
0.149813
0.174788
0.201601
0.230467
0.26163
0.29537
0.331999
0.371879
0.41542
0.463092
0.515433
0.573055
0.636654
0.707013
0.785001
0.871562
0.967684
1.07434
1.19238
1.32232
1.46407
1.61644
1.77643
1.93812
2.09158
2.2228
2.3106
2.3081
2.17693
-2.27055
-2.41088
-2.37884
-2.2395
-2.05941
-1.86617
-1.67541
-1.49665
-1.33429
-1.18953
-1.06186
-0.949944
-0.852115
-0.766648
-0.691909
-0.62642
-0.568878
-0.518153
-0.473275
-0.43341
-0.397849
-0.365983
-0.337291
-0.311328
-0.287707
-0.266095
-0.246202
-0.227774
-0.21059
-0.194452
-0.179184
-0.16463
-0.150648
-0.13711
-0.123896
-0.110898
-0.0980124
-0.0851424
-0.072195
-0.0590802
-0.0457096
-0.0319954
-0.0178492
-0.00318093
0.0121026
0.0280988
0.0449104
0.0626477
0.0814296
0.101386
0.122659
0.145407
0.169808
0.19606
0.224389
0.255052
0.288343
0.3246
0.364216
0.407644
0.455414
0.508143
0.566555
0.631493
0.703942
0.785046
0.876117
0.978642
1.09425
1.22466
1.37149
1.536
1.71856
1.91774
2.12875
2.3415
2.53953
2.69416
2.7369
2.6003
-2.8131
-2.93353
-2.81502
-2.57287
-2.30126
-2.0339
-1.78636
-1.56581
-1.37356
-1.20788
-1.06585
-0.94428
-0.840122
-0.750658
-0.673542
-0.606798
-0.548772
-0.498087
-0.453601
-0.414362
-0.379574
-0.348574
-0.320799
-0.295776
-0.2731
-0.252426
-0.233455
-0.215928
-0.199622
-0.184337
-0.169899
-0.15615
-0.142952
-0.130176
-0.117706
-0.105435
-0.0932613
-0.0810914
-0.068834
-0.0564016
-0.0437081
-0.0306679
-0.017195
-0.00320149
0.0114035
0.0267151
0.0428343
0.0598692
0.077937
0.0971661
0.117698
0.139692
0.163324
0.188795
0.216336
0.246209
0.278717
0.314215
0.353115
0.395904
0.443154
0.49555
0.553903
0.61919
0.692581
0.775482
0.869583
0.976899
1.09981
1.24107
1.40376
1.59107
1.80588
2.0498
2.32127
2.61263
2.90747
3.17067
3.30593
3.19485
-3.63207
-3.65027
-3.35761
-2.95025
-2.54882
-2.18658
-1.87293
-1.60791
-1.38658
-1.20239
-1.04896
-0.92068
-0.81289
-0.721782
-0.644297
-0.577985
-0.520881
-0.471409
-0.428292
-0.390493
-0.357165
-0.327607
-0.301237
-0.27757
-0.256195
-0.236764
-0.218981
-0.202588
-0.187363
-0.173113
-0.159664
-0.146866
-0.134581
-0.122687
-0.111071
-0.0996291
-0.0882649
-0.0768872
-0.0654088
-0.0537456
-0.0418149
-0.0295349
-0.0168228
-0.00359436
0.0102379
0.0247654
0.0400856
0.0563028
0.0735305
0.0918933
0.111529
0.132593
0.155258
0.179723
0.206215
0.234996
0.266371
0.300698
0.338396
0.379969
0.426013
0.477252
0.534561
0.59901
0.671914
0.7549
0.84999
0.959702
1.08718
1.23631
1.41187
1.61957
1.86587
2.15739
2.49907
2.89067
3.32211
3.75838
4.07678
4.07835
-4.9339
-4.6406
-4.01641
-3.35558
-2.77793
-2.30078
-1.91617
-1.60904
-1.36372
-1.16666
-1.00707
-0.876609
-0.768932
-0.679224
-0.603818
-0.539902
-0.485302
-0.438317
-0.397605
-0.362094
-0.33092
-0.30338
-0.278897
-0.25699
-0.237258
-0.219364
-0.203019
-0.187977
-0.174023
-0.160973
-0.148661
-0.136945
-0.125692
-0.114788
-0.104125
-0.0936044
-0.0831356
-0.0726322
-0.0620118
-0.051195
-0.0401037
-0.0286607
-0.0167877
-0.0044051
0.00856963
0.0222232
0.0366476
0.0519419
0.0682138
0.0855817
0.104177
0.124148
0.14566
0.168904
0.194098
0.221497
0.251396
0.284145
0.320158
0.359931
0.404064
0.453287
0.508496
0.570804
0.641607
0.722667
0.816241
0.925238
1.05345
1.20583
1.38892
1.61127
1.88394
2.22077
2.63779
3.15046
3.76661
4.46676
5.12951
5.46076
-7.17809
-6.00418
-4.75332
-3.73048
-2.93573
-2.33557
-1.88769
-1.55088
-1.29369
-1.09402
-0.936423
-0.810077
-0.707323
-0.62268
-0.552158
-0.492802
-0.442387
-0.399211
-0.361951
-0.329567
-0.301228
-0.276262
-0.254122
-0.234356
-0.216587
-0.200499
-0.185823
-0.172329
-0.159818
-0.148117
-0.137074
-0.126556
-0.116441
-0.106622
-0.0969981
-0.0874799
-0.077982
-0.0684246
-0.0587313
-0.0488282
-0.0386432
-0.0281043
-0.0171392
-0.00567378
0.00636853
0.0190681
0.0325105
0.0467876
0.0619995
0.0782561
0.0956797
0.114408
0.134595
0.156418
0.180083
0.205826
0.233925
0.264708
0.298566
0.335971
0.377494
0.423835
0.475863
0.534667
0.60163
0.67853
0.76769
0.872187
0.996169
1.14532
1.32754
1.55402
1.84064
2.21009
2.69464
3.33684
4.18013
5.25639
6.56565
7.80733
-11.5601
-7.80264
-5.29304
-3.81996
-2.84174
-2.17225
-1.71132
-1.38439
-1.14415
-0.96228
-0.821097
-0.709127
-0.618709
-0.544583
-0.483029
-0.431347
-0.387536
-0.350077
-0.317799
-0.289784
-0.2653
-0.243758
-0.224678
-0.207662
-0.192378
-0.17855
-0.165938
-0.154342
-0.143583
-0.133511
-0.123989
-0.114898
-0.106131
-0.0975914
-0.0891903
-0.0808463
-0.0724834
-0.0640297
-0.0554167
-0.046578
-0.0374485
-0.0279635
-0.0180579
-0.00766505
0.00328392
0.0148612
0.0271436
0.0402135
0.0541604
0.0690826
0.0850893
0.102303
0.120861
0.140921
0.162665
0.186303
0.212082
0.24029
0.271276
0.305455
0.343334
0.385532
0.432822
0.486173
0.546823
0.616374
0.696938
0.791354
0.903523
1.03894
1.20558
1.41535
1.6865
2.04822
2.54902
3.26599
4.30362
5.85006
8.44988
12.3182
-18.9699
-9.55623
-5.06811
-3.24736
-2.28435
-1.70019
-1.3293
-1.07805
-0.896621
-0.75954
-0.652615
-0.567201
-0.497705
-0.440334
-0.392409
-0.351973
-0.317559
-0.288045
-0.262556
-0.240396
-0.221007
-0.203937
-0.188809
-0.175312
-0.163184
-0.152202
-0.142176
-0.132941
-0.124353
-0.116287
-0.108631
-0.101285
-0.0941608
-0.0871761
-0.0802565
-0.0733329
-0.0663404
-0.0592179
-0.0519067
-0.04435
-0.036492
-0.028277
-0.0196493
-0.0105518
-0.000925575
0.00929105
0.0201633
0.0317612
0.0441603
0.0574434
0.0717019
0.0870377
0.103565
0.121415
0.140735
0.161698
0.184503
0.209384
0.236618
0.266537
0.29954
0.336114
0.376857
0.42252
0.474046
0.53265
0.59992
0.677969
0.769687
0.879144
1.0123
1.17828
1.39194
1.67954
2.09192
2.72594
3.75689
5.67363
10.2794
19.8164
)
;

boundaryField
{
    movingWall
    {
        type            zeroGradient;
    }
    fixedWalls
    {
        type            zeroGradient;
    }
    frontAndBack
    {
        type            empty;
    }
}


// ************************************************************************* //
