/*--------------------------------*- C++ -*----------------------------------*\
  =========                 |
  \\      /  F ield         | OpenFOAM: The Open Source CFD Toolbox
   \\    /   O peration     | Website:  https://openfoam.org
    \\  /    A nd           | Version:  7
     \\/     M anipulation  |
\*---------------------------------------------------------------------------*/
FoamFile
{
    version     2.0;
    format      ascii;
    class       volScalarField;
    location    "0.35";
    object      p;
}
// * * * * * * * * * * * * * * * * * * * * * * * * * * * * * * * * * * * * * //

dimensions      [0 2 -2 0 0 0 0];

internalField   nonuniform List<scalar> 
6400
(
5.6545e-06
2.19133e-05
-0.000484258
-0.00151716
-0.00295961
-0.00470136
-0.00664208
-0.00869225
-0.0107747
-0.0128239
-0.0147848
-0.0166113
-0.0182649
-0.0197139
-0.0209325
-0.0218999
-0.0226001
-0.0230208
-0.0231536
-0.022993
-0.0225365
-0.0217843
-0.0207389
-0.0194046
-0.0177881
-0.0158975
-0.0137428
-0.0113351
-0.00868709
-0.0058127
-0.00272691
0.000554261
0.00401381
0.00763387
0.0113958
0.0152802
0.0192671
0.0233358
0.0274653
0.0316341
0.0358203
0.0400019
0.0441567
0.0482623
0.0522966
0.0562374
0.060063
0.0637518
0.0672831
0.0706365
0.0737927
0.0767331
0.0794405
0.0818986
0.0840929
0.0860104
0.0876398
0.088972
0.09
0.0907191
0.0911276
0.0912262
0.0910191
0.0905135
0.0897205
0.0886552
0.0873368
0.0857896
0.0840429
0.082132
0.0800986
0.0779918
0.0758692
0.0737976
0.0718549
0.0701293
0.068718
0.0677252
0.0672575
0.0672954
-2.20421e-06
1.14217e-05
-0.000442231
-0.00132563
-0.00253955
-0.00400478
-0.00564544
-0.00738916
-0.00917071
-0.0109328
-0.0126258
-0.0142072
-0.0156409
-0.0168966
-0.0179492
-0.0187784
-0.0193679
-0.0197053
-0.0197814
-0.0195901
-0.0191283
-0.0183951
-0.017392
-0.0161224
-0.0145919
-0.0128075
-0.010778
-0.00851353
-0.0060255
-0.00332661
-0.000430684
0.00264747
0.00589207
0.00928652
0.0128134
0.0164546
0.0201915
0.0240047
0.0278745
0.0317807
0.035703
0.0396206
0.0435127
0.0473586
0.0511373
0.0548284
0.0584116
0.0618668
0.0651748
0.0683167
0.0712747
0.0740318
0.0765722
0.0788811
0.0809453
0.0827533
0.084295
0.0855626
0.0865503
0.0872544
0.087674
0.0878108
0.0876695
0.0872578
0.0865871
0.0856724
0.0845325
0.083191
0.0816759
0.0800205
0.0782636
0.0764503
0.0746318
0.0728668
0.0712206
0.0697644
0.0685715
0.0677166
0.0672934
0.0673325
0.000504606
0.000466547
1.26263e-05
-0.000803335
-0.00189407
-0.00319629
-0.00464883
-0.00619159
-0.00776894
-0.00933086
-0.0108331
-0.0122369
-0.013509
-0.0146209
-0.015549
-0.0162736
-0.0167788
-0.0170523
-0.0170849
-0.0168702
-0.0164046
-0.0156867
-0.0147173
-0.0134993
-0.0120372
-0.0103375
-0.00840793
-0.00625779
-0.00389764
-0.0013392
0.00140467
0.00432014
0.00739244
0.010606
0.0139444
0.0173906
0.0209269
0.0245352
0.0281969
0.0318928
0.0356037
0.03931
0.0429922
0.0466304
0.0502053
0.0536973
0.0570873
0.0603566
0.063487
0.0664611
0.069262
0.0718739
0.0742822
0.0764732
0.0784349
0.0801565
0.0816292
0.0828459
0.0838016
0.0844934
0.084921
0.0850866
0.0849949
0.0846542
0.0840755
0.0832734
0.0822663
0.0810763
0.0797302
0.0782587
0.0766979
0.0750883
0.073476
0.071912
0.0704522
0.0691558
0.0680821
0.0672912
0.0668686
0.0668663
0.00153743
0.00135241
0.000828691
9.43796e-06
-0.00103866
-0.00226205
-0.00360897
-0.0050287
-0.00647362
-0.00790015
-0.0092691
-0.0105458
-0.0116998
-0.0127052
-0.0135396
-0.0141848
-0.0146255
-0.0148501
-0.0148494
-0.0146172
-0.0141496
-0.0134451
-0.012504
-0.0113288
-0.00992346
-0.00829383
-0.00644704
-0.00439168
-0.00213755
0.000304367
0.00292202
0.00570239
0.00863155
0.0116948
0.0148765
0.0181607
0.0215305
0.0249687
0.0284576
0.031979
0.0355147
0.039046
0.0425544
0.0460211
0.0494275
0.0527552
0.0559861
0.0591025
0.0620871
0.0649233
0.0675955
0.0700886
0.0723889
0.0744837
0.0763616
0.0780128
0.0794291
0.0806041
0.0815332
0.0822141
0.0826467
0.0828335
0.0827793
0.0824921
0.0819826
0.0812648
0.0803562
0.0792775
0.0780534
0.0767126
0.0752876
0.0738153
0.0723363
0.0708954
0.0695405
0.0683222
0.067291
0.0664983
0.0660121
0.0658765
0.00298611
0.00257464
0.00192309
0.00105094
-4.59045e-06
-0.00119866
-0.00248739
-0.00382847
-0.00518165
-0.00650944
-0.00777764
-0.00895556
-0.0100161
-0.0109355
-0.0116937
-0.0122736
-0.0126612
-0.0128453
-0.0128174
-0.0125715
-0.0121037
-0.0114124
-0.0104978
-0.00936194
-0.00800851
-0.00644276
-0.00467132
-0.00270218
-0.000544492
0.00179143
0.00429425
0.0069517
0.00975062
0.0126771
0.0157163
0.0188531
0.0220715
0.025355
0.0286869
0.0320499
0.0354266
0.0387993
0.0421502
0.0454616
0.0487156
0.0518949
0.0549822
0.0579606
0.0608138
0.0635261
0.0660826
0.068469
0.0706724
0.0726809
0.0744838
0.0760718
0.0774373
0.0785743
0.0794788
0.0801488
0.0805842
0.0807876
0.0807638
0.0805202
0.0800672
0.0794179
0.0785885
0.0775983
0.0764701
0.0752298
0.0739068
0.0725339
0.0711469
0.0697845
0.0684877
0.0672989
0.0662615
0.0654192
0.0648129
0.0644652
0.00474851
0.00406021
0.0032377
0.00227237
0.00116803
-3.82406e-05
-0.0013092
-0.00261014
-0.0039075
-0.00516945
-0.00636653
-0.00747199
-0.00846191
-0.00931524
-0.0100138
-0.0105422
-0.0108876
-0.0110398
-0.0109909
-0.0107352
-0.0102692
-0.00959117
-0.00870136
-0.00760159
-0.00629528
-0.0047873
-0.00308385
-0.00119239
0.000878433
0.00311893
0.0055184
0.00806522
0.0107469
0.0135503
0.0164614
0.0194656
0.0225479
0.0256925
0.0288834
0.0321043
0.0353384
0.0385689
0.0417788
0.0449512
0.0480692
0.0511161
0.0540753
0.0569309
0.0596673
0.0622694
0.0647231
0.067015
0.0691326
0.0710646
0.0728009
0.0743327
0.0756529
0.0767559
0.0776378
0.0782967
0.0787327
0.0789482
0.0789477
0.0787383
0.0783294
0.0777333
0.076965
0.0760421
0.0749852
0.0738177
0.0725657
0.0712582
0.0699265
0.0686038
0.0673247
0.0661245
0.0650403
0.0641087
0.0633395
0.0627286
0.00673391
0.00574058
0.00471729
0.00362718
0.00244013
0.00118667
-0.000101383
-0.00139601
-0.00266966
-0.00389562
-0.00504886
-0.00610638
-0.00704737
-0.00785342
-0.00850842
-0.00899868
-0.00931274
-0.0094414
-0.00937754
-0.00911606
-0.00865374
-0.00798912
-0.00712243
-0.00605546
-0.00479146
-0.00333502
-0.00169202
0.000130468
0.00212429
0.00428023
0.00658816
0.00903704
0.011615
0.0143095
0.0171072
0.0199943
0.0229562
0.0259781
0.0290446
0.0321401
0.0352486
0.038354
0.04144
0.0444904
0.047489
0.0504198
0.0532671
0.0560153
0.0586498
0.061156
0.0635203
0.0657299
0.067773
0.0696385
0.071317
0.0728
0.0740805
0.0751533
0.0760146
0.0766625
0.077097
0.0773202
0.0773363
0.0771517
0.0767752
0.0762178
0.0754931
0.0746172
0.0736086
0.0724881
0.0712788
0.0700059
0.0686965
0.067379
0.0660825
0.064836
0.0636712
0.062619
0.0616568
0.0607536
0.00886304
0.00755122
0.00630807
0.00507002
0.00377419
0.00244585
0.00111242
-0.000203864
-0.00148076
-0.00269618
-0.00382913
-0.00486009
-0.00577129
-0.0065468
-0.00717266
-0.00763689
-0.00792946
-0.00804227
-0.0079691
-0.00770547
-0.00724865
-0.00659749
-0.00575236
-0.0047151
-0.00348887
-0.00207811
-0.000488464
0.00127332
0.00319946
0.00528117
0.00750877
0.00987175
0.0123588
0.0149579
0.0176563
0.0204408
0.0232975
0.0262121
0.02917
0.0321562
0.0351552
0.0381516
0.0411299
0.0440745
0.0469696
0.0498
0.0525505
0.0552063
0.0577529
0.0601766
0.0624642
0.0646034
0.0665826
0.0683914
0.0700203
0.0714613
0.0727076
0.073754
0.0745968
0.0752339
0.0756651
0.0758922
0.0759189
0.0757509
0.075396
0.0748643
0.0741679
0.0733211
0.0723404
0.0712443
0.0700531
0.0687885
0.0674737
0.0661329
0.0647901
0.063469
0.0621974
0.0610011
0.0598263
0.0586162
0.0110689
0.00943463
0.00796055
0.00655837
0.00513433
0.00370962
0.00230828
0.000947557
-0.000354942
-0.00158121
-0.0027139
-0.00373674
-0.00463474
-0.00539442
-0.00600386
-0.00645279
-0.00673265
-0.00683649
-0.00675902
-0.00649651
-0.00604676
-0.00540901
-0.00458389
-0.00357335
-0.00238057
-0.00100991
0.000533146
0.00224209
0.00410941
0.0061267
0.00828466
0.0105732
0.0129815
0.015498
0.0181106
0.0208065
0.0235723
0.0263945
0.0292588
0.0321509
0.0350559
0.0379589
0.0408449
0.0436989
0.0465058
0.0492507
0.051919
0.0544963
0.0569687
0.0593228
0.0615458
0.0636257
0.0655513
0.0673124
0.0688999
0.0703056
0.071523
0.0725468
0.0733732
0.074
0.0744267
0.0746545
0.0746866
0.0745279
0.0741854
0.073668
0.0729863
0.0721531
0.0711828
0.0700916
0.0688973
0.0676186
0.0662753
0.0648876
0.0634753
0.0620575
0.0606591
0.059302
0.0579028
0.0563808
0.0132955
0.0113407
0.00963027
0.00805313
0.0064867
0.00494921
0.00346216
0.00203859
0.000692093
-0.000562893
-0.00171228
-0.00274274
-0.00364188
-0.00439848
-0.0050026
-0.00544567
-0.00572053
-0.00582143
-0.00574404
-0.00548542
-0.00504398
-0.0044194
-0.00361264
-0.00262583
-0.00146225
-0.000126267
0.00137675
0.00304043
0.00485751
0.00681984
0.00891846
0.0111437
0.013485
0.0159313
0.018471
0.0210916
0.0237806
0.0265245
0.0293097
0.0321223
0.0349481
0.0377727
0.0405814
0.0433596
0.0460929
0.0487667
0.0513667
0.0538792
0.0562904
0.0585873
0.0607574
0.062789
0.064671
0.0663935
0.0679472
0.0693244
0.0705183
0.0715234
0.0723359
0.0729532
0.0733746
0.0736006
0.0736337
0.0734782
0.07314
0.0726269
0.0719483
0.0711152
0.0701402
0.0690374
0.067822
0.0665104
0.0651192
0.0636654
0.0621651
0.0606334
0.0590931
0.0575635
0.0559336
0.0541006
0.0154962
0.0132261
0.0112776
0.00951868
0.00779984
0.00613723
0.00455061
0.00304949
0.00164403
0.000345571
-0.000834696
-0.00188606
-0.00279853
-0.00356298
-0.00417134
-0.00461665
-0.00489314
-0.00499625
-0.00492263
-0.00467015
-0.00423784
-0.00362592
-0.0028357
-0.00186956
-0.00073095
0.00057573
0.00204511
0.00367094
0.0054461
0.00736266
0.00941192
0.0115845
0.0138702
0.0162583
0.0187376
0.0212961
0.0239214
0.0266008
0.029321
0.0320685
0.0348295
0.0375899
0.0403357
0.0430525
0.0457263
0.0483429
0.0508884
0.0533492
0.0557119
0.0579637
0.0600924
0.0620863
0.0639345
0.0656271
0.0671551
0.0685104
0.0696861
0.0706768
0.0714781
0.0720873
0.072503
0.0727254
0.0727563
0.0725989
0.0722583
0.0717411
0.0710555
0.070211
0.0692185
0.06809
0.0668387
0.0654783
0.0640232
0.0624877
0.0608844
0.0592256
0.0575326
0.0558229
0.0539597
0.05182
0.0176314
0.015053
0.0128673
0.0109227
0.00904461
0.00724784
0.00555103
0.00396077
0.00248434
0.00113036
-9.24742e-05
-0.00117581
-0.00211182
-0.00289332
-0.00351398
-0.00396837
-0.00425206
-0.00436164
-0.00429474
-0.00405005
-0.00362727
-0.00302715
-0.00225142
-0.00130276
-0.000184804
0.00109792
0.00254001
0.00413526
0.00587664
0.00775639
0.00976601
0.0118963
0.0141375
0.0164791
0.0189101
0.0214191
0.0239938
0.026622
0.0292908
0.0319869
0.034697
0.0374074
0.0401043
0.0427737
0.0454018
0.0479747
0.0504789
0.0529008
0.0552274
0.057446
0.0595445
0.0615112
0.0633354
0.065007
0.066517
0.0678571
0.0690205
0.0700011
0.0707945
0.0713973
0.0718079
0.0720256
0.0720517
0.0718885
0.0715401
0.0710119
0.0703109
0.0694453
0.0684244
0.0672585
0.0659587
0.0645368
0.0630048
0.0613748
0.059657
0.057861
0.0560073
0.0541126
0.0520159
0.0495754
0.0196679
0.0167887
0.0143681
0.012236
0.0101941
0.00825672
0.00644172
0.00475334
0.00319639
0.00177722
0.000502316
-0.000622069
-0.00159003
-0.00239618
-0.00303579
-0.00350488
-0.00380028
-0.0039197
-0.00386174
-0.00362588
-0.00321254
-0.00262299
-0.00185941
-0.000924826
0.000176882
0.00144103
0.00286216
0.00443403
0.00614967
0.00800142
0.00998093
0.0120792
0.0142867
0.0165931
0.0189877
0.0214594
0.0239963
0.0265863
0.0292169
0.0318752
0.034548
0.0372219
0.0398835
0.0425191
0.045115
0.0476576
0.0501334
0.0525291
0.0548318
0.0570289
0.0591082
0.0610582
0.062868
0.0645275
0.0660274
0.0673594
0.0685163
0.0694917
0.0702808
0.0708797
0.0712861
0.071499
0.0715187
0.0713468
0.0709863
0.0704417
0.0697186
0.0688239
0.0677656
0.0665526
0.0651941
0.0637001
0.0620808
0.0603461
0.0585046
0.0565638
0.0545438
0.0524612
0.0501322
0.0473974
0.0215769
0.0184045
0.0157521
0.0134319
0.0112236
0.00914102
0.00720193
0.00540855
0.00376367
0.00227165
0.000937068
-0.000235661
-0.00124237
-0.0020793
-0.00274321
-0.00323145
-0.00354207
-0.00367383
-0.00362628
-0.00339969
-0.00299516
-0.00241454
-0.00166046
-0.000736331
0.000353714
0.00160479
0.00301131
0.00456699
0.00626487
0.00809732
0.0100561
0.0121324
0.0143167
0.0165991
0.018969
0.0214154
0.0239268
0.0264913
0.0290967
0.0317303
0.0343791
0.0370301
0.0396698
0.0422849
0.0448618
0.0473871
0.0498473
0.0522293
0.0545202
0.0567073
0.0587786
0.0607223
0.0625275
0.0641838
0.0656818
0.0670129
0.0681695
0.069145
0.0699338
0.0705319
0.0709361
0.0711447
0.0711573
0.0709747
0.0705992
0.0700339
0.0692835
0.0683535
0.0672507
0.0659825
0.0645569
0.0629823
0.0612672
0.05942
0.0574477
0.0553562
0.053166
0.0508937
0.0483343
0.0453115
0.0233334
0.0198749
0.016994
0.0144863
0.0121101
0.00987925
0.00781178
0.00590828
0.00416977
0.00259897
0.00119877
-2.80428e-05
-0.00107885
-0.00195136
-0.00264369
-0.00315445
-0.00348283
-0.00362859
-0.00359218
-0.00337467
-0.00297781
-0.00240405
-0.00165648
-0.000738885
0.000344281
0.00158792
0.00298628
0.00453299
0.00622105
0.00804286
0.00999022
0.0120544
0.014226
0.0164953
0.0188519
0.0212849
0.023783
0.0263346
0.0289275
0.0315493
0.0341873
0.0368284
0.0394594
0.0420672
0.0446381
0.047159
0.0496163
0.051997
0.0542881
0.0564768
0.058551
0.060499
0.0623094
0.0639718
0.0654763
0.0668141
0.067977
0.0689582
0.0697516
0.0703524
0.0707569
0.0709627
0.0709686
0.0707745
0.0703819
0.0697929
0.0690112
0.0680412
0.0668882
0.0655587
0.0640593
0.0623972
0.0605797
0.0586138
0.0565051
0.0542586
0.0518954
0.0494324
0.0466446
0.0433395
0.0249154
0.0211772
0.0180712
0.0153769
0.012832
0.0104511
0.00825224
0.00623488
0.00439851
0.00274442
0.00127408
-1.11771e-05
-0.00111013
-0.00202181
-0.00274558
-0.00328122
-0.00362898
-0.00378959
-0.00376435
-0.00355509
-0.00316424
-0.0025948
-0.00185036
-0.000935096
0.000146214
0.00138822
0.002785
0.00433003
0.00601627
0.00783607
0.00978127
0.0118431
0.0140125
0.0162795
0.018634
0.0210653
0.0235622
0.0261131
0.0287062
0.031329
0.0339689
0.0366132
0.0392486
0.041862
0.04444
0.0469692
0.0494362
0.0518279
0.0541312
0.0563332
0.0584216
0.0603844
0.0622101
0.0638879
0.0654077
0.0667601
0.0679366
0.0689297
0.0697329
0.0703407
0.0707488
0.0709541
0.0709545
0.0707492
0.0703386
0.0697242
0.0689084
0.0678948
0.0666876
0.065292
0.0637137
0.0619587
0.0600334
0.0579438
0.0556946
0.0532897
0.0507512
0.0480971
0.0450827
0.0414999
0.0263029
0.0222905
0.0189626
0.0160828
0.0133694
0.0108371
0.00850497
0.00637111
0.00443383
0.00269319
0.00114941
-0.000197459
-0.00134745
-0.00230079
-0.00305801
-0.00361996
-0.00398786
-0.00416339
-0.00414864
-0.0039462
-0.00355915
-0.00299104
-0.00224596
-0.0013285
-0.000243759
0.00100264
0.00240455
0.00395533
0.00564779
0.00747427
0.00942655
0.0114959
0.0136733
0.0159488
0.0183125
0.0207536
0.0232611
0.0258236
0.0284292
0.0310656
0.0337204
0.0363807
0.0390335
0.0416655
0.0442634
0.0468137
0.0493031
0.0517181
0.0540457
0.0562727
0.0583867
0.0603752
0.0622265
0.0639295
0.0654736
0.0668489
0.0680465
0.0690584
0.0698772
0.0704971
0.0709129
0.0711208
0.0711179
0.0709026
0.0704743
0.0698336
0.0689823
0.0679227
0.0666583
0.0651932
0.0635321
0.0616802
0.059643
0.0574259
0.0550327
0.0524669
0.0497515
0.0469058
0.043666
0.0398091
0.0274778
0.0231959
0.0196488
0.0165848
0.013703
0.0110189
0.0085522
0.0063001
0.00425983
0.00243042
0.000810935
-0.00059967
-0.00180257
-0.0027991
-0.00359084
-0.00417963
-0.00456764
-0.0047574
-0.00475182
-0.00455417
-0.00416817
-0.00359794
-0.00284805
-0.00192351
-0.000829756
0.00042729
0.00184126
0.00340533
0.00511219
0.00695407
0.00892273
0.0110094
0.013205
0.0154999
0.0178838
0.0203462
0.0228763
0.0254624
0.0280929
0.0307556
0.0334379
0.0361271
0.0388101
0.0414737
0.0441043
0.0466886
0.0492129
0.0516638
0.0540278
0.0562918
0.0584428
0.0604682
0.0623559
0.0640941
0.065672
0.0670791
0.068306
0.0693439
0.0701851
0.0708227
0.0712511
0.0714655
0.0714623
0.0712391
0.0707944
0.070128
0.0692407
0.068134
0.0668105
0.0652735
0.0635269
0.0615751
0.0594229
0.0570752
0.0545353
0.0518064
0.0489128
0.0458748
0.0424105
0.0382817
0.028423
0.0238753
0.0201113
0.0168643
0.0138146
0.0109786
0.00837662
0.00600524
0.00386072
0.00194113
0.000244604
-0.00123095
-0.00248773
-0.00352808
-0.00435455
-0.00496993
-0.00537726
-0.00557989
-0.00558147
-0.00538599
-0.00499778
-0.0044215
-0.00366221
-0.00272534
-0.00161669
-0.00034248
0.00109069
0.00267577
0.00440533
0.00627146
0.00826586
0.0103797
0.0126039
0.0149287
0.017344
0.0198393
0.0224036
0.0250256
0.0276933
0.0303947
0.0331173
0.0358482
0.0385744
0.0412824
0.0439588
0.0465899
0.0491619
0.0516613
0.0540742
0.0563873
0.0585872
0.0606609
0.0625958
0.0643798
0.0660015
0.0674498
0.0687146
0.0697867
0.0706574
0.0713194
0.0717659
0.0719916
0.0719921
0.0717641
0.0713054
0.0706146
0.0696919
0.0685379
0.0671546
0.0655444
0.0637105
0.0616566
0.0593872
0.0569066
0.0542179
0.0513239
0.0482506
0.0450196
0.0413308
0.0369312
0.0291226
0.0243118
0.0203327
0.0169037
0.0136866
0.0106987
0.00796123
0.00547008
0.00322067
0.00121028
-0.000563884
-0.00210481
-0.00341563
-0.00449963
-0.00536028
-0.00600122
-0.00642636
-0.00663981
-0.00664596
-0.00644946
-0.00605523
-0.00546851
-0.00469481
-0.00374
-0.00261024
-0.00131205
0.000147679
0.00176171
0.00352243
0.00542179
0.00745138
0.00960237
0.0118655
0.014231
0.0166889
0.0192285
0.0218389
0.0245087
0.027226
0.0299787
0.0327543
0.0355398
0.038322
0.0410875
0.0438227
0.0465136
0.0491464
0.051707
0.0541815
0.056556
0.0588169
0.0609507
0.0629444
0.0647852
0.0664611
0.0679606
0.0692727
0.0703876
0.0712959
0.0719894
0.0724607
0.0727034
0.0727125
0.0724837
0.072014
0.0713014
0.0703448
0.0691445
0.0677015
0.0660176
0.0640955
0.0619383
0.05955
0.0569347
0.0540953
0.0510346
0.04778
0.0443549
0.0404408
0.03577
0.0295609
0.0244888
0.0202959
0.0166856
0.0133016
0.0101621
0.00728922
0.00467824
0.00232386
0.000222604
-0.0016291
-0.0032351
-0.0045994
-0.00572617
-0.0066197
-0.00728451
-0.00772527
-0.00794686
-0.00795437
-0.00775308
-0.00734854
-0.00674649
-0.00595295
-0.00497419
-0.00381676
-0.0024875
-0.000993566
0.000657568
0.00245809
0.00439982
0.0064742
0.00867231
0.0109848
0.0134019
0.0159135
0.018509
0.0211773
0.023907
0.0266863
0.029503
0.0323443
0.0351973
0.0380487
0.0408848
0.0436919
0.0464558
0.0491624
0.0517973
0.0543463
0.0567951
0.0591295
0.0613356
0.0633999
0.0653091
0.0670504
0.0686115
0.069981
0.0711481
0.0721027
0.0728358
0.0733391
0.0736056
0.073629
0.0734044
0.0729279
0.0721967
0.071209
0.0699642
0.0684625
0.0667054
0.0646948
0.0624336
0.0599254
0.0571741
0.0541824
0.0509533
0.0475158
0.0438949
0.039754
0.0348105
0.0297227
0.0243903
0.0199841
0.0161932
0.0126427
0.00935185
0.00634383
0.0036133
0.00115429
-0.00103733
-0.0029659
-0.00463607
-0.00605264
-0.00722061
-0.0081451
-0.0088314
-0.00928496
-0.00951139
-0.00951645
-0.00930608
-0.00888639
-0.00826366
-0.00744439
-0.00643529
-0.00524328
-0.00387553
-0.00233948
-0.000642845
0.00120635
0.00319975
0.00532867
0.00758407
0.00995649
0.0124361
0.0150127
0.0176756
0.0204138
0.0232157
0.0260694
0.0289626
0.0318825
0.034816
0.0377498
0.0406698
0.0435622
0.0464125
0.0492063
0.0519289
0.0545656
0.0571017
0.0595226
0.0618138
0.0639611
0.0659506
0.0677689
0.069403
0.0708407
0.0720701
0.0730806
0.0738622
0.0744058
0.0747034
0.0747479
0.0745334
0.0740552
0.0733097
0.0722944
0.0710077
0.0694495
0.0676203
0.0655219
0.0631566
0.0605278
0.0576395
0.0544941
0.0510949
0.0474725
0.0436537
0.0392835
0.0340645
0.0295927
0.0240001
0.019381
0.0154095
0.0116928
0.00825098
0.00510823
0.0022587
-0.000304202
-0.00258527
-0.00458952
-0.00632237
-0.0077894
-0.0089964
-0.00994927
-0.0106541
-0.011117
-0.0113444
-0.0113426
-0.0111183
-0.0106781
-0.0100289
-0.00917757
-0.00813132
-0.00689744
-0.00548344
-0.00389706
-0.00214626
-0.000239304
0.00181529
0.00400868
0.00633167
0.00877471
0.0113279
0.0139809
0.0167229
0.0195429
0.0224293
0.0253699
0.0283524
0.0313639
0.0343912
0.0374206
0.040438
0.0434293
0.0463796
0.0492743
0.0520982
0.0548362
0.0574731
0.0599939
0.0623833
0.0646266
0.0667092
0.0686169
0.0703359
0.0718531
0.073156
0.0742329
0.0750728
0.0756657
0.0760028
0.0760761
0.0758786
0.0754048
0.0746503
0.0736116
0.0722867
0.0706746
0.0687754
0.0665904
0.0641215
0.0613721
0.0583459
0.0550456
0.0514744
0.0476649
0.0436456
0.039043
0.0335443
0.0291557
0.0233022
0.0184697
0.0143177
0.0104348
0.00684233
0.00356539
0.000597654
-0.0020681
-0.00443728
-0.00651557
-0.0083091
-0.00982423
-0.0110675
-0.0120456
-0.0127653
-0.0132336
-0.0134574
-0.0134439
-0.0132002
-0.0127337
-0.0120516
-0.0111615
-0.0100709
-0.00878744
-0.00731909
-0.00567384
-0.00385994
-0.00188586
0.000239671
0.00250764
0.00490871
0.00743322
0.0100711
0.012812
0.015645
0.018559
0.0215421
0.0245823
0.0276671
0.0307833
0.0339177
0.0370562
0.0401847
0.0432886
0.0463529
0.0493624
0.0523016
0.055155
0.0579068
0.0605412
0.0630427
0.0653956
0.0675846
0.0695946
0.0714113
0.0730204
0.0744085
0.075563
0.0764719
0.0771244
0.0775104
0.077621
0.0774484
0.0769861
0.0762287
0.0751721
0.0738134
0.072151
0.0701845
0.0679146
0.0653432
0.0624733
0.0593088
0.0558523
0.0521072
0.0481081
0.0438853
0.0390462
0.0332624
0.0283959
0.0222801
0.0172334
0.0129004
0.00885144
0.00510853
0.00169801
-0.00138697
-0.00415427
-0.00660985
-0.0087601
-0.0106118
-0.0121722
-0.0134484
-0.014448
-0.0151784
-0.0156474
-0.0158626
-0.0158319
-0.0155629
-0.0150636
-0.0143419
-0.0134057
-0.012263
-0.010922
-0.00939083
-0.00767785
-0.00579159
-0.00374077
-0.00153432
0.000818573
0.00330841
0.00592539
0.00865936
0.0114998
0.0144357
0.0174558
0.0205483
0.0237009
0.026901
0.0301352
0.0333901
0.0366515
0.039905
0.0431356
0.046328
0.0494666
0.0525356
0.0555188
0.0583999
0.0611625
0.0637903
0.066267
0.0685764
0.0707027
0.0726305
0.0743446
0.0758307
0.0770751
0.0780648
0.0787878
0.0792331
0.0793907
0.079252
0.0788092
0.0780561
0.0769878
0.0756006
0.0738923
0.071862
0.0695098
0.0668374
0.0638476
0.0605444
0.0569305
0.0530095
0.048818
0.0443879
0.0393074
0.0332323
0.0272973
0.020917
0.0156549
0.0111402
0.00692487
0.00303178
-0.000511637
-0.00371274
-0.00657999
-0.00911996
-0.0113397
-0.0132467
-0.0148488
-0.0161542
-0.0171709
-0.0179073
-0.0183718
-0.0185728
-0.0185187
-0.0182179
-0.017679
-0.0169103
-0.0159203
-0.0147175
-0.0133103
-0.0117075
-0.00991754
-0.00794935
-0.00581186
-0.00351424
-0.00106586
0.00152364
0.0042443
0.00708584
0.0100376
0.0130886
0.0162273
0.0194417
0.0227197
0.0260482
0.0294139
0.0328031
0.0362013
0.0395939
0.0429655
0.0463006
0.0495831
0.0527966
0.0559245
0.0589499
0.0618557
0.0646248
0.0672402
0.0696848
0.0719419
0.0739951
0.0758283
0.0774261
0.0787736
0.0798567
0.0806624
0.0811785
0.0813939
0.0812989
0.0808847
0.0801442
0.0790714
0.077662
0.075913
0.0738229
0.0713916
0.0686202
0.0655115
0.0620696
0.0582971
0.0541981
0.0498109
0.0451695
0.0398421
0.0334679
0.0258433
0.0191958
0.0137164
0.00901909
0.00463694
0.00059382
-0.00308179
-0.00639774
-0.00936312
-0.0119851
-0.0142714
-0.0162303
-0.0178704
-0.0192004
-0.0202294
-0.0209665
-0.0214207
-0.0216012
-0.021517
-0.0211774
-0.0205914
-0.0197678
-0.0187158
-0.0174442
-0.015962
-0.0142782
-0.0124017
-0.0103417
-0.00810731
-0.00570799
-0.00315329
-0.000453021
0.00238272
0.00534353
0.00841863
0.0115969
0.0148667
0.018216
0.0216323
0.0251027
0.0286135
0.0321509
0.0357001
0.0392462
0.0427735
0.0462661
0.0497075
0.0530809
0.0563689
0.059554
0.0626186
0.0655447
0.0683144
0.0709098
0.0733132
0.0755071
0.0774743
0.0791984
0.0806632
0.0818536
0.0827553
0.0833547
0.0836398
0.0835995
0.0832241
0.0825054
0.0814365
0.0800121
0.0782285
0.0760836
0.0735767
0.070709
0.0674828
0.0639023
0.0599702
0.0556907
0.0511044
0.0462472
0.0406663
0.0339843
0.0240166
0.0170985
0.0113995
0.00651833
0.00196879
-0.00222426
-0.00603129
-0.00946067
-0.0125221
-0.0152235
-0.0175731
-0.01958
-0.0212535
-0.0226033
-0.0236392
-0.0243709
-0.0248084
-0.0249615
-0.0248402
-0.024454
-0.0238127
-0.0229259
-0.0218031
-0.0204537
-0.0188871
-0.0171125
-0.0151395
-0.0129774
-0.0106356
-0.00812371
-0.0054516
-0.00262919
0.000333261
0.00342523
0.00663582
0.00995377
0.0133674
0.0168645
0.0204326
0.0240583
0.0277281
0.0314277
0.0351423
0.0388566
0.0425547
0.04622
0.0498358
0.0533846
0.0568486
0.0602096
0.0634492
0.0665486
0.069489
0.0722515
0.0748175
0.0771683
0.0792856
0.0811517
0.0827492
0.0840618
0.0850738
0.0857704
0.0861382
0.0861649
0.0858397
0.0851531
0.0840973
0.0826661
0.0808549
0.0786609
0.0760831
0.0731221
0.0697802
0.0660615
0.0619687
0.0575064
0.0527172
0.047639
0.0417976
0.0347981
0.0217992
0.0146063
0.00868511
0.00361855
-0.00109913
-0.00544208
-0.00937971
-0.0129209
-0.0160762
-0.0188539
-0.0212631
-0.0233137
-0.0250158
-0.0263798
-0.0274164
-0.0281363
-0.02855
-0.0286683
-0.0285017
-0.0280607
-0.0273555
-0.0263965
-0.0251935
-0.0237567
-0.0220957
-0.0202203
-0.0181403
-0.0158654
-0.0134052
-0.0107697
-0.00796881
-0.00501266
-0.00191164
0.00132358
0.00468201
0.00815228
0.0117226
0.0153807
0.0191138
0.0229087
0.0267515
0.0306277
0.0345224
0.0384198
0.0423038
0.0461575
0.0499636
0.053704
0.0573604
0.0609139
0.0643453
0.0676351
0.0707634
0.0737103
0.0764561
0.0789809
0.0812654
0.0832903
0.0850371
0.086488
0.0876258
0.0884346
0.0888995
0.0890067
0.0887443
0.0881014
0.0870692
0.0856404
0.0838096
0.0815733
0.0789297
0.0758791
0.0724237
0.0685674
0.064313
0.0596654
0.0546693
0.0493646
0.0432548
0.0359269
0.019172
0.0116998
0.00555329
0.000299511
-0.00458723
-0.0090801
-0.0131475
-0.0167988
-0.0200452
-0.0228959
-0.0253606
-0.02745
-0.0291752
-0.0305474
-0.031578
-0.0322787
-0.0326609
-0.0327361
-0.0325157
-0.0320109
-0.0312325
-0.0301916
-0.0288986
-0.0273641
-0.0255983
-0.0236115
-0.0214136
-0.0190148
-0.016425
-0.0136544
-0.010713
-0.00761125
-0.00435958
-0.000968789
0.00255002
0.00618539
0.00992544
0.0137578
0.0176697
0.0216476
0.0256775
0.0297449
0.0338345
0.0379303
0.0420158
0.0460738
0.0500864
0.0540351
0.0579009
0.0616642
0.0653049
0.0688028
0.0721369
0.0752864
0.0782302
0.0809474
0.0834171
0.0856188
0.0875327
0.0891392
0.0904199
0.0913573
0.0919348
0.0921374
0.0919516
0.0913654
0.0903684
0.0889525
0.0871111
0.08484
0.0821367
0.0790009
0.0754347
0.0714418
0.0670252
0.0621897
0.0569823
0.0514451
0.0450584
0.0373903
0.0161153
0.0083584
0.0019831
-0.00345999
-0.00851685
-0.0131597
-0.0173559
-0.0211154
-0.0244501
-0.02737
-0.0298856
-0.0320085
-0.0337506
-0.0351241
-0.0361414
-0.0368149
-0.0371572
-0.0371804
-0.0368969
-0.0363184
-0.0354569
-0.0343237
-0.0329301
-0.0312871
-0.0294056
-0.0272961
-0.024969
-0.0224348
-0.0197038
-0.0167862
-0.0136923
-0.0104328
-0.00701812
-0.00345924
0.000232688
0.00404612
0.00796911
0.0119892
0.0160935
0.0202685
0.0245
0.0287733
0.0330729
0.0373826
0.0416855
0.045964
0.0501998
0.0543738
0.0584665
0.0624574
0.0663258
0.0700503
0.0736091
0.0769801
0.0801412
0.08307
0.0857443
0.0881421
0.090242
0.092023
0.0934649
0.0945485
0.0952559
0.0955702
0.0954764
0.094961
0.0940124
0.0926209
0.0907792
0.0884818
0.0857256
0.0825099
0.0788361
0.0747081
0.0701286
0.0651027
0.0596796
0.0539036
0.0472305
0.0392093
0.0126081
0.00456059
-0.0020475
-0.00768224
-0.0129105
-0.0177034
-0.0220273
-0.0258928
-0.0293127
-0.0322976
-0.034859
-0.0370094
-0.0387616
-0.0401289
-0.0411247
-0.0417624
-0.0420553
-0.0420168
-0.04166
-0.0409975
-0.0400419
-0.0388054
-0.0373
-0.0355371
-0.0335282
-0.0312842
-0.0288161
-0.0261345
-0.0232501
-0.0201733
-0.0169147
-0.0134849
-0.00989467
-0.00615496
-0.00227699
0.00172763
0.00584692
0.0100684
0.014379
0.0187653
0.0232129
0.027707
0.0322319
0.0367712
0.0413076
0.0458233
0.0502993
0.0547163
0.0590538
0.0632909
0.0674057
0.0713761
0.0751793
0.0787919
0.0821905
0.0853513
0.0882508
0.0908653
0.0931716
0.0951472
0.0967701
0.0980194
0.0988752
0.099319
0.0993341
0.0989053
0.0980194
0.0966655
0.0948349
0.092521
0.0897199
0.0864301
0.0826528
0.0783914
0.0736487
0.0684299
0.0627865
0.0567647
0.0497955
0.0414072
0.00862817
0.000283585
-0.0065617
-0.0123907
-0.0177917
-0.0227348
-0.0271852
-0.0311544
-0.0346559
-0.0377012
-0.0403027
-0.0424739
-0.0442287
-0.0455815
-0.0465467
-0.0471389
-0.0473724
-0.0472615
-0.0468203
-0.0460623
-0.0450011
-0.0436495
-0.0420201
-0.0401252
-0.0379765
-0.0355858
-0.0329642
-0.0301228
-0.0270724
-0.0238238
-0.0203878
-0.016775
-0.0129964
-0.00906285
-0.00498574
-0.000776649
0.00355243
0.00798901
0.01252
0.0171319
0.0218103
0.0265402
0.0313059
0.0360907
0.0408771
0.0456468
0.0503806
0.0550584
0.0596593
0.0641616
0.0685425
0.072779
0.076847
0.0807221
0.0843795
0.0877941
0.0909404
0.0937935
0.0963282
0.0985201
0.100345
0.101781
0.102806
0.103399
0.103541
0.103216
0.102409
0.101107
0.0993007
0.0969814
0.0941444
0.0907875
0.0869113
0.082519
0.0776131
0.0721989
0.0663303
0.0600558
0.0527797
0.0440093
0.0041523
-0.00449668
-0.0115841
-0.0176103
-0.0231855
-0.0282789
-0.0328546
-0.0369247
-0.0405038
-0.0436042
-0.0462394
-0.048424
-0.0501732
-0.0515022
-0.0524269
-0.0529629
-0.0531258
-0.0529309
-0.0523933
-0.0515276
-0.0503481
-0.0488686
-0.0471024
-0.0450624
-0.0427611
-0.0402106
-0.0374224
-0.0344081
-0.0311788
-0.0277454
-0.0241189
-0.0203101
-0.0163299
-0.0121894
-0.00789988
-0.0034729
0.00107958
0.00574509
0.0105106
0.0153625
0.0202865
0.0252674
0.0302895
0.0353359
0.0403889
0.0454299
0.0504392
0.0553963
0.0602796
0.0650666
0.0697339
0.0742573
0.0786116
0.0827712
0.0867099
0.0904009
0.0938174
0.0969323
0.0997188
0.10215
0.104201
0.105846
0.107062
0.107825
0.108115
0.107913
0.107203
0.105969
0.104201
0.101889
0.099026
0.0956099
0.0916404
0.0871202
0.0820515
0.0764396
0.0703409
0.0638061
0.0562119
0.0470435
-0.000844288
-0.00980571
-0.0171406
-0.0233672
-0.0291183
-0.0343621
-0.0390615
-0.0432296
-0.0468817
-0.0500314
-0.0526933
-0.0548831
-0.0566171
-0.0579123
-0.0587854
-0.0592536
-0.0593335
-0.0590419
-0.0583947
-0.0574079
-0.0560965
-0.0544754
-0.0525586
-0.0503598
-0.047892
-0.0451678
-0.0421995
-0.0389986
-0.0355768
-0.0319452
-0.0281148
-0.0240965
-0.0199015
-0.0155406
-0.0110252
-0.00636674
-0.00157717
0.00333117
0.00834535
0.0134518
0.0186362
0.0238834
0.0291776
0.0345018
0.0398383
0.0451679
0.0504709
0.055726
0.0609111
0.0660031
0.0709777
0.0758096
0.0804726
0.0849397
0.0891832
0.0931748
0.0968859
0.100287
0.103351
0.106047
0.108348
0.110227
0.111657
0.112614
0.113075
0.113017
0.112423
0.111276
0.109562
0.10727
0.104394
0.100928
0.0968712
0.0922269
0.0869962
0.0811846
0.0748509
0.068048
0.0601237
0.0505401
-0.00638782
-0.0156706
-0.023259
-0.0296896
-0.0356183
-0.0410125
-0.045834
-0.0500965
-0.0538167
-0.057009
-0.0596895
-0.0618752
-0.0635838
-0.0648336
-0.065643
-0.0660304
-0.0660139
-0.0656114
-0.0648404
-0.0637178
-0.0622598
-0.0604823
-0.0584
-0.0560276
-0.0533786
-0.0504663
-0.0473033
-0.0439017
-0.0402733
-0.0364295
-0.0323814
-0.0281401
-0.0237165
-0.0191216
-0.0143667
-0.00946312
-0.00442268
0.000742441
0.00601945
0.0113949
0.0168546
0.0223834
0.0279655
0.0335839
0.0392207
0.0448566
0.0504715
0.0560438
0.0615507
0.0669684
0.0722718
0.0774346
0.0824294
0.087228
0.091801
0.0961186
0.10015
0.103865
0.107231
0.110219
0.112798
0.114937
0.116608
0.117784
0.118439
0.118549
0.118093
0.117052
0.11541
0.113156
0.110278
0.106773
0.102637
0.0978735
0.0924824
0.0864693
0.0798955
0.0728164
0.0645493
0.0545322
-0.0125062
-0.0221201
-0.0299686
-0.0366071
-0.0427155
-0.0482601
-0.0532015
-0.0575546
-0.061337
-0.0645646
-0.0672547
-0.0694259
-0.0710975
-0.0722893
-0.0730213
-0.0733134
-0.0731855
-0.0726569
-0.0717463
-0.0704719
-0.0688513
-0.0669013
-0.0646376
-0.0620757
-0.0592299
-0.0561141
-0.0527413
-0.049124
-0.0452743
-0.0412039
-0.0369238
-0.0324454
-0.0277794
-0.0229368
-0.0179286
-0.0127661
-0.00746097
-0.00202511
0.00352889
0.00918778
0.0149376
0.0207633
0.0266491
0.032578
0.0385321
0.0444921
0.0504374
0.0563461
0.0621951
0.0679597
0.073614
0.0791308
0.0844816
0.0896366
0.094565
0.0992352
0.103615
0.10767
0.111369
0.114677
0.117562
0.11999
0.121931
0.123354
0.12423
0.124533
0.124239
0.123326
0.121777
0.119577
0.116714
0.113181
0.108975
0.104098
0.0985483
0.0923322
0.0855134
0.0781497
0.0695264
0.0590565
-0.019229
-0.0291851
-0.0373011
-0.0441518
-0.050442
-0.0561368
-0.0611958
-0.0656348
-0.0694729
-0.0727274
-0.0754169
-0.0775619
-0.0791833
-0.0803029
-0.0809423
-0.0811233
-0.0808674
-0.0801955
-0.079128
-0.0776845
-0.0758839
-0.0737439
-0.0712816
-0.0685133
-0.065454
-0.0621182
-0.0585195
-0.0546709
-0.0505847
-0.0462726
-0.041746
-0.037016
-0.0320935
-0.0269892
-0.0217139
-0.0162788
-0.0106951
-0.00497453
0.000870557
0.00682725
0.0128818
0.0190195
0.0252247
0.0314806
0.037769
0.0440707
0.0503651
0.0566299
0.0628415
0.0689746
0.0750025
0.0808971
0.0866287
0.0921661
0.097477
0.102528
0.107284
0.111711
0.115772
0.119431
0.122652
0.125401
0.127642
0.129342
0.130468
0.130993
0.130887
0.130128
0.128694
0.126568
0.123736
0.12019
0.115925
0.11094
0.105235
0.0988153
0.0917467
0.0840897
0.0750961
0.0641526
-0.026588
-0.0368984
-0.0452901
-0.0523577
-0.0588319
-0.0646768
-0.0698505
-0.0743703
-0.0782567
-0.0815283
-0.0842058
-0.0863113
-0.0878679
-0.0888992
-0.089429
-0.089481
-0.0890787
-0.0882448
-0.0870013
-0.0853696
-0.0833697
-0.0810209
-0.0783415
-0.0753483
-0.0720577
-0.0684845
-0.0646431
-0.0605467
-0.056208
-0.0516387
-0.0468505
-0.0418542
-0.0366608
-0.0312806
-0.0257244
-0.0200028
-0.0141268
-0.00810771
-0.00195754
0.00431116
0.010685
0.0171497
0.0236898
0.0302887
0.0369284
0.0435897
0.0502518
0.0568923
0.0634873
0.0700108
0.0764356
0.0827323
0.0888703
0.0948171
0.100539
0.105999
0.111163
0.115992
0.120447
0.12449
0.128082
0.131185
0.133759
0.135769
0.137179
0.137955
0.138068
0.137489
0.136195
0.134166
0.131385
0.127841
0.123529
0.118445
0.112589
0.105965
0.0986414
0.0906822
0.0813034
0.0698643
-0.0346172
-0.0452956
-0.053972
-0.0612618
-0.0679225
-0.0739169
-0.0792022
-0.0837967
-0.0877225
-0.0910003
-0.0936526
-0.0957036
-0.0971787
-0.0981038
-0.0985049
-0.0984081
-0.0978388
-0.0968219
-0.0953815
-0.0935403
-0.0913204
-0.0887423
-0.0858254
-0.0825878
-0.0790466
-0.0752176
-0.0711155
-0.066754
-0.062146
-0.0573036
-0.0522381
-0.0469606
-0.0414815
-0.0358113
-0.0299601
-0.0239383
-0.0177563
-0.0114251
-0.00495607
0.00163863
0.00834609
0.0151524
0.0220427
0.0290005
0.0360082
0.0430467
0.0500952
0.0571311
0.0641303
0.0710665
0.0779115
0.0846355
0.0912063
0.0975903
0.103752
0.109653
0.115256
0.12052
0.125404
0.129867
0.133865
0.137357
0.140301
0.142657
0.144385
0.145448
0.145811
0.145444
0.144318
0.142411
0.139703
0.13618
0.131833
0.12666
0.120658
0.11383
0.106248
0.0979774
0.0881976
0.0762392
-0.0433528
-0.0544145
-0.063386
-0.0709038
-0.0777536
-0.0838969
-0.0892897
-0.0939518
-0.0979073
-0.101179
-0.103791
-0.10577
-0.107145
-0.107943
-0.108194
-0.107926
-0.107167
-0.105944
-0.104283
-0.102209
-0.0997465
-0.0969166
-0.0937403
-0.0902371
-0.0864248
-0.0823201
-0.0779383
-0.0732935
-0.0683988
-0.0632665
-0.0579078
-0.0523336
-0.0465542
-0.0405795
-0.0344194
-0.0280836
-0.0215822
-0.0149254
-0.00812414
-0.00118981
0.0058652
0.0130276
0.0202828
0.0276152
0.0350073
0.0424403
0.0498936
0.0573446
0.0647689
0.07214
0.0794292
0.0866057
0.0936365
0.100486
0.107118
0.113492
0.119568
0.125303
0.130652
0.135571
0.140014
0.143935
0.147288
0.150029
0.152113
0.1535
0.15415
0.154028
0.153103
0.151346
0.148735
0.145253
0.14089
0.135639
0.129498
0.122467
0.114621
0.10603
0.0958327
0.0833298
-0.0528342
-0.0642967
-0.0735746
-0.081327
-0.0883686
-0.0946598
-0.100155
-0.104877
-0.10885
-0.112101
-0.114655
-0.116543
-0.117796
-0.118445
-0.118522
-0.118057
-0.117083
-0.115627
-0.11372
-0.111389
-0.108657
-0.105551
-0.102092
-0.0982997
-0.0941943
-0.0897929
-0.0851112
-0.0801639
-0.0749643
-0.0695247
-0.0638563
-0.0579698
-0.051875
-0.0455814
-0.0390984
-0.0324352
-0.0256011
-0.0186057
-0.011459
-0.00417187
0.00324416
0.0107764
0.0184111
0.0261331
0.0339255
0.04177
0.0496462
0.0575317
0.065402
0.0732304
0.0809878
0.0886426
0.0961609
0.103506
0.11064
0.11752
0.124104
0.130346
0.136199
0.141615
0.146543
0.150935
0.15474
0.157908
0.160391
0.162143
0.16312
0.163282
0.162591
0.161016
0.158531
0.155115
0.150754
0.145439
0.139166
0.131934
0.123822
0.114901
0.104268
0.0911934
-0.0631039
-0.0749867
-0.0845842
-0.0925782
-0.0998146
-0.106252
-0.111845
-0.116616
-0.120594
-0.123807
-0.126284
-0.128058
-0.129165
-0.129638
-0.129512
-0.128823
-0.127604
-0.125888
-0.123706
-0.121088
-0.118061
-0.114651
-0.110883
-0.106777
-0.102355
-0.0976341
-0.0926312
-0.0873612
-0.0818376
-0.0760728
-0.0700778
-0.0638629
-0.0574376
-0.0508108
-0.0439911
-0.0369872
-0.0298074
-0.0224606
-0.014956
-0.00730336
0.000486559
0.00840201
0.01643
0.0245561
0.0327642
0.0410366
0.0493533
0.0576922
0.0660291
0.074337
0.0825866
0.0907458
0.0987796
0.10665
0.114318
0.121739
0.128868
0.135656
0.142054
0.148008
0.153467
0.158375
0.162677
0.16632
0.169248
0.171411
0.172759
0.173245
0.172829
0.171473
0.169146
0.165822
0.161485
0.156123
0.149728
0.142299
0.133917
0.124655
0.113568
0.0998931
-0.0742081
-0.0865337
-0.0964652
-0.104709
-0.112143
-0.118726
-0.124409
-0.129218
-0.133185
-0.13634
-0.138717
-0.140352
-0.141284
-0.141551
-0.141192
-0.140247
-0.138751
-0.136742
-0.134252
-0.131316
-0.127963
-0.12422
-0.120114
-0.115668
-0.110904
-0.10584
-0.100493
-0.0948787
-0.0890113
-0.0829025
-0.0765635
-0.0700039
-0.0632328
-0.0562584
-0.0490886
-0.0417309
-0.034193
-0.0264826
-0.018608
-0.0105779
-0.00240196
0.00590917
0.0143435
0.0228874
0.0315259
0.0402419
0.0490161
0.057827
0.0666505
0.0754599
0.0842257
0.0929153
0.101493
0.10992
0.118155
0.126152
0.133864
0.141239
0.148225
0.154764
0.1608
0.166272
0.171122
0.175289
0.178714
0.181337
0.183105
0.183964
0.183867
0.18277
0.180637
0.177437
0.173149
0.167759
0.161254
0.153633
0.144978
0.135366
0.123806
0.109498
-0.0861973
-0.0989911
-0.109273
-0.117776
-0.125411
-0.132136
-0.137901
-0.142735
-0.146672
-0.149746
-0.151996
-0.153462
-0.154187
-0.154215
-0.153588
-0.152349
-0.15054
-0.148201
-0.145369
-0.14208
-0.138367
-0.134259
-0.129785
-0.12497
-0.119835
-0.114401
-0.108687
-0.102706
-0.0964743
-0.0900024
-0.0833015
-0.0763807
-0.0692485
-0.0619123
-0.0543789
-0.046655
-0.038747
-0.0306615
-0.0224056
-0.0139868
-0.00541353
0.00330487
0.0121576
0.0211323
0.0302149
0.0393893
0.0486372
0.0579377
0.0672674
0.0765998
0.0859054
0.0951514
0.104302
0.113316
0.122153
0.130763
0.139098
0.147102
0.154721
0.161892
0.168556
0.174646
0.180097
0.184844
0.188819
0.19196
0.194201
0.195486
0.195757
0.194965
0.193068
0.190028
0.185819
0.180423
0.173823
0.166016
0.157087
0.147115
0.135059
0.120085
-0.0991268
-0.112418
-0.12307
-0.131841
-0.139681
-0.146544
-0.152381
-0.157223
-0.161109
-0.164076
-0.166168
-0.167431
-0.167912
-0.16766
-0.166725
-0.165152
-0.162989
-0.160279
-0.157065
-0.153384
-0.149274
-0.144766
-0.13989
-0.134673
-0.129139
-0.123309
-0.1172
-0.11083
-0.104212
-0.0973572
-0.0902762
-0.0829776
-0.075469
-0.0677569
-0.0598471
-0.0517449
-0.0434555
-0.0349843
-0.0263366
-0.0175189
-0.00853788
0.00059836
0.00988051
0.0192977
0.028837
0.0384837
0.0482204
0.0580274
0.067882
0.0777581
0.0876267
0.0974549
0.107206
0.11684
0.126312
0.135573
0.144572
0.153251
0.16155
0.169405
0.176749
0.183512
0.189624
0.19501
0.199598
0.203316
0.206092
0.20786
0.208556
0.208122
0.206507
0.203669
0.199573
0.194197
0.187521
0.179537
0.170332
0.159989
0.147416
0.131737
-0.113058
-0.12688
-0.137924
-0.146975
-0.155022
-0.162019
-0.167916
-0.172747
-0.176555
-0.179384
-0.181282
-0.182301
-0.182496
-0.18192
-0.180629
-0.178676
-0.176112
-0.172987
-0.169345
-0.16523
-0.160681
-0.155734
-0.15042
-0.144768
-0.138802
-0.132546
-0.126017
-0.119233
-0.112206
-0.104947
-0.097468
-0.089775
-0.0818749
-0.0737732
-0.0654745
-0.0569827
-0.0483014
-0.0394345
-0.0303858
-0.0211599
-0.0117621
-0.00219873
0.0075226
0.0173926
0.0274
0.0375314
0.047771
0.0581002
0.0684972
0.078937
0.0893909
0.0998265
0.110207
0.120491
0.130634
0.140585
0.15029
0.15969
0.168719
0.177311
0.185394
0.192891
0.199726
0.205817
0.211084
0.215447
0.218825
0.221142
0.222325
0.222307
0.221029
0.21844
0.214498
0.209174
0.202442
0.194292
0.184812
0.174088
0.160972
0.144549
-0.128058
-0.142451
-0.153911
-0.163254
-0.171511
-0.178636
-0.184578
-0.189375
-0.193075
-0.195728
-0.19739
-0.198119
-0.197977
-0.197026
-0.195328
-0.192941
-0.189924
-0.186331
-0.182213
-0.177616
-0.172584
-0.167154
-0.161362
-0.155238
-0.148807
-0.142093
-0.135116
-0.127891
-0.120432
-0.11275
-0.104853
-0.0967489
-0.0884426
-0.0799382
-0.0712387
-0.0623467
-0.053264
-0.0439927
-0.0345348
-0.024893
-0.0150706
-0.0050722
0.00509658
0.0154283
0.0259136
0.0365408
0.0472957
0.0581612
0.0691171
0.0801392
0.0912
0.102267
0.113305
0.124271
0.13512
0.145801
0.156255
0.166423
0.176236
0.185621
0.194503
0.202799
0.210425
0.217293
0.223313
0.228394
0.232448
0.235388
0.237129
0.237595
0.236716
0.23443
0.230688
0.225452
0.218691
0.210389
0.200636
0.189521
0.175835
0.158622
-0.144204
-0.159212
-0.171116
-0.180765
-0.189236
-0.196481
-0.202449
-0.207183
-0.210738
-0.213172
-0.214548
-0.214933
-0.214398
-0.213012
-0.210845
-0.207965
-0.204435
-0.200317
-0.195667
-0.190536
-0.18497
-0.179012
-0.172699
-0.166062
-0.15913
-0.151926
-0.14447
-0.136778
-0.128863
-0.120735
-0.112403
-0.103871
-0.0951441
-0.0862244
-0.0771133
-0.0678115
-0.058319
-0.0486358
-0.038762
-0.0286979
-0.0184449
-0.00800514
0.00261764
0.0134182
0.0243894
0.0355217
0.0468027
0.0582172
0.0697466
0.0813685
0.0930562
0.104779
0.1165
0.12818
0.13977
0.151219
0.162468
0.173454
0.184104
0.194343
0.204089
0.213254
0.221744
0.229466
0.236318
0.242201
0.247015
0.250659
0.253039
0.254065
0.253655
0.251736
0.248248
0.243144
0.236385
0.227948
0.217926
0.206409
0.192125
0.174072
-0.161581
-0.177256
-0.189637
-0.199607
-0.208294
-0.215648
-0.221618
-0.226256
-0.229623
-0.231786
-0.232817
-0.232795
-0.231799
-0.22991
-0.227206
-0.223763
-0.219654
-0.214947
-0.209702
-0.203978
-0.197825
-0.191288
-0.184406
-0.177215
-0.169742
-0.162013
-0.154047
-0.14586
-0.137465
-0.12887
-0.120083
-0.111108
-0.101947
-0.0926001
-0.0830676
-0.0733477
-0.0634384
-0.0533373
-0.0430423
-0.0325513
-0.0218633
-0.010978
0.000103458
0.0113782
0.0228413
0.0344858
0.0463017
0.0582759
0.0703918
0.0826288
0.0949622
0.107362
0.119793
0.132216
0.144582
0.15684
0.168929
0.180783
0.192328
0.203484
0.214162
0.224269
0.233704
0.242363
0.250137
0.256912
0.262577
0.267019
0.270129
0.271802
0.271942
0.270464
0.267293
0.262372
0.255652
0.247103
0.236818
0.22489
0.209975
0.191026
-0.180286
-0.196689
-0.209584
-0.219891
-0.228794
-0.236243
-0.242188
-0.246688
-0.249814
-0.251644
-0.252262
-0.251758
-0.250225
-0.247753
-0.244433
-0.24035
-0.235586
-0.230216
-0.224309
-0.217927
-0.211126
-0.203954
-0.196454
-0.188662
-0.180608
-0.172317
-0.163809
-0.155098
-0.146198
-0.137115
-0.127856
-0.118422
-0.108813
-0.0990291
-0.0890665
-0.0789217
-0.0685901
-0.0580669
-0.0473473
-0.0364268
-0.0253014
-0.0139683
-0.00242579
0.00932596
0.0212849
0.0334466
0.0458038
0.0583461
0.0710592
0.083925
0.0969206
0.110018
0.123184
0.136378
0.149555
0.162662
0.175637
0.188411
0.20091
0.213047
0.22473
0.235859
0.246325
0.256013
0.264804
0.272572
0.279192
0.284536
0.288477
0.290897
0.291682
0.290729
0.28795
0.283273
0.276638
0.268004
0.257465
0.245115
0.229535
0.209627
-0.200428
-0.21763
-0.231082
-0.241745
-0.250864
-0.258389
-0.264273
-0.268584
-0.271406
-0.272829
-0.272952
-0.27188
-0.269718
-0.266573
-0.262546
-0.257734
-0.252229
-0.246115
-0.239469
-0.232359
-0.224844
-0.216978
-0.208806
-0.200365
-0.191686
-0.182794
-0.17371
-0.164448
-0.155017
-0.145426
-0.135676
-0.125768
-0.115701
-0.10547
-0.0950705
-0.0844957
-0.0737382
-0.0627907
-0.0516453
-0.0402947
-0.0287319
-0.0169511
-0.00494755
0.00728171
0.0197377
0.032419
0.0453215
0.0584377
0.0717562
0.0852618
0.098934
0.112747
0.12667
0.140665
0.154685
0.168679
0.182586
0.196334
0.209847
0.223034
0.235799
0.248033
0.259622
0.270439
0.280353
0.289226
0.296916
0.303278
0.308169
0.311449
0.312986
0.312658
0.310359
0.305999
0.299503
0.290819
0.280039
0.267257
0.250974
0.230036
-0.222136
-0.240219
-0.254277
-0.265314
-0.274647
-0.282224
-0.288002
-0.292062
-0.294502
-0.29543
-0.294962
-0.293219
-0.290324
-0.286399
-0.281561
-0.275919
-0.269578
-0.26263
-0.255159
-0.247242
-0.238943
-0.230318
-0.221415
-0.212274
-0.202925
-0.193394
-0.1837
-0.173856
-0.163871
-0.15375
-0.143493
-0.133099
-0.122562
-0.111877
-0.101036
-0.0900277
-0.0788431
-0.0674712
-0.0559012
-0.0441224
-0.0321248
-0.019899
-0.00743707
0.0052674
0.0182188
0.0314193
0.0448681
0.0585611
0.0724905
0.0866441
0.101005
0.11555
0.13025
0.14507
0.159966
0.174886
0.189769
0.204545
0.219134
0.233442
0.247369
0.260799
0.273609
0.285664
0.296818
0.306918
0.315807
0.323319
0.329292
0.333564
0.335979
0.336392
0.334675
0.330719
0.324428
0.315738
0.304735
0.291512
0.274483
0.252434
-0.245554
-0.264616
-0.279336
-0.290768
-0.300307
-0.307904
-0.31352
-0.317252
-0.319219
-0.319546
-0.318371
-0.315836
-0.312086
-0.307259
-0.301491
-0.294905
-0.287618
-0.279734
-0.271347
-0.262537
-0.253376
-0.243923
-0.234228
-0.224332
-0.214266
-0.204055
-0.193717
-0.183263
-0.1727
-0.16203
-0.151251
-0.140359
-0.129345
-0.118201
-0.106914
-0.0954719
-0.0838612
-0.0720676
-0.0600767
-0.0478745
-0.0354473
-0.0227823
-0.00986766
0.00330665
0.0167489
0.0304649
0.0444578
0.0587274
0.0732697
0.0880764
0.103134
0.118423
0.133919
0.149587
0.165388
0.181271
0.197176
0.213034
0.228761
0.244264
0.259436
0.274158
0.288295
0.301704
0.314225
0.32569
0.335921
0.344733
0.35194
0.357353
0.360792
0.362083
0.361071
0.357622
0.351618
0.342974
0.331773
0.318103
0.30028
0.277027
-0.270854
-0.291008
-0.306455
-0.318304
-0.328037
-0.335611
-0.340995
-0.344304
-0.345682
-0.345281
-0.343262
-0.339794
-0.335045
-0.329176
-0.32234
-0.31468
-0.306326
-0.297394
-0.287987
-0.278192
-0.268086
-0.257731
-0.24718
-0.236473
-0.225642
-0.21471
-0.203694
-0.192602
-0.181438
-0.170202
-0.158888
-0.147488
-0.135992
-0.124385
-0.112653
-0.100779
-0.0887459
-0.076536
-0.0641311
-0.0515133
-0.038665
-0.0255695
-0.0122111
0.00142436
0.0153492
0.0295736
0.0441049
0.0589473
0.074101
0.0895623
0.105322
0.121365
0.13767
0.154207
0.17094
0.18782
0.204791
0.221782
0.238712
0.255485
0.271991
0.288103
0.303683
0.318572
0.332599
0.345579
0.357313
0.367594
0.376208
0.382937
0.387569
0.389898
0.389738
0.386921
0.381303
0.372774
0.361406
0.347285
0.328615
0.304051
-0.298236
-0.319616
-0.335864
-0.34815
-0.358059
-0.365553
-0.370614
-0.373384
-0.374035
-0.37275
-0.369724
-0.365155
-0.359239
-0.352164
-0.344106
-0.335226
-0.325669
-0.315564
-0.305024
-0.294144
-0.283004
-0.27167
-0.260195
-0.24862
-0.236975
-0.225282
-0.213555
-0.201798
-0.190013
-0.178196
-0.166336
-0.154423
-0.14244
-0.130371
-0.118196
-0.105896
-0.0934476
-0.0808302
-0.0680214
-0.054999
-0.0417415
-0.0282279
-0.0144382
-0.000353873
0.0140419
0.0287637
0.0438238
0.059231
0.0749907
0.0911039
0.107566
0.124368
0.141493
0.158916
0.176605
0.194515
0.212592
0.230769
0.248965
0.267084
0.285013
0.302623
0.319764
0.336271
0.351956
0.366618
0.380036
0.391976
0.402195
0.410441
0.416464
0.420022
0.420887
0.418855
0.413744
0.405414
0.393924
0.37935
0.359773
0.333775
-0.327935
-0.3507
-0.367834
-0.380577
-0.390632
-0.397971
-0.402595
-0.404678
-0.404431
-0.402076
-0.397847
-0.391979
-0.384702
-0.376233
-0.366774
-0.356508
-0.345597
-0.334183
-0.322388
-0.310314
-0.298046
-0.285651
-0.273184
-0.260683
-0.248177
-0.235684
-0.223214
-0.210769
-0.198346
-0.185935
-0.173522
-0.161092
-0.148624
-0.136096
-0.123486
-0.110767
-0.0979144
-0.0849019
-0.0717028
-0.0582907
-0.0446396
-0.0307239
-0.0165192
-0.00200232
0.0128485
0.0280527
0.0436277
0.0595877
0.0759433
0.0927013
0.109863
0.127425
0.145376
0.163697
0.18236
0.201328
0.22055
0.239962
0.259488
0.27903
0.298475
0.317691
0.336523
0.354793
0.372303
0.388831
0.404134
0.417949
0.429999
0.439995
0.447643
0.452655
0.454755
0.453693
0.449239
0.441217
0.429662
0.414639
0.394089
0.366511
-0.360234
-0.384571
-0.402689
-0.415905
-0.426061
-0.433146
-0.437185
-0.438398
-0.437042
-0.433391
-0.427724
-0.420323
-0.411457
-0.401377
-0.390316
-0.378478
-0.366045
-0.353172
-0.33999
-0.326609
-0.313114
-0.299576
-0.286046
-0.272562
-0.259148
-0.245819
-0.232579
-0.219425
-0.20635
-0.193337
-0.180368
-0.167422
-0.154473
-0.141495
-0.128459
-0.115335
-0.102093
-0.0887015
-0.0751299
-0.0613469
-0.0473218
-0.0330242
-0.018425
-0.00349591
0.0117898
0.027457
0.0435285
0.0600242
0.0769609
0.0943515
0.112204
0.130521
0.149298
0.168524
0.188177
0.208227
0.228628
0.249322
0.270237
0.291279
0.312335
0.333271
0.353928
0.374119
0.393633
0.41223
0.429642
0.445576
0.459718
0.471734
0.481281
0.488015
0.491604
0.491737
0.488129
0.480551
0.469009
0.453549
0.431951
0.402622
-0.39547
-0.421604
-0.440816
-0.454514
-0.464705
-0.471403
-0.474669
-0.47478
-0.472056
-0.466832
-0.459447
-0.450236
-0.439515
-0.427576
-0.414683
-0.401066
-0.386927
-0.372433
-0.357724
-0.342915
-0.328093
-0.313327
-0.298666
-0.284143
-0.269778
-0.25558
-0.241546
-0.227669
-0.213931
-0.200314
-0.186791
-0.173335
-0.159915
-0.146499
-0.133052
-0.119541
-0.105929
-0.0921794
-0.0782574
-0.0641266
-0.0497512
-0.0350963
-0.0201274
-0.00481108
0.0108848
0.0269907
0.0435353
0.0605449
0.0780425
0.096048
0.114577
0.133638
0.153237
0.173369
0.194021
0.215169
0.236778
0.258797
0.281158
0.303774
0.326535
0.349308
0.37193
0.394209
0.415922
0.43681
0.456581
0.474911
0.491442
0.505792
0.517561
0.52634
0.531724
0.533331
0.530803
0.523846
0.512422
0.496548
0.473818
0.442535
-0.434052
-0.46225
-0.482681
-0.496859
-0.50699
-0.513122
-0.515372
-0.514088
-0.509674
-0.502541
-0.493101
-0.481753
-0.468869
-0.454786
-0.439804
-0.424179
-0.408131
-0.391843
-0.37546
-0.359098
-0.342847
-0.32677
-0.310912
-0.2953
-0.279946
-0.264851
-0.250006
-0.235395
-0.220993
-0.206774
-0.192705
-0.178751
-0.164875
-0.151039
-0.137203
-0.123326
-0.109368
-0.0952864
-0.0810408
-0.0665899
-0.051893
-0.0369098
-0.0216006
-0.00592676
0.0101496
0.026665
0.0436542
0.06115
0.0791827
0.0977793
0.116963
0.136753
0.157161
0.178192
0.199844
0.222103
0.244943
0.268321
0.292181
0.316442
0.341
0.365727
0.39046
0.415003
0.439122
0.462545
0.484953
0.505989
0.525251
0.542302
0.556675
0.567883
0.575437
0.578863
0.577711
0.571601
0.560436
0.544189
0.520234
0.486756
-0.476479
-0.507063
-0.528854
-0.543492
-0.553422
-0.558751
-0.559667
-0.556619
-0.550114
-0.540661
-0.528762
-0.514892
-0.499488
-0.482937
-0.465576
-0.447691
-0.429518
-0.411251
-0.393041
-0.375002
-0.35722
-0.339753
-0.322637
-0.305891
-0.289517
-0.273506
-0.257841
-0.242493
-0.227433
-0.212622
-0.198021
-0.183588
-0.169278
-0.155047
-0.140847
-0.126634
-0.112359
-0.0979756
-0.0834381
-0.0686999
-0.0537147
-0.0384372
-0.0228222
-0.00682543
0.00959679
0.026487
0.0438866
0.0618353
0.0803709
0.0995284
0.11934
0.139833
0.16103
0.182947
0.205593
0.228965
0.253048
0.277815
0.303218
0.329188
0.355633
0.38243
0.409421
0.43641
0.463159
0.489379
0.514732
0.538824
0.561207
0.581385
0.598812
0.612913
0.623094
0.62877
0.629371
0.624403
0.613689
0.597135
0.571852
0.535889
-0.523367
-0.556726
-0.580034
-0.595079
-0.604609
-0.608812
-0.60798
-0.602696
-0.593601
-0.581327
-0.566485
-0.549642
-0.531305
-0.511918
-0.491859
-0.471439
-0.450911
-0.430474
-0.410281
-0.390442
-0.371033
-0.352104
-0.333679
-0.315763
-0.298348
-0.281411
-0.264924
-0.248849
-0.233143
-0.21776
-0.202651
-0.187765
-0.17305
-0.158454
-0.143924
-0.129407
-0.114851
-0.100203
-0.085411
-0.0704231
-0.0551882
-0.0396554
-0.0237741
-0.00749422
0.00923373
0.0264587
0.0442286
0.0625907
0.0815904
0.101271
0.121675
0.142839
0.164797
0.187577
0.211199
0.235676
0.261008
0.28718
0.314161
0.341897
0.37031
0.399288
0.428685
0.458309
0.48792
0.517221
0.545854
0.573393
0.599345
0.623143
0.644159
0.661712
0.675083
0.683546
0.686382
0.682945
0.672942
0.656186
0.629465
0.590665
-0.575483
-0.61209
-0.637083
-0.652437
-0.661277
-0.663918
-0.660795
-0.652674
-0.640366
-0.624659
-0.606296
-0.585948
-0.564207
-0.541573
-0.518464
-0.495216
-0.472091
-0.449291
-0.426962
-0.405206
-0.384084
-0.363631
-0.343856
-0.324748
-0.306283
-0.288424
-0.271127
-0.254343
-0.238016
-0.222089
-0.206504
-0.1912
-0.176118
-0.161196
-0.146376
-0.131597
-0.116801
-0.10193
-0.0869256
-0.0717315
-0.0562906
-0.0405467
-0.0244438
-0.00792605
0.00906201
0.0265757
0.0446699
0.0633991
0.0828172
0.102977
0.123929
0.145722
0.168402
0.192011
0.216582
0.242145
0.268716
0.296298
0.324879
0.354426
0.384878
0.416141
0.448086
0.480532
0.513246
0.545928
0.578208
0.60963
0.639654
0.667647
0.692885
0.714564
0.731818
0.743746
0.749436
0.748044
0.739114
0.722318
0.694043
0.651978
-0.633793
-0.674228
-0.701083
-0.716572
-0.724305
-0.724786
-0.718659
-0.706927
-0.690628
-0.670743
-0.648169
-0.623702
-0.598019
-0.571683
-0.545145
-0.518759
-0.492792
-0.467438
-0.44283
-0.419051
-0.396145
-0.374123
-0.352974
-0.332668
-0.31316
-0.294396
-0.276316
-0.258855
-0.241944
-0.225514
-0.209496
-0.193819
-0.178414
-0.163213
-0.148149
-0.133156
-0.118168
-0.103122
-0.0879547
-0.0726031
-0.0570054
-0.0411001
-0.0248256
-0.00812073
0.00907614
0.0268266
0.0451926
0.0642361
0.0840192
0.104604
0.126052
0.148423
0.171777
0.196168
0.221648
0.248263
0.276048
0.30503
0.335218
0.366603
0.399148
0.432788
0.467412
0.502864
0.538924
0.575301
0.611619
0.647403
0.68207
0.714918
0.745123
0.771744
0.793737
0.809987
0.819336
0.820675
0.813319
0.796735
0.766792
0.720937
-0.699532
-0.744507
-0.773398
-0.788726
-0.794751
-0.792253
-0.782175
-0.765842
-0.744581
-0.719609
-0.692009
-0.662711
-0.632485
-0.601948
-0.57158
-0.541741
-0.51269
-0.484603
-0.457588
-0.431703
-0.406961
-0.383347
-0.360823
-0.339332
-0.318808
-0.299175
-0.280355
-0.262264
-0.24482
-0.22794
-0.211543
-0.195548
-0.179876
-0.164452
-0.149199
-0.134046
-0.118922
-0.103755
-0.0884786
-0.0730239
-0.057324
-0.0413122
-0.0249218
-0.00808595
0.00926267
0.027192
0.0457707
0.0650684
0.0851558
0.106104
0.127986
0.150874
0.174839
0.199954
0.226288
0.253904
0.282863
0.313214
0.344994
0.378223
0.412897
0.448981
0.4864
0.525027
0.564672
0.605062
0.645831
0.686496
0.726442
0.764903
0.800952
0.833496
0.861287
0.882949
0.897006
0.902001
0.896924
0.880936
0.84923
0.798933
-0.7743
-0.824699
-0.85577
-0.870454
-0.873892
-0.867285
-0.851999
-0.829793
-0.802358
-0.771201
-0.737617
-0.702679
-0.667245
-0.631976
-0.597365
-0.563762
-0.5314
-0.500423
-0.470902
-0.442854
-0.416256
-0.391055
-0.36718
-0.344544
-0.323054
-0.302609
-0.28311
-0.264454
-0.246544
-0.229281
-0.212571
-0.196324
-0.180451
-0.164866
-0.149489
-0.134239
-0.119038
-0.103812
-0.0884865
-0.0729887
-0.0572466
-0.0411887
-0.0247432
-0.00783814
0.00959943
0.0276434
0.0463693
0.065854
0.0861766
0.107418
0.129661
0.152992
0.177496
0.203261
0.230375
0.258925
0.288995
0.320661
0.353994
0.389047
0.425856
0.464426
0.504727
0.546677
0.590126
0.634842
0.680485
0.726583
0.772506
0.817439
0.860355
0.900003
0.934902
0.96336
0.983503
0.99341
0.991611
0.976814
0.943296
0.887746
-0.860205
-0.917131
-0.950446
-0.9637
-0.963267
-0.950983
-0.928816
-0.899099
-0.863988
-0.825329
-0.784648
-0.743163
-0.701803
-0.661252
-0.62199
-0.584333
-0.548467
-0.514481
-0.482393
-0.452166
-0.423728
-0.396981
-0.371813
-0.348102
-0.325722
-0.304547
-0.284452
-0.265315
-0.247021
-0.229457
-0.212514
-0.196093
-0.180093
-0.164422
-0.148991
-0.133713
-0.118505
-0.103286
-0.0879774
-0.072502
-0.0567831
-0.0407446
-0.0243103
-0.00740305
0.010055
0.0281436
0.0469443
0.0665414
0.0870221
0.108477
0.130999
0.154687
0.179641
0.205967
0.233772
0.263166
0.29426
0.327162
0.361977
0.3988
0.437713
0.478773
0.522004
0.567385
0.614829
0.664161
0.715094
0.767195
0.819848
0.87221
0.923177
0.971337
1.01496
1.05198
1.08002
1.09656
1.09947
1.08679
1.05151
0.989693
-0.960084
-1.02491
-1.06036
-1.07092
-1.06472
-1.04457
-1.01329
-0.973969
-0.929328
-0.881603
-0.832558
-0.783533
-0.735497
-0.689119
-0.644829
-0.602873
-0.56336
-0.526302
-0.491641
-0.459271
-0.429058
-0.40085
-0.374486
-0.349804
-0.326642
-0.304844
-0.28426
-0.264746
-0.246169
-0.2284
-0.211318
-0.194811
-0.178771
-0.163096
-0.14769
-0.132461
-0.11732
-0.102181
-0.0869614
-0.0715791
-0.0559538
-0.0400053
-0.0236531
-0.00681611
0.0105885
0.0286455
0.0474425
0.0670703
0.0876237
0.109202
0.13191
0.155857
0.181159
0.207939
0.236325
0.26645
0.298454
0.33248
0.368672
0.407171
0.448112
0.491615
0.537773
0.58664
0.638214
0.692407
0.749016
0.807685
0.867851
0.92869
0.989048
1.04738
1.1017
1.14953
1.18788
1.21342
1.22312
1.214
1.17721
1.10785
-1.07784
-1.15228
-1.1894
-1.19519
-1.18042
-1.14935
-1.10598
-1.05439
-0.997962
-0.93935
-0.880531
-0.822917
-0.76746
-0.714753
-0.665121
-0.618697
-0.575475
-0.535358
-0.49819
-0.463779
-0.431915
-0.402382
-0.374964
-0.349454
-0.325651
-0.303367
-0.282425
-0.26266
-0.243918
-0.226057
-0.208943
-0.192451
-0.176466
-0.160879
-0.145585
-0.130489
-0.115495
-0.100514
-0.0854599
-0.0702464
-0.0547896
-0.0390062
-0.022812
-0.00612232
0.0111498
0.0290936
0.0478018
0.0673714
0.0879041
0.109508
0.132296
0.156392
0.181925
0.209034
0.237868
0.268587
0.301358
0.336361
0.373782
0.413815
0.456654
0.502489
0.551499
0.603833
0.659595
0.718818
0.781425
0.847184
0.915643
0.98606
1.0573
1.12774
1.19515
1.25663
1.30846
1.34628
1.36582
1.36255
1.3249
1.24643
-1.21903
-1.30513
-1.34274
-1.34039
-1.31286
-1.26658
-1.2072
-1.13997
-1.06906
-0.997495
-0.927393
-0.860142
-0.796579
-0.737136
-0.681963
-0.631017
-0.584133
-0.541072
-0.501554
-0.465283
-0.431961
-0.401298
-0.37302
-0.346868
-0.322601
-0.299998
-0.278855
-0.258985
-0.240217
-0.222391
-0.205364
-0.189
-0.173175
-0.157774
-0.142688
-0.127813
-0.113053
-0.0983141
-0.0835062
-0.0685411
-0.0533321
-0.0377928
-0.0218367
-0.00537575
0.0116801
0.0294238
0.0479526
0.0673685
0.0877793
0.1093
0.132055
0.156175
0.181805
0.2091
0.23823
0.269376
0.302739
0.338533
0.37699
0.418358
0.462897
0.51088
0.562579
0.61826
0.678161
0.742469
0.811282
0.884553
0.962024
1.04312
1.12684
1.21157
1.29494
1.37362
1.44312
1.49779
1.53165
1.53789
1.50082
1.41134
-1.39182
-1.49187
-1.52735
-1.51133
-1.46476
-1.39731
-1.31673
-1.22972
-1.14118
-1.05442
-0.971508
-0.893664
-0.821459
-0.755045
-0.694302
-0.638943
-0.588592
-0.542831
-0.501231
-0.463375
-0.428867
-0.397336
-0.368444
-0.34188
-0.317364
-0.294641
-0.27348
-0.253673
-0.235032
-0.217385
-0.200576
-0.184462
-0.168911
-0.153803
-0.139023
-0.124466
-0.110031
-0.095621
-0.0811446
-0.0665114
-0.0516326
-0.0364202
-0.0207855
-0.00463858
0.0121131
0.0295654
0.0478188
0.0669793
0.0871599
0.108482
0.131076
0.155085
0.180664
0.207984
0.237231
0.268613
0.302357
0.338715
0.377963
0.420406
0.466375
0.516228
0.570347
0.629128
0.692971
0.762257
0.83731
0.918347
1.0054
1.09819
1.19598
1.29738
1.40002
1.5003
1.59293
1.67077
1.72561
1.7473
1.71378
1.61125
-1.60875
-1.72473
-1.75261
-1.71379
-1.63881
-1.5419
-1.43346
-1.32168
-1.21203
-1.10776
-1.01067
-0.921514
-0.8404
-0.767046
-0.70095
-0.641504
-0.588066
-0.540004
-0.49672
-0.457661
-0.422323
-0.390256
-0.361054
-0.334356
-0.309842
-0.287226
-0.266253
-0.246697
-0.228354
-0.211041
-0.194593
-0.178859
-0.163704
-0.149001
-0.134634
-0.120493
-0.106477
-0.0924871
-0.0784302
-0.0642149
-0.0497516
-0.0349513
-0.0197243
-0.00397952
0.0123769
0.0294426
0.0473202
0.0661185
0.0859541
0.106953
0.129253
0.153002
0.178368
0.205532
0.234699
0.266096
0.299977
0.336628
0.376369
0.41956
0.466602
0.517946
0.574087
0.635568
0.702972
0.77691
0.857991
0.946776
1.0437
1.14895
1.26229
1.38277
1.50837
1.6355
1.75828
1.86801
1.95373
2.00055
1.97658
1.85937
-1.89009
-2.0219
-2.03106
-1.95436
-1.83702
-1.69938
-1.55475
-1.41249
-1.2781
-1.15428
-1.04201
-0.941255
-0.85139
-0.771512
-0.700612
-0.637679
-0.581758
-0.531976
-0.487548
-0.44778
-0.412062
-0.37986
-0.350707
-0.324196
-0.29997
-0.277717
-0.257161
-0.23806
-0.220199
-0.203385
-0.187449
-0.172234
-0.1576
-0.14342
-0.129574
-0.115952
-0.102452
-0.0889749
-0.0754273
-0.0617178
-0.0477568
-0.0334555
-0.0187242
-0.00347172
0.012396
0.0289771
0.0463751
0.0647002
0.0840712
0.104617
0.126478
0.149811
0.174787
0.201601
0.230468
0.261633
0.295374
0.332004
0.371885
0.415428
0.463101
0.515442
0.573065
0.636665
0.707025
0.785014
0.871576
0.9677
1.07436
1.19239
1.32233
1.46409
1.61646
1.77645
1.93814
2.0916
2.22282
2.31062
2.30813
2.17695
-2.27059
-2.41092
-2.37888
-2.23954
-2.05945
-1.8662
-1.67545
-1.49669
-1.33433
-1.18956
-1.06189
-0.949975
-0.852145
-0.766677
-0.691936
-0.626446
-0.568903
-0.518177
-0.473298
-0.433432
-0.39787
-0.366003
-0.337311
-0.311347
-0.287725
-0.266113
-0.246219
-0.227791
-0.210607
-0.194468
-0.1792
-0.164645
-0.150663
-0.137125
-0.123911
-0.110912
-0.098026
-0.0851555
-0.0722076
-0.0590922
-0.045721
-0.0320062
-0.0178594
-0.00319034
0.012094
0.0280909
0.0449035
0.0626417
0.0814245
0.101382
0.122656
0.145405
0.169807
0.19606
0.224391
0.255054
0.288346
0.324605
0.364222
0.407651
0.455422
0.508153
0.566565
0.631504
0.703955
0.785059
0.876132
0.978658
1.09427
1.22468
1.37151
1.53602
1.71858
1.91776
2.12877
2.34152
2.53955
2.69419
2.73692
2.60032
-2.81314
-2.93357
-2.81506
-2.57291
-2.3013
-2.03394
-1.7864
-1.56585
-1.37359
-1.20791
-1.06588
-0.944311
-0.840152
-0.750686
-0.673569
-0.606824
-0.548797
-0.498111
-0.453624
-0.414383
-0.379595
-0.348594
-0.320819
-0.295795
-0.273118
-0.252443
-0.233472
-0.215945
-0.199638
-0.184353
-0.169914
-0.156165
-0.142967
-0.13019
-0.11772
-0.105448
-0.0932745
-0.0811042
-0.0688464
-0.0564134
-0.0437193
-0.0306785
-0.017205
-0.00321075
0.011395
0.0267074
0.0428274
0.0598632
0.077932
0.0971621
0.117695
0.13969
0.163323
0.188796
0.216337
0.246211
0.278721
0.31422
0.353121
0.395911
0.443163
0.495559
0.553914
0.619202
0.692593
0.775496
0.869598
0.976914
1.09983
1.24109
1.40378
1.59109
1.80589
2.04981
2.32129
2.61265
2.90749
3.17069
3.30595
3.19487
-3.6321
-3.65031
-3.35765
-2.95029
-2.54885
-2.18662
-1.87296
-1.60795
-1.38662
-1.20243
-1.04899
-0.920711
-0.81292
-0.721811
-0.644324
-0.57801
-0.520906
-0.471432
-0.428314
-0.390515
-0.357186
-0.327626
-0.301256
-0.277588
-0.256213
-0.236782
-0.218998
-0.202604
-0.187379
-0.173128
-0.159679
-0.14688
-0.134595
-0.122701
-0.111085
-0.0996425
-0.0882779
-0.0768998
-0.0654209
-0.0537572
-0.041826
-0.0295454
-0.0168327
-0.00360352
0.0102294
0.0247578
0.0400787
0.0562968
0.0735254
0.0918892
0.111526
0.132591
0.155257
0.179723
0.206216
0.234999
0.266375
0.300702
0.338402
0.379976
0.426021
0.477261
0.534571
0.599021
0.671926
0.754913
0.850004
0.959717
1.08719
1.23633
1.41189
1.61958
1.86589
2.15741
2.49909
2.89069
3.32213
3.7584
4.0768
4.07837
-4.93394
-4.64064
-4.01645
-3.35562
-2.77797
-2.30082
-1.9162
-1.60908
-1.36375
-1.16669
-1.0071
-0.87664
-0.768962
-0.679252
-0.603845
-0.539928
-0.485326
-0.43834
-0.397627
-0.362115
-0.33094
-0.3034
-0.278915
-0.257008
-0.237276
-0.219381
-0.203036
-0.187993
-0.174039
-0.160988
-0.148676
-0.136959
-0.125707
-0.114802
-0.104138
-0.0936176
-0.0831484
-0.0726446
-0.0620238
-0.0512065
-0.0401147
-0.028671
-0.0167975
-0.00441422
0.00856122
0.0222155
0.0366407
0.0519359
0.0682087
0.0855776
0.104174
0.124146
0.145659
0.168904
0.194099
0.221499
0.2514
0.28415
0.320164
0.359938
0.404072
0.453296
0.508506
0.570816
0.641619
0.722681
0.816255
0.925253
1.05346
1.20585
1.38893
1.61129
1.88396
2.22079
2.63781
3.15048
3.76663
4.46678
5.12953
5.46078
-7.17813
-6.00422
-4.75336
-3.73052
-2.93577
-2.3356
-1.88772
-1.55092
-1.29373
-1.09405
-0.936456
-0.810108
-0.707352
-0.622708
-0.552185
-0.492827
-0.442411
-0.399234
-0.361973
-0.329588
-0.301248
-0.276281
-0.25414
-0.234373
-0.216604
-0.200516
-0.185839
-0.172344
-0.159833
-0.148132
-0.137089
-0.12657
-0.116455
-0.106635
-0.0970114
-0.0874929
-0.0779947
-0.0684369
-0.0587431
-0.0488397
-0.0386541
-0.0281147
-0.017149
-0.00568291
0.00636008
0.0190604
0.0325036
0.0467815
0.0619943
0.0782518
0.0956764
0.114405
0.134593
0.156418
0.180084
0.205828
0.233928
0.264712
0.298572
0.335978
0.377501
0.423844
0.475873
0.534678
0.601642
0.678543
0.767704
0.872202
0.996185
1.14533
1.32756
1.55404
1.84066
2.2101
2.69466
3.33686
4.18015
5.25641
6.56567
7.80735
-11.5602
-7.80268
-5.29308
-3.82
-2.84178
-2.17229
-1.71136
-1.38442
-1.14419
-0.962315
-0.821129
-0.709158
-0.618739
-0.544611
-0.483055
-0.431373
-0.38756
-0.3501
-0.317821
-0.289804
-0.265319
-0.243777
-0.224696
-0.207679
-0.192395
-0.178566
-0.165954
-0.154357
-0.143598
-0.133525
-0.124003
-0.114912
-0.106145
-0.0976047
-0.0892034
-0.0808591
-0.0724959
-0.0640419
-0.0554285
-0.0465894
-0.0374595
-0.027974
-0.0180678
-0.00767428
0.00327535
0.0148534
0.0271366
0.0402072
0.054155
0.0690781
0.0850857
0.1023
0.120859
0.140921
0.162666
0.186305
0.212084
0.240294
0.271281
0.305462
0.343341
0.38554
0.432831
0.486184
0.546835
0.616387
0.696952
0.791369
0.903539
1.03896
1.2056
1.41537
1.68652
2.04824
2.54904
3.26601
4.30364
5.85008
8.4499
12.3182
-18.9699
-9.55627
-5.06815
-3.2474
-2.28439
-1.70023
-1.32934
-1.07809
-0.896657
-0.759574
-0.652648
-0.567232
-0.497734
-0.440362
-0.392436
-0.351998
-0.317583
-0.288068
-0.262577
-0.240416
-0.221026
-0.203955
-0.188826
-0.175329
-0.1632
-0.152218
-0.142191
-0.132955
-0.124367
-0.116301
-0.108644
-0.101299
-0.0941741
-0.0871893
-0.0802694
-0.0733455
-0.0663528
-0.05923
-0.0519185
-0.0443615
-0.0365029
-0.0282875
-0.0196593
-0.0105612
-0.000934344
0.00928297
0.020156
0.0317546
0.0441546
0.0574386
0.071698
0.0870348
0.103564
0.121414
0.140736
0.1617
0.184505
0.209387
0.236623
0.266543
0.299547
0.336122
0.376867
0.42253
0.474057
0.532663
0.599934
0.677983
0.769703
0.879161
1.01232
1.1783
1.39196
1.67956
2.09194
2.72596
3.75691
5.67365
10.2794
19.8164
)
;

boundaryField
{
    movingWall
    {
        type            zeroGradient;
    }
    fixedWalls
    {
        type            zeroGradient;
    }
    frontAndBack
    {
        type            empty;
    }
}


// ************************************************************************* //
