/*--------------------------------*- C++ -*----------------------------------*\
  =========                 |
  \\      /  F ield         | OpenFOAM: The Open Source CFD Toolbox
   \\    /   O peration     | Website:  https://openfoam.org
    \\  /    A nd           | Version:  7
     \\/     M anipulation  |
\*---------------------------------------------------------------------------*/
FoamFile
{
    version     2.0;
    format      ascii;
    class       volScalarField;
    location    "0.375";
    object      p;
}
// * * * * * * * * * * * * * * * * * * * * * * * * * * * * * * * * * * * * * //

dimensions      [0 2 -2 0 0 0 0];

internalField   nonuniform List<scalar> 
6400
(
6.64437e-06
2.36254e-05
-0.00048238
-0.00151527
-0.00295773
-0.00469953
-0.00664034
-0.00869062
-0.0107731
-0.0128225
-0.0147836
-0.0166102
-0.018264
-0.0197132
-0.0209319
-0.0218995
-0.0225999
-0.0230208
-0.0231537
-0.0229932
-0.0225369
-0.0217848
-0.0207394
-0.0194053
-0.0177888
-0.0158983
-0.0137436
-0.0113359
-0.00868798
-0.0058136
-0.00272781
0.000553357
0.00401292
0.007633
0.0113949
0.0152794
0.0192663
0.0233351
0.0274646
0.0316335
0.0358198
0.0400015
0.0441564
0.0482621
0.0522965
0.0562374
0.060063
0.063752
0.0672833
0.0706368
0.0737931
0.0767336
0.0794409
0.0818991
0.0840934
0.0860109
0.0876403
0.0889725
0.0900005
0.0907196
0.091128
0.0912266
0.0910193
0.0905136
0.0897205
0.088655
0.0873366
0.0857892
0.0840424
0.0821313
0.0800977
0.0779907
0.0758679
0.0737964
0.0718536
0.0701281
0.0687167
0.0677235
0.0672552
0.0672925
-5.22873e-07
1.32371e-05
-0.00044036
-0.00132375
-0.00253768
-0.00400295
-0.00564367
-0.00738748
-0.00916912
-0.0109313
-0.0126245
-0.014206
-0.0156398
-0.0168957
-0.0179485
-0.0187779
-0.0193676
-0.019705
-0.0197813
-0.0195902
-0.0191285
-0.0183954
-0.0173924
-0.0161229
-0.0145925
-0.0128082
-0.0107787
-0.00851425
-0.00602625
-0.00332739
-0.000431472
0.00264667
0.00589128
0.00928573
0.0128126
0.0164539
0.0201908
0.024004
0.0278738
0.0317801
0.0357025
0.0396201
0.0435124
0.0473583
0.0511372
0.0548284
0.0584116
0.0618669
0.0651749
0.0683169
0.071275
0.0740321
0.0765725
0.0788814
0.0809457
0.0827536
0.0842954
0.085563
0.0865506
0.0872547
0.0876743
0.087811
0.0876696
0.0872578
0.086587
0.0856721
0.0845321
0.0831905
0.0816753
0.0800197
0.0782627
0.0764492
0.0746306
0.0728654
0.0712191
0.069763
0.0685703
0.0677156
0.0672922
0.0673303
0.000506478
0.000468442
1.45448e-05
-0.000801413
-0.00189217
-0.00319443
-0.00464702
-0.00618984
-0.00776729
-0.00932932
-0.0108316
-0.0122356
-0.0135078
-0.01462
-0.0155482
-0.0162729
-0.0167783
-0.0170519
-0.0170847
-0.0168701
-0.0164047
-0.0156868
-0.0147175
-0.0134996
-0.0120376
-0.010338
-0.00840847
-0.00625839
-0.00389827
-0.00133986
0.00140399
0.00431944
0.00739173
0.0106053
0.0139436
0.0173899
0.0209262
0.0245346
0.0281962
0.0318922
0.0356032
0.0393096
0.0429918
0.0466301
0.0502051
0.0536971
0.0570872
0.0603566
0.0634871
0.0664612
0.0692621
0.0718741
0.0742824
0.0764734
0.0784351
0.0801567
0.0816294
0.0828461
0.0838018
0.0844936
0.0849212
0.0850866
0.0849949
0.084654
0.0840752
0.083273
0.0822657
0.0810757
0.0797294
0.0782578
0.0766968
0.0750872
0.0734748
0.0719107
0.0704506
0.0691541
0.0680804
0.0672898
0.0668675
0.0668647
0.00153942
0.0013544
0.000830691
1.14305e-05
-0.0010367
-0.00226012
-0.00360708
-0.00502688
-0.00647188
-0.00789851
-0.00926759
-0.0105444
-0.0116986
-0.0127041
-0.0135387
-0.014184
-0.0146249
-0.0148496
-0.014849
-0.014617
-0.0141495
-0.0134451
-0.0125041
-0.011329
-0.00992376
-0.00829419
-0.00644747
-0.00439216
-0.00213808
0.000303802
0.00292143
0.00570177
0.00863092
0.0116941
0.0148759
0.01816
0.0215299
0.0249681
0.028457
0.0319785
0.0355142
0.0390456
0.042554
0.0460208
0.0494273
0.052755
0.055986
0.0591024
0.062087
0.0649233
0.0675955
0.0700887
0.072389
0.0744838
0.0763617
0.078013
0.0794292
0.0806042
0.0815332
0.0822141
0.0826467
0.0828334
0.0827792
0.0824918
0.0819822
0.0812644
0.0803555
0.0792767
0.0780525
0.0767116
0.0752865
0.0738141
0.0723351
0.0708941
0.0695391
0.0683206
0.0672892
0.0664966
0.0660107
0.0658751
0.00298823
0.00257674
0.00192519
0.00105302
-2.53617e-06
-0.00119665
-0.00248542
-0.00382656
-0.00517982
-0.00650771
-0.00777603
-0.00895408
-0.0100147
-0.0109343
-0.0116927
-0.0122727
-0.0126604
-0.0128447
-0.0128169
-0.0125711
-0.0121035
-0.0114123
-0.0104978
-0.00936204
-0.0080087
-0.00644301
-0.00467164
-0.00270256
-0.000544923
0.00179095
0.00429374
0.00695117
0.00975006
0.0126765
0.0157157
0.0188525
0.0220709
0.0253544
0.0286864
0.0320494
0.0354261
0.0387988
0.0421498
0.0454612
0.0487153
0.0518947
0.054982
0.0579605
0.0608137
0.0635261
0.0660825
0.068469
0.0706724
0.0726809
0.0744837
0.0760717
0.0774372
0.0785743
0.0794788
0.0801487
0.0805841
0.0807874
0.0807635
0.0805198
0.0800667
0.0794173
0.0785878
0.0775975
0.0764692
0.0752287
0.0739056
0.0725326
0.0711455
0.0697831
0.0684862
0.0672974
0.0662598
0.0654174
0.0648113
0.0644637
0.00475077
0.00406245
0.00323991
0.00227456
0.00117019
-3.61219e-05
-0.00130713
-0.00260814
-0.00390558
-0.00516763
-0.00636483
-0.00747042
-0.00846047
-0.00931395
-0.0100127
-0.0105412
-0.0108867
-0.0110391
-0.0109903
-0.0107347
-0.0102688
-0.00959095
-0.00870125
-0.00760158
-0.00629536
-0.00478745
-0.00308407
-0.00119268
0.000878091
0.00311854
0.00551797
0.00806476
0.0107464
0.0135498
0.0164609
0.0194651
0.0225473
0.0256919
0.0288829
0.0321037
0.0353379
0.0385684
0.0417784
0.0449508
0.0480689
0.0511158
0.054075
0.0569307
0.0596671
0.0622693
0.064723
0.0670149
0.0691325
0.0710645
0.0728007
0.0743326
0.0756528
0.0767557
0.0776376
0.0782965
0.0787325
0.0789479
0.0789473
0.0787378
0.0783288
0.0777326
0.0769641
0.0760411
0.0749841
0.0738165
0.0725645
0.0712569
0.0699251
0.0686023
0.0673231
0.0661229
0.0650386
0.0641069
0.0633377
0.062727
0.00673634
0.00574297
0.00471964
0.00362949
0.0024424
0.0011889
-9.92175e-05
-0.00139392
-0.00266766
-0.00389372
-0.00504708
-0.00610472
-0.00704585
-0.00785203
-0.00850719
-0.00899758
-0.00931178
-0.00944058
-0.00937686
-0.00911551
-0.0086533
-0.0079888
-0.00712223
-0.00605536
-0.00479145
-0.00333509
-0.00169216
0.000130262
0.00212402
0.00427992
0.0065878
0.00903664
0.0116146
0.014309
0.0171067
0.0199938
0.0229557
0.0259776
0.0290441
0.0321396
0.0352481
0.0383535
0.0414395
0.04449
0.0474886
0.0504195
0.0532668
0.0560151
0.0586495
0.0611557
0.0635201
0.0657297
0.0677728
0.0696383
0.0713168
0.0727998
0.0740803
0.0751531
0.0760143
0.0766622
0.0770966
0.0773198
0.0773358
0.0771512
0.0767745
0.076217
0.0754922
0.0746162
0.0736075
0.0724869
0.0712774
0.0700045
0.068695
0.0673775
0.0660809
0.0648343
0.0636695
0.0626171
0.0616549
0.0607517
0.00886566
0.00755377
0.00631058
0.00507248
0.00377659
0.00244818
0.00111469
-0.000201682
-0.00147868
-0.00269421
-0.00382727
-0.00485836
-0.00576969
-0.00654534
-0.00717134
-0.00763571
-0.00792841
-0.00804136
-0.00796832
-0.00770483
-0.00724813
-0.00659708
-0.00575207
-0.00471491
-0.00348878
-0.0020781
-0.000488533
0.00127319
0.00319926
0.00528092
0.00750848
0.00987142
0.0123584
0.0149575
0.0176559
0.0204403
0.023297
0.0262116
0.0291695
0.0321557
0.0351547
0.0381512
0.0411295
0.044074
0.0469692
0.0497997
0.0525502
0.0552059
0.0577526
0.0601763
0.062464
0.0646031
0.0665823
0.068391
0.07002
0.071461
0.0727073
0.0737537
0.0745964
0.0752334
0.0756646
0.0758917
0.0759183
0.0757502
0.0753952
0.0748634
0.0741669
0.07332
0.0723393
0.0712431
0.0700517
0.0687869
0.0674721
0.0661312
0.0647884
0.0634672
0.0621956
0.0609992
0.0598243
0.0586141
0.0110717
0.00943736
0.00796322
0.00656097
0.00513685
0.00371206
0.00231064
0.000949826
-0.000352777
-0.00157916
-0.00271197
-0.00373494
-0.00463307
-0.00539289
-0.00600246
-0.00645154
-0.00673153
-0.0068355
-0.00675816
-0.00649579
-0.00604616
-0.00540853
-0.00458353
-0.00357309
-0.00238041
-0.00100984
0.000533139
0.00224201
0.00410927
0.00612651
0.00828443
0.0105729
0.0129812
0.0154977
0.0181102
0.0208061
0.0235719
0.026394
0.0292584
0.0321504
0.0350554
0.0379584
0.0408444
0.0436984
0.0465054
0.0492503
0.0519186
0.0544959
0.0569683
0.0593224
0.0615454
0.0636253
0.065551
0.0673121
0.0688995
0.0703052
0.0715226
0.0725464
0.0733727
0.0739995
0.0744261
0.0746539
0.0746859
0.0745271
0.0741845
0.073667
0.0729852
0.0721519
0.0711815
0.0700903
0.0688959
0.0676171
0.0662736
0.0648859
0.0634735
0.0620557
0.0606571
0.0593
0.0579006
0.0563785
0.0132985
0.0113436
0.00963309
0.00805587
0.00648935
0.00495176
0.00346461
0.00204094
0.000694334
-0.000560772
-0.00171029
-0.00274087
-0.00364015
-0.00439688
-0.00500114
-0.00544435
-0.00571934
-0.00582037
-0.00574312
-0.00548463
-0.00504331
-0.00441886
-0.00361221
-0.00262551
-0.00146204
-0.000126139
0.00137679
0.00304041
0.00485742
0.0068197
0.00891828
0.0111434
0.0134847
0.015931
0.0184706
0.0210913
0.0237801
0.026524
0.0293092
0.0321219
0.0349476
0.0377722
0.0405809
0.0433591
0.0460924
0.0487662
0.0513663
0.0538787
0.05629
0.0585869
0.060757
0.0627886
0.0646706
0.066393
0.0679468
0.0693239
0.0705177
0.0715229
0.0723353
0.0729526
0.0733739
0.0735998
0.0736329
0.0734773
0.0731391
0.0726259
0.0719471
0.0711139
0.0701388
0.0690359
0.0678206
0.0665088
0.0651175
0.0636636
0.0621632
0.0606314
0.059091
0.0575614
0.0559314
0.0540983
0.0154994
0.0132291
0.0112806
0.00952155
0.0078026
0.00613989
0.00455316
0.00305192
0.00164635
0.000347757
-0.00083264
-0.00188414
-0.00279673
-0.00356132
-0.00416982
-0.00461527
-0.00489189
-0.00499513
-0.00492165
-0.0046693
-0.00423712
-0.00362532
-0.00283522
-0.0018692
-0.000730686
0.000575902
0.0020452
0.00367096
0.00544606
0.00736256
0.00941177
0.0115843
0.01387
0.0162581
0.0187373
0.0212957
0.023921
0.0266004
0.0293205
0.032068
0.0348289
0.0375894
0.0403351
0.043052
0.0457258
0.0483424
0.0508879
0.0533487
0.0557114
0.0579632
0.0600919
0.0620858
0.063934
0.0656266
0.0671545
0.0685098
0.0696855
0.0706761
0.0714774
0.0720866
0.0725022
0.0727246
0.0727554
0.0725979
0.0722573
0.07174
0.0710543
0.0702096
0.069217
0.0680884
0.066837
0.0654766
0.0640215
0.0624858
0.0608824
0.0592235
0.0575304
0.0558206
0.0539573
0.0518175
0.0176349
0.0150562
0.0128704
0.0109257
0.00904749
0.00725059
0.00555366
0.00396327
0.00248671
0.0011326
-9.0363e-05
-0.00117384
-0.00210997
-0.00289161
-0.00351241
-0.00396694
-0.00425076
-0.00436048
-0.00429371
-0.00404915
-0.00362651
-0.00302651
-0.0022509
-0.00130235
-0.000184505
0.00109812
0.00254013
0.0041353
0.00587663
0.00775632
0.0097659
0.0118962
0.0141373
0.0164789
0.0189099
0.0214187
0.0239935
0.0266216
0.0292903
0.0319865
0.0346965
0.0374069
0.0401037
0.0427731
0.0454013
0.0479742
0.0504784
0.0529003
0.0552269
0.0574455
0.059544
0.0615107
0.0633348
0.0650064
0.0665164
0.0678565
0.0690198
0.0700004
0.0707937
0.0713965
0.071807
0.0720247
0.0720507
0.0718874
0.0715389
0.0710107
0.0703096
0.0694439
0.0684228
0.0672568
0.0659569
0.064535
0.063003
0.0613728
0.0596549
0.0578588
0.056005
0.0541101
0.0520133
0.0495727
0.0196716
0.0167921
0.0143714
0.0122391
0.0101971
0.00825956
0.00644443
0.00475591
0.00319882
0.00177952
0.000504476
-0.000620046
-0.00158814
-0.00239443
-0.00303418
-0.0035034
-0.00379894
-0.0039185
-0.00386067
-0.00362495
-0.00321174
-0.00262232
-0.00185886
-0.000924399
0.000177202
0.00144126
0.0028623
0.0044341
0.00614968
0.00800138
0.00998084
0.0120791
0.0142865
0.0165929
0.0189875
0.0214591
0.0239959
0.0265859
0.0292164
0.0318747
0.0345474
0.0372214
0.039883
0.0425185
0.0451144
0.047657
0.0501328
0.0525286
0.0548313
0.0570283
0.0591076
0.0610576
0.0628674
0.0645269
0.0660267
0.0673587
0.0685155
0.0694909
0.0702799
0.0708788
0.0712852
0.071498
0.0715176
0.0713456
0.0709851
0.0704404
0.0697172
0.0688224
0.0677641
0.0665509
0.0651922
0.0636981
0.0620787
0.060344
0.0585024
0.0565615
0.0545414
0.0524586
0.0501295
0.0473945
0.0215807
0.0184081
0.0157555
0.0134352
0.0112267
0.00914395
0.0072047
0.00541118
0.00376615
0.00227399
0.00093927
-0.000233599
-0.00124045
-0.00207752
-0.00274157
-0.00322994
-0.0035407
-0.0036726
-0.00362518
-0.00339873
-0.00299434
-0.00241385
-0.0016599
-0.000735889
0.000354046
0.00160503
0.00301146
0.00456707
0.00626488
0.00809728
0.010056
0.0121323
0.0143165
0.0165989
0.0189687
0.0214151
0.0239264
0.0264909
0.0290963
0.0317298
0.0343786
0.0370295
0.0396692
0.0422843
0.0448612
0.0473865
0.0498467
0.0522287
0.0545196
0.0567067
0.0587779
0.0607216
0.0625268
0.0641831
0.0656811
0.0670121
0.0681686
0.069144
0.0699329
0.0705309
0.0709351
0.0711436
0.0711561
0.0709735
0.0705978
0.0700325
0.0692819
0.0683519
0.067249
0.0659807
0.064555
0.0629802
0.061265
0.0594178
0.0574454
0.0553538
0.0531635
0.0508909
0.0483314
0.0453084
0.0233374
0.0198787
0.0169976
0.0144897
0.0121132
0.00988225
0.00781462
0.00591097
0.00417231
0.00260135
0.001201
-2.59482e-05
-0.0010769
-0.00194955
-0.00264202
-0.00315293
-0.00348144
-0.00362734
-0.00359107
-0.0033737
-0.00297698
-0.00240335
-0.00165591
-0.00073844
0.000344614
0.00158815
0.00298643
0.00453307
0.00622106
0.00804282
0.00999014
0.0120543
0.0142259
0.0164951
0.0188516
0.0212846
0.0237827
0.0263342
0.028927
0.0315488
0.0341867
0.0368278
0.0394588
0.0420665
0.0446375
0.0471583
0.0496157
0.0519963
0.0542874
0.0564761
0.0585503
0.0604982
0.0623086
0.063971
0.0654755
0.0668132
0.0679761
0.0689572
0.0697506
0.0703514
0.0707558
0.0709616
0.0709673
0.0707732
0.0703804
0.0697914
0.0690096
0.0680395
0.0668865
0.0655568
0.0640574
0.0623952
0.0605774
0.0586114
0.0565027
0.054256
0.0518926
0.0494295
0.0466415
0.0433362
0.0249195
0.0211811
0.0180749
0.0153803
0.0128353
0.0104541
0.00825514
0.00623761
0.00440108
0.00274684
0.00127634
-9.0593e-06
-0.00110816
-0.00201998
-0.0027439
-0.00327969
-0.00362758
-0.00378833
-0.00376323
-0.00355411
-0.0031634
-0.0025941
-0.00184979
-0.000934659
0.000146537
0.00138844
0.00278513
0.00433009
0.00601627
0.00783602
0.00978117
0.011843
0.0140123
0.0162793
0.0186337
0.021065
0.0235618
0.0261127
0.0287056
0.0313284
0.0339683
0.0366125
0.039248
0.0418613
0.0444393
0.0469685
0.0494355
0.0518272
0.0541304
0.0563325
0.0584209
0.0603836
0.0622093
0.0638871
0.0654068
0.0667592
0.0679356
0.0689286
0.0697317
0.0703395
0.0707477
0.0709529
0.0709532
0.0707478
0.0703371
0.0697226
0.0689067
0.067893
0.0666857
0.06529
0.0637116
0.0619566
0.0600311
0.0579414
0.055692
0.053287
0.0507484
0.0480941
0.0450794
0.0414964
0.0263072
0.0222945
0.0189664
0.0160864
0.0133727
0.0108402
0.00850792
0.00637388
0.00443643
0.00269564
0.00115169
-0.000195328
-0.00134546
-0.00229896
-0.00305633
-0.00361842
-0.00398646
-0.00416213
-0.00414753
-0.00394524
-0.00355833
-0.00299036
-0.00224542
-0.00132808
-0.000243457
0.00100284
0.00240467
0.00395537
0.00564777
0.00747418
0.00942642
0.0114958
0.013673
0.0159486
0.0183121
0.0207532
0.0232607
0.0258231
0.0284286
0.031065
0.0337198
0.03638
0.0390328
0.0416648
0.0442626
0.046813
0.0493023
0.0517173
0.0540449
0.0562719
0.0583858
0.0603743
0.0622256
0.0639286
0.0654726
0.0668479
0.0680455
0.0690573
0.0698761
0.0704959
0.0709117
0.0711195
0.0711165
0.0709011
0.0704727
0.069832
0.0689805
0.0679209
0.0666564
0.0651911
0.0635299
0.0616779
0.0596406
0.0574234
0.05503
0.052464
0.0497485
0.0469025
0.0436626
0.0398054
0.0274822
0.0232
0.0196526
0.0165884
0.0137063
0.0110221
0.00855518
0.0063029
0.00426246
0.00243287
0.000813229
-0.000597534
-0.00180059
-0.00279727
-0.00358916
-0.00417809
-0.00456625
-0.00475616
-0.00475072
-0.00455323
-0.00416737
-0.00359729
-0.00284754
-0.00192312
-0.000829487
0.000427458
0.00184134
0.00340533
0.00511213
0.00695395
0.00892256
0.0110092
0.0132048
0.0154995
0.0178834
0.0203458
0.0228758
0.0254619
0.0280923
0.0307549
0.0334372
0.0361264
0.0388093
0.0414729
0.0441035
0.0466878
0.0492121
0.0516629
0.054027
0.056291
0.0584419
0.0604673
0.0623549
0.0640931
0.065671
0.0670781
0.0683049
0.0693428
0.0701839
0.0708214
0.0712497
0.0714641
0.0714609
0.0712376
0.0707928
0.0701263
0.0692388
0.068132
0.0668085
0.0652714
0.0635246
0.0615727
0.0594204
0.0570726
0.0545325
0.0518034
0.0489096
0.0458715
0.042407
0.0382779
0.0284275
0.0238795
0.0201152
0.016868
0.013818
0.0109818
0.00837962
0.00600805
0.00386335
0.00194359
0.000246895
-0.00122882
-0.00248576
-0.00352627
-0.00435289
-0.00496841
-0.00537589
-0.00557867
-0.00558041
-0.00538508
-0.00499702
-0.00442089
-0.00366174
-0.002725
-0.00161647
-0.000342355
0.00109072
0.00267573
0.00440522
0.00627129
0.00826563
0.0103795
0.0126036
0.0149283
0.0173436
0.0198388
0.0224031
0.0250249
0.0276926
0.030394
0.0331165
0.0358474
0.0385735
0.0412815
0.0439579
0.0465889
0.049161
0.0516603
0.0540733
0.0563863
0.0585862
0.0606598
0.0625948
0.0643788
0.0660004
0.0674487
0.0687135
0.0697855
0.0706562
0.071318
0.0717645
0.0719902
0.0719906
0.0717626
0.0713037
0.0706129
0.06969
0.068536
0.0671525
0.0655422
0.0637081
0.0616542
0.0593846
0.0569039
0.054215
0.0513208
0.0482473
0.0450162
0.0413271
0.0369272
0.0291272
0.024316
0.0203366
0.0169074
0.01369
0.0107019
0.00796424
0.00547289
0.00322329
0.00121272
-0.000561611
-0.0021027
-0.00341368
-0.00449784
-0.00535864
-0.00599974
-0.00642503
-0.00663863
-0.00664494
-0.00644859
-0.00605452
-0.00546794
-0.00469439
-0.0037397
-0.00261006
-0.00131198
0.000147659
0.00176161
0.00352225
0.00542155
0.00745109
0.00960202
0.0118651
0.0142306
0.0166884
0.0192279
0.0218382
0.0245079
0.0272252
0.0299779
0.0327534
0.0355389
0.0383211
0.0410866
0.0438217
0.0465126
0.0491453
0.051706
0.0541804
0.056555
0.0588158
0.0609496
0.0629433
0.0647841
0.06646
0.0679594
0.0692716
0.0703864
0.0712946
0.071988
0.0724592
0.0727019
0.0727109
0.072482
0.0720123
0.0712995
0.0703429
0.0691425
0.0676994
0.0660154
0.0640931
0.0619358
0.0595473
0.0569319
0.0540923
0.0510314
0.0477767
0.0443513
0.040437
0.0357659
0.0295655
0.0244931
0.0202998
0.0166893
0.0133051
0.0101653
0.00729221
0.00468102
0.00232645
0.000225017
-0.00162686
-0.00323303
-0.00459749
-0.00572442
-0.00661811
-0.00728308
-0.00772399
-0.00794574
-0.0079534
-0.00775227
-0.00734788
-0.00674598
-0.00595258
-0.00497395
-0.00381664
-0.00248749
-0.000993651
0.0006574
0.00245785
0.0043995
0.00647383
0.00867187
0.0109843
0.0134014
0.0159129
0.0185083
0.0211765
0.0239062
0.0266855
0.029502
0.0323433
0.0351963
0.0380476
0.0408838
0.0436908
0.0464547
0.0491613
0.0517962
0.0543452
0.056794
0.0591284
0.0613345
0.0633987
0.0653079
0.0670491
0.0686103
0.0699798
0.0711468
0.0721014
0.0728344
0.0733376
0.0736039
0.0736273
0.0734026
0.0729261
0.0721948
0.071207
0.0699621
0.0684603
0.0667031
0.0646924
0.062431
0.0599226
0.0571712
0.0541794
0.05095
0.0475123
0.0438912
0.03975
0.0348062
0.0297273
0.0243945
0.0199881
0.0161968
0.0126461
0.00935501
0.00634678
0.00361604
0.00115684
-0.00103497
-0.00296372
-0.00463405
-0.00605079
-0.00721892
-0.00814357
-0.00883003
-0.00928375
-0.00951033
-0.00951555
-0.00930534
-0.00888579
-0.00826322
-0.00744409
-0.00643512
-0.00524323
-0.00387559
-0.00233963
-0.00064309
0.00120602
0.00319935
0.00532821
0.00758353
0.00995589
0.0124355
0.015012
0.0176748
0.0204129
0.0232148
0.0260684
0.0289615
0.0318814
0.0348149
0.0377486
0.0406687
0.043561
0.0464113
0.0492051
0.0519277
0.0545644
0.0571005
0.0595214
0.0618126
0.0639598
0.0659493
0.0677676
0.0694017
0.0708394
0.0720688
0.0730793
0.0738608
0.0744043
0.0747017
0.0747461
0.0745316
0.0740533
0.0733077
0.0722923
0.0710056
0.0694472
0.0676179
0.0655194
0.063154
0.060525
0.0576366
0.054491
0.0510915
0.047469
0.0436499
0.0392795
0.0340601
0.0295973
0.0240043
0.0193848
0.0154131
0.0116962
0.00825407
0.0051111
0.00226137
-0.000301726
-0.00258298
-0.00458741
-0.00632042
-0.00778763
-0.00899478
-0.00994781
-0.0106528
-0.0111159
-0.0113434
-0.0113418
-0.0111176
-0.0106776
-0.0100285
-0.00917735
-0.00813123
-0.00689746
-0.00548357
-0.00389729
-0.00214659
-0.00023972
0.0018148
0.00400811
0.00633103
0.008774
0.0113271
0.01398
0.016722
0.019542
0.0224282
0.0253688
0.0283513
0.0313627
0.03439
0.0374193
0.0404368
0.043428
0.0463783
0.0492729
0.0520968
0.0548349
0.0574718
0.0599926
0.0623821
0.0646253
0.0667079
0.0686155
0.0703345
0.0718517
0.0731546
0.0742314
0.0750713
0.0756642
0.0760012
0.0760743
0.0758767
0.0754029
0.0746482
0.0736095
0.0722845
0.0706723
0.068773
0.0665878
0.0641188
0.0613692
0.0583429
0.0550424
0.051471
0.0476613
0.0436418
0.0390389
0.0335398
0.0291601
0.0233062
0.0184735
0.0143211
0.0104381
0.00684533
0.00356817
0.000600224
-0.00206573
-0.00443508
-0.00651355
-0.00830725
-0.00982255
-0.011066
-0.0120442
-0.0127641
-0.0132325
-0.0134565
-0.0134432
-0.0131997
-0.0127333
-0.0120513
-0.0111614
-0.0100709
-0.00878756
-0.00731931
-0.00567417
-0.00386037
-0.00188638
0.00023907
0.00250696
0.00490796
0.00743239
0.0100702
0.012811
0.015644
0.0185579
0.0215409
0.0245811
0.0276658
0.030782
0.0339163
0.0370548
0.0401833
0.0432872
0.0463515
0.0493609
0.0523001
0.0551535
0.0579053
0.0605398
0.0630413
0.0653942
0.0675832
0.0695932
0.0714098
0.0730189
0.074407
0.0755615
0.0764704
0.0771228
0.0775087
0.0776192
0.0774466
0.0769842
0.0762267
0.0751699
0.0738112
0.0721487
0.0701821
0.0679121
0.0653405
0.0624705
0.0593058
0.0558491
0.0521038
0.0481045
0.0438814
0.039042
0.033258
0.0284002
0.022284
0.017237
0.0129038
0.00885455
0.0051114
0.00170066
-0.00138453
-0.00415201
-0.00660778
-0.00875819
-0.0106101
-0.0121706
-0.013447
-0.0144467
-0.0151773
-0.0156465
-0.0158618
-0.0158312
-0.0155624
-0.0150633
-0.0143417
-0.0134057
-0.0122631
-0.0109222
-0.00939115
-0.00767828
-0.00579212
-0.00374139
-0.00153503
0.000817772
0.00330753
0.00592443
0.00865833
0.0114987
0.0144346
0.0174546
0.020547
0.0236996
0.0268996
0.0301338
0.0333886
0.03665
0.0399035
0.043134
0.0463265
0.0494651
0.0525341
0.0555172
0.0583983
0.061161
0.0637889
0.0662656
0.068575
0.0707013
0.0726289
0.074343
0.0758291
0.0770735
0.0780631
0.0787861
0.0792313
0.0793889
0.07925
0.0788072
0.078054
0.0769856
0.0755984
0.07389
0.0718595
0.0695072
0.0668346
0.0638447
0.0605414
0.0569272
0.0530061
0.0488143
0.044384
0.0393033
0.0332278
0.0273015
0.0209208
0.0156584
0.0111434
0.00692783
0.0030345
-0.000509141
-0.00371045
-0.00657788
-0.00911803
-0.0113379
-0.0132451
-0.0148474
-0.0161529
-0.0171698
-0.0179063
-0.018371
-0.0185721
-0.0185182
-0.0182176
-0.0176788
-0.0169102
-0.0159204
-0.0147177
-0.0133107
-0.0117079
-0.00991808
-0.00794999
-0.0058126
-0.00351507
-0.00106679
0.00152262
0.0042432
0.00708467
0.0100364
0.0130873
0.0162259
0.0194403
0.0227182
0.0260467
0.0294124
0.0328015
0.0361997
0.0395922
0.0429638
0.0462989
0.0495814
0.052795
0.0559229
0.0589482
0.061854
0.0646232
0.0672386
0.0696833
0.0719405
0.0739936
0.0758267
0.0774244
0.0787719
0.079855
0.0806607
0.0811767
0.081392
0.0812969
0.0808827
0.080142
0.0790692
0.0776597
0.0759106
0.0738204
0.0713889
0.0686174
0.0655086
0.0620665
0.0582939
0.0541946
0.0498072
0.0451656
0.0398379
0.0334634
0.0258473
0.0191994
0.0137196
0.0090221
0.0046397
0.000596349
-0.00307947
-0.00639562
-0.00936119
-0.0119834
-0.0142698
-0.0162289
-0.0178691
-0.0191993
-0.0202284
-0.0209656
-0.02142
-0.0216006
-0.0215167
-0.0211772
-0.0205913
-0.0197679
-0.018716
-0.0174445
-0.0159625
-0.0142788
-0.0124024
-0.0103424
-0.00810818
-0.00570896
-0.00315435
-0.000454175
0.00238148
0.00534221
0.00841725
0.0115954
0.0148652
0.0182144
0.0216307
0.025101
0.0286119
0.0321491
0.0356983
0.0392444
0.0427718
0.0462644
0.0497058
0.0530791
0.0563671
0.0595523
0.0626169
0.065543
0.0683127
0.0709082
0.0733116
0.0755055
0.0774727
0.0791967
0.0806615
0.0818518
0.0827534
0.0833528
0.0836379
0.0835975
0.0832221
0.0825033
0.0814342
0.0800097
0.078226
0.076081
0.0735741
0.0707062
0.0674799
0.0638992
0.0599669
0.0556872
0.0511007
0.0462432
0.0406621
0.0339798
0.0240203
0.0171018
0.0114025
0.00652111
0.00197133
-0.00222195
-0.00602918
-0.00945875
-0.0125204
-0.0152219
-0.0175717
-0.0195787
-0.0212524
-0.0226024
-0.0236384
-0.0243702
-0.0248079
-0.0249612
-0.0248399
-0.0244539
-0.0238128
-0.0229261
-0.0218034
-0.0204541
-0.0188876
-0.0171132
-0.0151403
-0.0129783
-0.0106366
-0.00812482
-0.0054528
-0.00263049
0.000331874
0.00342376
0.00663428
0.00995217
0.0133657
0.0168628
0.0204308
0.0240565
0.0277263
0.0314259
0.0351405
0.0388547
0.0425528
0.0462181
0.0498339
0.0533827
0.0568468
0.0602078
0.0634474
0.0665468
0.0694872
0.0722498
0.0748158
0.0771666
0.079284
0.08115
0.0827475
0.08406
0.0850719
0.0857685
0.0861362
0.0861629
0.0858376
0.0851509
0.084095
0.0826637
0.0808525
0.0786584
0.0760805
0.0731193
0.0697773
0.0660584
0.0619654
0.0575029
0.0527135
0.0476351
0.0417934
0.0347936
0.0218026
0.0146094
0.00868789
0.00362108
-0.00109684
-0.00544001
-0.00937784
-0.0129193
-0.0160746
-0.0188525
-0.0212619
-0.0233126
-0.0250148
-0.026379
-0.0274158
-0.0281357
-0.0285496
-0.028668
-0.0285016
-0.0280607
-0.0273557
-0.0263968
-0.025194
-0.0237572
-0.0220964
-0.0202211
-0.0181412
-0.0158664
-0.0134064
-0.010771
-0.00797016
-0.00501411
-0.00191318
0.00132196
0.00468032
0.00815053
0.0117208
0.0153789
0.019112
0.0229068
0.0267495
0.0306257
0.0345204
0.0384178
0.0423018
0.0461555
0.0499616
0.053702
0.0573584
0.060912
0.0643435
0.0676332
0.0707615
0.0737085
0.0764543
0.0789792
0.0812637
0.0832886
0.0850353
0.0864861
0.0876239
0.0884327
0.0888975
0.0890047
0.0887421
0.0880992
0.0870669
0.0856381
0.0838072
0.0815707
0.0789271
0.0758763
0.0724208
0.0685643
0.0643098
0.059662
0.0546657
0.0493607
0.0432507
0.0359225
0.0191751
0.0117025
0.00555578
0.000301759
-0.0045852
-0.00907828
-0.0131458
-0.0167973
-0.0200439
-0.0228947
-0.0253596
-0.0274491
-0.0291744
-0.0305467
-0.0315775
-0.0322783
-0.0326607
-0.0327361
-0.0325158
-0.0320111
-0.0312329
-0.030192
-0.0288992
-0.0273648
-0.0255992
-0.0236124
-0.0214147
-0.019016
-0.0164264
-0.0136558
-0.0107145
-0.00761286
-0.00436128
-0.000970567
0.00254817
0.00618348
0.00992348
0.0137558
0.0176676
0.0216455
0.0256754
0.0297428
0.0338323
0.0379281
0.0420136
0.0460716
0.0500842
0.054033
0.0578988
0.0616621
0.0653029
0.0688008
0.072135
0.0752845
0.0782283
0.0809455
0.0834153
0.0856171
0.0875309
0.0891374
0.090418
0.0913553
0.0919328
0.0921354
0.0919495
0.0913632
0.0903662
0.0889502
0.0871087
0.0848374
0.082134
0.0789981
0.0754317
0.0714387
0.0670219
0.0621863
0.0569788
0.0514413
0.0450543
0.037386
0.016118
0.00836083
0.00198527
-0.00345804
-0.00851512
-0.0131582
-0.0173545
-0.0211142
-0.0244491
-0.0273691
-0.0298848
-0.0320078
-0.0337501
-0.0351237
-0.0361411
-0.0368148
-0.0371571
-0.0371805
-0.0368971
-0.0363188
-0.0354574
-0.0343243
-0.0329309
-0.031288
-0.0294066
-0.0272972
-0.0249703
-0.0224362
-0.0197052
-0.0167877
-0.013694
-0.0104346
-0.00701998
-0.00346118
0.000230679
0.00404405
0.00796698
0.0119871
0.0160913
0.0202663
0.0244978
0.0287711
0.0330706
0.0373802
0.0416831
0.0459617
0.0501975
0.0543716
0.0584643
0.0624553
0.0663237
0.0700482
0.0736071
0.0769782
0.0801393
0.083068
0.0857424
0.0881403
0.0902402
0.0920211
0.093463
0.0945465
0.0952538
0.0955681
0.0954743
0.0949588
0.0940101
0.0926186
0.0907768
0.0884793
0.085723
0.0825071
0.0788332
0.0747051
0.0701254
0.0650993
0.0596761
0.0538998
0.0472266
0.0392051
0.0126104
0.00456266
-0.00204567
-0.00768061
-0.012909
-0.0177021
-0.0220262
-0.0258919
-0.0293119
-0.0322969
-0.0348585
-0.037009
-0.0387613
-0.0401287
-0.0411246
-0.0417624
-0.0420555
-0.0420171
-0.0416604
-0.040998
-0.0400425
-0.0388062
-0.0373009
-0.0355381
-0.0335293
-0.0312855
-0.0288175
-0.026136
-0.0232517
-0.020175
-0.0169165
-0.0134868
-0.0098967
-0.00615706
-0.00227916
0.0017254
0.00584463
0.0100661
0.0143767
0.0187629
0.0232106
0.0277046
0.0322295
0.0367687
0.0413051
0.0458208
0.0502969
0.054714
0.0590516
0.0632887
0.0674036
0.071374
0.0751772
0.0787899
0.0821885
0.0853493
0.0882488
0.0908633
0.0931697
0.0951453
0.0967682
0.0980174
0.0988731
0.0993169
0.0993319
0.0989031
0.0980172
0.0966632
0.0948325
0.0925185
0.0897173
0.0864274
0.0826499
0.0783885
0.0736456
0.0684266
0.062783
0.0567611
0.0497917
0.0414031
0.00863012
0.000285274
-0.00656023
-0.0123894
-0.0177905
-0.0227338
-0.0271844
-0.0311538
-0.0346554
-0.0377007
-0.0403023
-0.0424736
-0.0442286
-0.0455815
-0.0465468
-0.0471391
-0.0473727
-0.047262
-0.0468208
-0.046063
-0.0450019
-0.0436504
-0.0420212
-0.0401263
-0.0379779
-0.0355872
-0.0329658
-0.0301245
-0.0270742
-0.0238257
-0.0203898
-0.0167771
-0.0129985
-0.00906511
-0.00498808
-0.000779039
0.00354998
0.0079865
0.0125175
0.0171293
0.0218077
0.0265377
0.0313034
0.0360881
0.0408745
0.0456442
0.050378
0.0550559
0.0596569
0.0641592
0.0685403
0.0727767
0.0768448
0.08072
0.0843775
0.087792
0.0909384
0.0937915
0.0963262
0.0985181
0.100343
0.101779
0.102804
0.103397
0.103539
0.103214
0.102407
0.101105
0.0992984
0.0969789
0.0941418
0.0907848
0.0869085
0.0825161
0.07761
0.0721957
0.0663269
0.0600523
0.052776
0.0440054
0.00415383
-0.00449539
-0.011583
-0.0176093
-0.0231847
-0.0282782
-0.0328541
-0.0369243
-0.0405035
-0.043604
-0.0462393
-0.048424
-0.0501733
-0.0515024
-0.0524272
-0.0529634
-0.0531263
-0.0529316
-0.052394
-0.0515285
-0.0503491
-0.0488697
-0.0471036
-0.0450638
-0.0427626
-0.0402122
-0.0374242
-0.03441
-0.0311807
-0.0277475
-0.0241211
-0.0203124
-0.0163323
-0.0121918
-0.00790238
-0.00347545
0.00107697
0.00574243
0.0105079
0.0153598
0.0202837
0.0252647
0.0302868
0.0353332
0.0403862
0.0454272
0.0504365
0.0553936
0.060277
0.0650641
0.0697315
0.0742549
0.0786093
0.082769
0.0867078
0.0903989
0.0938153
0.0969302
0.0997167
0.102148
0.104199
0.105844
0.10706
0.107823
0.108113
0.107911
0.107201
0.105967
0.104199
0.101886
0.0990234
0.0956073
0.0916377
0.0871174
0.0820485
0.0764365
0.0703377
0.0638027
0.0562084
0.0470398
-0.000843204
-0.00980483
-0.0171399
-0.0233667
-0.0291179
-0.0343618
-0.0390613
-0.0432295
-0.0468817
-0.0500315
-0.0526934
-0.0548833
-0.0566175
-0.0579127
-0.0587859
-0.0592542
-0.0593343
-0.0590427
-0.0583957
-0.0574089
-0.0560977
-0.0544767
-0.05256
-0.0503613
-0.0478936
-0.0451696
-0.0422013
-0.0390006
-0.0355789
-0.0319474
-0.0281171
-0.024099
-0.019904
-0.0155432
-0.0110279
-0.00636946
-0.00157993
0.00332836
0.00834249
0.0134489
0.0186332
0.0238805
0.0291747
0.034499
0.0398354
0.0451651
0.050468
0.0557232
0.0609084
0.0660005
0.0709752
0.0758072
0.0804702
0.0849374
0.089181
0.0931727
0.0968837
0.100285
0.103349
0.106045
0.108346
0.110225
0.111655
0.112612
0.113072
0.113015
0.112421
0.111273
0.109559
0.107268
0.104391
0.100925
0.0968686
0.0922241
0.0869934
0.0811816
0.0748477
0.0680447
0.0601203
0.0505365
-0.0063872
-0.0156701
-0.0232587
-0.0296894
-0.0356183
-0.0410126
-0.0458341
-0.0500967
-0.0538169
-0.0570094
-0.0596899
-0.0618757
-0.0635844
-0.0648343
-0.0656438
-0.0660312
-0.0660148
-0.0656125
-0.0648416
-0.063719
-0.0622612
-0.0604837
-0.0584016
-0.0560293
-0.0533804
-0.0504682
-0.0473054
-0.0439039
-0.0402756
-0.0364319
-0.0323839
-0.0281427
-0.0237192
-0.0191244
-0.0143695
-0.00946603
-0.00442561
0.000739481
0.00601645
0.0113918
0.0168515
0.0223803
0.0279624
0.0335809
0.0392177
0.0448537
0.0504686
0.0560408
0.0615478
0.0669656
0.0722691
0.077432
0.082427
0.0872256
0.0917987
0.0961163
0.100148
0.103863
0.107229
0.110217
0.112796
0.114935
0.116606
0.117782
0.118437
0.118547
0.118091
0.11705
0.115408
0.113153
0.110276
0.10677
0.102635
0.0978708
0.0924797
0.0864664
0.0798925
0.0728133
0.0645461
0.0545289
-0.012506
-0.0221201
-0.0299687
-0.0366073
-0.0427158
-0.0482605
-0.0532019
-0.0575551
-0.0613376
-0.0645653
-0.0672554
-0.0694266
-0.0710983
-0.0722901
-0.0730222
-0.0733145
-0.0731866
-0.0726581
-0.0717476
-0.0704734
-0.0688529
-0.0669029
-0.0646394
-0.0620776
-0.0592319
-0.0561162
-0.0527435
-0.0491263
-0.0452768
-0.0412064
-0.0369265
-0.0324481
-0.0277822
-0.0229397
-0.0179316
-0.0127692
-0.00746409
-0.00202824
0.00352574
0.0091846
0.0149343
0.02076
0.0266458
0.0325748
0.0385289
0.044489
0.0504343
0.0563431
0.0621921
0.0679568
0.0736112
0.0791282
0.084479
0.0896341
0.0945626
0.0992329
0.103612
0.107668
0.111367
0.114675
0.11756
0.119988
0.121929
0.123351
0.124228
0.124531
0.124237
0.123324
0.121775
0.119574
0.116711
0.113179
0.108973
0.104095
0.0985456
0.0923295
0.0855106
0.0781468
0.0695234
0.0590534
-0.0192294
-0.0291855
-0.0373016
-0.0441523
-0.0504426
-0.0561375
-0.0611965
-0.0656356
-0.0694738
-0.0727283
-0.0754179
-0.0775629
-0.0791844
-0.080304
-0.0809435
-0.0811246
-0.0808687
-0.0801969
-0.0791295
-0.0776862
-0.0758856
-0.0737457
-0.0712835
-0.0685153
-0.0654561
-0.0621204
-0.0585219
-0.0546734
-0.0505873
-0.0462753
-0.0417488
-0.0370189
-0.0320965
-0.0269923
-0.0217171
-0.016282
-0.0106984
-0.00497784
0.000867249
0.00682393
0.0128785
0.0190161
0.0252213
0.0314771
0.0377656
0.0440675
0.0503619
0.0566268
0.0628384
0.0689716
0.0749996
0.0808943
0.086626
0.0921635
0.0974745
0.102525
0.107282
0.111708
0.115769
0.119429
0.12265
0.125399
0.12764
0.129339
0.130466
0.130991
0.130885
0.130126
0.128692
0.126566
0.123734
0.120188
0.115922
0.110938
0.105233
0.0988128
0.091744
0.084087
0.0750933
0.0641497
-0.0265889
-0.0368993
-0.0452911
-0.0523587
-0.058833
-0.0646778
-0.0698517
-0.0743715
-0.0782578
-0.0815295
-0.084207
-0.0863125
-0.0878692
-0.0889005
-0.0894304
-0.0894825
-0.0890803
-0.0882464
-0.087003
-0.0853714
-0.0833716
-0.0810229
-0.0783435
-0.0753505
-0.0720599
-0.0684869
-0.0646456
-0.0605493
-0.0562106
-0.0516415
-0.0468534
-0.0418573
-0.0366639
-0.0312839
-0.0257277
-0.0200062
-0.0141302
-0.00811116
-0.001961
0.0043077
0.0106816
0.0171462
0.0236863
0.0302851
0.0369249
0.0435863
0.0502485
0.0568891
0.0634841
0.0700077
0.0764326
0.0827294
0.0888676
0.0948144
0.100536
0.105997
0.111161
0.115989
0.120445
0.124488
0.12808
0.131183
0.133757
0.135767
0.137176
0.137953
0.138066
0.137487
0.136193
0.134164
0.131383
0.127839
0.123526
0.118442
0.112586
0.105962
0.098639
0.0906797
0.0813009
0.0698616
-0.0346185
-0.0452969
-0.0539734
-0.0612632
-0.067924
-0.0739183
-0.0792036
-0.0837981
-0.087724
-0.0910018
-0.0936541
-0.0957051
-0.0971802
-0.0981053
-0.0985065
-0.0984098
-0.0978406
-0.0968238
-0.0953834
-0.0935423
-0.0913224
-0.0887444
-0.0858275
-0.0825901
-0.079049
-0.0752201
-0.0711181
-0.0667567
-0.0621488
-0.0573065
-0.0522411
-0.0469637
-0.0414848
-0.0358147
-0.0299635
-0.0239418
-0.0177598
-0.0114287
-0.00495967
0.00163503
0.0083425
0.0151488
0.0220391
0.0289969
0.0360046
0.0430432
0.0500917
0.0571278
0.064127
0.0710633
0.0779085
0.0846325
0.0912034
0.0975875
0.103749
0.109651
0.115254
0.120518
0.125402
0.129865
0.133863
0.137355
0.140299
0.142655
0.144383
0.145446
0.145809
0.145442
0.144316
0.142409
0.139701
0.136178
0.131831
0.126658
0.120656
0.113828
0.106246
0.0979751
0.0881953
0.0762368
-0.0433547
-0.0544164
-0.0633879
-0.0709057
-0.0777554
-0.0838987
-0.0892915
-0.0939536
-0.0979091
-0.10118
-0.103792
-0.105772
-0.107147
-0.107945
-0.108196
-0.107928
-0.107169
-0.105946
-0.104285
-0.102212
-0.0997487
-0.0969188
-0.0937426
-0.0902395
-0.0864273
-0.0823227
-0.077941
-0.0732963
-0.0684018
-0.0632695
-0.057911
-0.0523369
-0.0465576
-0.040583
-0.0344229
-0.0280872
-0.0215858
-0.0149291
-0.00812783
-0.00119352
0.0058615
0.0130239
0.0202791
0.0276115
0.0350036
0.0424367
0.04989
0.0573411
0.0647655
0.0721367
0.0794261
0.0866027
0.0936335
0.100483
0.107115
0.11349
0.119566
0.1253
0.13065
0.135569
0.140012
0.143933
0.147286
0.150027
0.152111
0.153498
0.154148
0.154026
0.153101
0.151344
0.148733
0.145251
0.140888
0.135637
0.129496
0.122465
0.114619
0.106028
0.0958306
0.0833276
-0.0528366
-0.064299
-0.0735769
-0.0813292
-0.0883708
-0.094662
-0.100158
-0.104879
-0.108852
-0.112103
-0.114657
-0.116545
-0.117798
-0.118447
-0.118524
-0.118059
-0.117085
-0.11563
-0.113723
-0.111391
-0.10866
-0.105553
-0.102094
-0.0983022
-0.0941969
-0.0897955
-0.085114
-0.0801668
-0.0749673
-0.0695278
-0.0638596
-0.0579731
-0.0518784
-0.045585
-0.0391021
-0.0324389
-0.0256048
-0.0186094
-0.0114628
-0.00417566
0.00324036
0.0107726
0.0184074
0.0261293
0.0339218
0.0417663
0.0496425
0.0575281
0.0653985
0.073227
0.0809845
0.0886394
0.0961578
0.103503
0.110637
0.117517
0.124101
0.130343
0.136196
0.141612
0.146541
0.150933
0.154738
0.157906
0.160389
0.162141
0.163118
0.16328
0.162589
0.161014
0.158529
0.155113
0.150752
0.145437
0.139164
0.131932
0.12382
0.114899
0.104266
0.0911915
-0.0631068
-0.0749895
-0.0845869
-0.0925809
-0.0998172
-0.106255
-0.111848
-0.116619
-0.120597
-0.123809
-0.126286
-0.128061
-0.129167
-0.12964
-0.129515
-0.128826
-0.127607
-0.125891
-0.123709
-0.12109
-0.118063
-0.114654
-0.110885
-0.10678
-0.102358
-0.0976369
-0.0926341
-0.0873642
-0.0818408
-0.076076
-0.0700811
-0.0638663
-0.0574411
-0.0508144
-0.0439948
-0.0369909
-0.0298112
-0.0224644
-0.0149598
-0.0073072
0.000482708
0.00839815
0.0164261
0.0245522
0.0327604
0.0410328
0.0493495
0.0576886
0.0660255
0.0743336
0.0825833
0.0907425
0.0987765
0.106647
0.114315
0.121736
0.128865
0.135653
0.142051
0.148006
0.153465
0.158373
0.162675
0.166317
0.169246
0.171409
0.172757
0.173244
0.172827
0.171471
0.169144
0.16582
0.161483
0.156121
0.149726
0.142297
0.133915
0.124653
0.113567
0.0998915
-0.0742115
-0.0865369
-0.0964684
-0.104712
-0.112146
-0.118728
-0.124412
-0.129221
-0.133188
-0.136342
-0.138719
-0.140354
-0.141286
-0.141553
-0.141195
-0.140249
-0.138754
-0.136744
-0.134255
-0.131319
-0.127965
-0.124223
-0.120117
-0.115671
-0.110907
-0.105842
-0.100496
-0.0948818
-0.0890145
-0.0829059
-0.0765669
-0.0700074
-0.0632364
-0.0562621
-0.0490923
-0.0417347
-0.0341968
-0.0264865
-0.0186119
-0.0105818
-0.00240584
0.00590527
0.0143396
0.0228836
0.0315221
0.0402381
0.0490123
0.0578233
0.0666469
0.0754564
0.0842223
0.092912
0.10149
0.109917
0.118152
0.12615
0.133861
0.141237
0.148222
0.154762
0.160797
0.16627
0.17112
0.175287
0.178712
0.181335
0.183103
0.183962
0.183865
0.182768
0.180635
0.177435
0.173148
0.167757
0.161253
0.153632
0.144977
0.135365
0.123804
0.109497
-0.0862011
-0.0989948
-0.109277
-0.117779
-0.125414
-0.132139
-0.137904
-0.142738
-0.146675
-0.149749
-0.151999
-0.153465
-0.15419
-0.154217
-0.15359
-0.152352
-0.150543
-0.148204
-0.145372
-0.142083
-0.138369
-0.134262
-0.129788
-0.124972
-0.119838
-0.114404
-0.10869
-0.102709
-0.0964775
-0.0900058
-0.083305
-0.0763843
-0.0692522
-0.061916
-0.0543827
-0.0466588
-0.0387508
-0.0306654
-0.0224095
-0.0139908
-0.00541744
0.00330096
0.0121537
0.0211284
0.030211
0.0393855
0.0486334
0.057934
0.0672638
0.0765963
0.085902
0.0951481
0.104298
0.113313
0.12215
0.13076
0.139095
0.1471
0.154718
0.16189
0.168553
0.174643
0.180095
0.184841
0.188817
0.191958
0.1942
0.195484
0.195755
0.194963
0.193066
0.190026
0.185818
0.180421
0.173822
0.166015
0.157086
0.147114
0.135058
0.120084
-0.0991311
-0.112422
-0.123074
-0.131845
-0.139685
-0.146548
-0.152385
-0.157227
-0.161112
-0.164079
-0.166171
-0.167434
-0.167915
-0.167663
-0.166727
-0.165155
-0.162992
-0.160282
-0.157068
-0.153387
-0.149277
-0.144768
-0.139893
-0.134676
-0.129142
-0.123312
-0.117204
-0.110833
-0.104215
-0.0973606
-0.0902797
-0.0829813
-0.0754728
-0.0677607
-0.0598509
-0.0517487
-0.0434594
-0.0349881
-0.0263406
-0.0175228
-0.0085418
0.000594437
0.00987659
0.0192937
0.0288331
0.0384798
0.0482166
0.0580237
0.0678783
0.0777546
0.0876232
0.0974515
0.107203
0.116837
0.126309
0.135571
0.144569
0.153248
0.161547
0.169402
0.176747
0.18351
0.189622
0.195008
0.199596
0.203314
0.206091
0.207858
0.208554
0.20812
0.206505
0.203667
0.199572
0.194196
0.18752
0.179535
0.170331
0.159988
0.147415
0.131737
-0.113062
-0.126885
-0.137928
-0.146979
-0.155026
-0.162023
-0.16792
-0.172751
-0.176559
-0.179387
-0.181285
-0.182304
-0.182499
-0.181923
-0.180632
-0.178679
-0.176115
-0.17299
-0.169348
-0.165233
-0.160684
-0.155737
-0.150423
-0.144771
-0.138805
-0.132549
-0.126021
-0.119236
-0.112209
-0.104951
-0.0974715
-0.0897786
-0.0818787
-0.073777
-0.0654783
-0.0569865
-0.0483053
-0.0394383
-0.0303897
-0.0211638
-0.0117661
-0.00220266
0.00751868
0.0173887
0.0273961
0.0375276
0.0477672
0.0580964
0.0684935
0.0789334
0.0893875
0.0998231
0.110204
0.120488
0.130631
0.140583
0.150288
0.159687
0.168717
0.177309
0.185391
0.192889
0.199724
0.205815
0.211082
0.215445
0.218823
0.22114
0.222323
0.222306
0.221028
0.218438
0.214497
0.209172
0.202441
0.19429
0.184811
0.174088
0.160971
0.144548
-0.128063
-0.142456
-0.153915
-0.163258
-0.171516
-0.17864
-0.184582
-0.189378
-0.193078
-0.195732
-0.197393
-0.198123
-0.197981
-0.19703
-0.195331
-0.192944
-0.189927
-0.186334
-0.182216
-0.177619
-0.172587
-0.167157
-0.161365
-0.155241
-0.14881
-0.142097
-0.135119
-0.127894
-0.120435
-0.112753
-0.104857
-0.0967525
-0.0884463
-0.079942
-0.0712426
-0.0623505
-0.0532679
-0.0439965
-0.0345387
-0.0248969
-0.0150745
-0.0050761
0.00509268
0.0154244
0.0259097
0.0365369
0.0472919
0.0581575
0.0691134
0.0801357
0.0911965
0.102264
0.113302
0.124268
0.135117
0.145798
0.156253
0.16642
0.176233
0.185619
0.194501
0.202797
0.210423
0.217291
0.223311
0.228392
0.232447
0.235386
0.237128
0.237594
0.236715
0.234429
0.230687
0.225451
0.21869
0.210388
0.200635
0.18952
0.175835
0.158622
-0.14421
-0.159217
-0.171121
-0.180769
-0.189241
-0.196485
-0.202453
-0.207187
-0.210742
-0.213176
-0.214552
-0.214937
-0.214401
-0.213015
-0.210848
-0.207968
-0.204439
-0.20032
-0.19567
-0.190539
-0.184973
-0.179015
-0.172702
-0.166065
-0.159133
-0.151929
-0.144473
-0.136781
-0.128866
-0.120739
-0.112406
-0.103875
-0.0951478
-0.0862281
-0.0771171
-0.0678154
-0.0583229
-0.0486397
-0.0387658
-0.0287017
-0.0184487
-0.00800902
0.00261376
0.0134144
0.0243856
0.0355179
0.046799
0.0582135
0.069743
0.081365
0.0930528
0.104775
0.116497
0.128176
0.139767
0.151216
0.162466
0.173451
0.184102
0.194341
0.204087
0.213251
0.221742
0.229464
0.236316
0.242199
0.247013
0.250657
0.253038
0.254064
0.253654
0.251735
0.248247
0.243143
0.236384
0.227947
0.217925
0.206409
0.192125
0.174072
-0.161587
-0.177262
-0.189643
-0.199612
-0.208298
-0.215652
-0.221623
-0.22626
-0.229627
-0.23179
-0.232821
-0.232799
-0.231803
-0.229913
-0.227209
-0.223767
-0.219658
-0.21495
-0.209706
-0.203981
-0.197828
-0.191291
-0.184409
-0.177218
-0.169745
-0.162016
-0.15405
-0.145863
-0.137468
-0.128874
-0.120087
-0.111112
-0.10195
-0.0926039
-0.0830714
-0.0733515
-0.0634422
-0.0533412
-0.0430461
-0.0325551
-0.0218671
-0.0109818
9.96315e-05
0.0113743
0.0228376
0.0344821
0.046298
0.0582722
0.0703882
0.0826254
0.0949588
0.107359
0.11979
0.132213
0.144579
0.156837
0.168927
0.180781
0.192326
0.203482
0.21416
0.224267
0.233702
0.242362
0.250135
0.256911
0.262576
0.267018
0.270127
0.2718
0.271941
0.270462
0.267292
0.262372
0.255652
0.247102
0.236818
0.224889
0.209975
0.191026
-0.180292
-0.196695
-0.209589
-0.219896
-0.228799
-0.236248
-0.242193
-0.246692
-0.249818
-0.251648
-0.252266
-0.251762
-0.250229
-0.247757
-0.244436
-0.240353
-0.235589
-0.230219
-0.224312
-0.21793
-0.211129
-0.203957
-0.196458
-0.188666
-0.180612
-0.17232
-0.163812
-0.155102
-0.146201
-0.137119
-0.127859
-0.118425
-0.108817
-0.0990327
-0.0890702
-0.0789255
-0.0685939
-0.0580707
-0.0473511
-0.0364306
-0.0253052
-0.013972
-0.00242955
0.00932221
0.0212812
0.033443
0.0458002
0.0583425
0.0710557
0.0839216
0.0969173
0.110015
0.123181
0.136375
0.149553
0.162659
0.175634
0.188409
0.200907
0.213045
0.224728
0.235857
0.246323
0.256011
0.264802
0.272571
0.279191
0.284534
0.288476
0.290896
0.29168
0.290728
0.287949
0.283273
0.276637
0.268004
0.257465
0.245114
0.229535
0.209627
-0.200434
-0.217636
-0.231088
-0.24175
-0.250869
-0.258394
-0.264278
-0.268588
-0.27141
-0.272833
-0.272956
-0.271884
-0.269722
-0.266577
-0.262549
-0.257737
-0.252233
-0.246119
-0.239472
-0.232362
-0.224847
-0.216982
-0.208809
-0.200368
-0.191689
-0.182798
-0.173713
-0.164451
-0.155021
-0.145429
-0.135679
-0.125772
-0.115704
-0.105474
-0.0950742
-0.0844993
-0.073742
-0.0627944
-0.0516491
-0.0402984
-0.0287356
-0.0169548
-0.00495124
0.00727804
0.0197341
0.0324154
0.045318
0.0584342
0.0717528
0.0852584
0.0989308
0.112744
0.126667
0.140662
0.154682
0.168677
0.182583
0.196332
0.209844
0.223032
0.235797
0.248031
0.25962
0.270437
0.280352
0.289225
0.296915
0.303277
0.308168
0.311448
0.312985
0.312657
0.310358
0.305998
0.299502
0.290819
0.280039
0.267257
0.250974
0.230036
-0.222142
-0.240225
-0.254283
-0.265319
-0.274652
-0.282229
-0.288007
-0.292066
-0.294506
-0.295435
-0.294966
-0.293223
-0.290328
-0.286403
-0.281565
-0.275923
-0.269581
-0.262633
-0.255163
-0.247245
-0.238946
-0.230322
-0.221419
-0.212277
-0.202928
-0.193397
-0.183703
-0.173859
-0.163874
-0.153753
-0.143496
-0.133102
-0.122566
-0.111881
-0.101039
-0.0900313
-0.0788467
-0.0674748
-0.0559048
-0.0441261
-0.0321284
-0.0199026
-0.00744067
0.00526382
0.0182153
0.0314158
0.0448646
0.0585577
0.0724872
0.0866409
0.101002
0.115547
0.130247
0.145067
0.159963
0.174883
0.189767
0.204543
0.219131
0.23344
0.247367
0.260797
0.273607
0.285662
0.296816
0.306917
0.315805
0.323318
0.329291
0.333563
0.335978
0.336391
0.334675
0.330718
0.324428
0.315738
0.304735
0.291513
0.274484
0.252435
-0.24556
-0.264622
-0.279342
-0.290774
-0.300312
-0.307909
-0.313525
-0.317257
-0.319223
-0.31955
-0.318375
-0.31584
-0.31209
-0.307263
-0.301494
-0.294908
-0.287621
-0.279737
-0.27135
-0.26254
-0.253379
-0.243926
-0.234232
-0.224335
-0.214269
-0.204058
-0.19372
-0.183266
-0.172703
-0.162033
-0.151254
-0.140362
-0.129349
-0.118204
-0.106917
-0.0954754
-0.0838647
-0.0720711
-0.0600803
-0.0478781
-0.0354509
-0.0227858
-0.00987117
0.00330317
0.0167454
0.0304615
0.0444544
0.0587241
0.0732665
0.0880733
0.103131
0.11842
0.133916
0.149585
0.165385
0.181268
0.197174
0.213031
0.228759
0.244262
0.259434
0.274156
0.288294
0.301702
0.314223
0.325688
0.335919
0.344732
0.351939
0.357352
0.360791
0.362082
0.361071
0.357622
0.351618
0.342975
0.331773
0.318104
0.300281
0.277028
-0.27086
-0.291014
-0.306461
-0.318309
-0.328043
-0.335616
-0.341
-0.344309
-0.345687
-0.345285
-0.343266
-0.339798
-0.335049
-0.329179
-0.322344
-0.314684
-0.30633
-0.297398
-0.28799
-0.278195
-0.268089
-0.257735
-0.247183
-0.236476
-0.225645
-0.214713
-0.203697
-0.192605
-0.181441
-0.170205
-0.158891
-0.147492
-0.135995
-0.124388
-0.112656
-0.100782
-0.0887493
-0.0765395
-0.0641346
-0.0515168
-0.0386685
-0.0255729
-0.0122145
0.00142099
0.0153459
0.0295704
0.0441017
0.0589441
0.0740979
0.0895592
0.105319
0.121362
0.137667
0.154205
0.170937
0.187818
0.204789
0.22178
0.23871
0.255483
0.271989
0.288102
0.303681
0.31857
0.332598
0.345578
0.357312
0.367593
0.376207
0.382936
0.387568
0.389898
0.389737
0.386921
0.381303
0.372774
0.361406
0.347285
0.328616
0.304052
-0.298242
-0.319622
-0.33587
-0.348156
-0.358065
-0.365558
-0.370619
-0.373389
-0.374039
-0.372754
-0.369728
-0.365159
-0.359243
-0.352168
-0.34411
-0.335229
-0.325672
-0.315568
-0.305027
-0.294147
-0.283007
-0.271673
-0.260198
-0.248623
-0.236978
-0.225285
-0.213558
-0.201801
-0.190016
-0.178199
-0.166339
-0.154426
-0.142443
-0.130374
-0.1182
-0.105899
-0.0934509
-0.0808336
-0.0680247
-0.0550024
-0.0417448
-0.0282312
-0.0144415
-0.000357116
0.0140387
0.0287606
0.0438207
0.059228
0.0749877
0.091101
0.107564
0.124366
0.141491
0.158914
0.176602
0.194512
0.21259
0.230767
0.248963
0.267082
0.285012
0.302621
0.319763
0.336269
0.351955
0.366617
0.380035
0.391975
0.402194
0.41044
0.416464
0.420022
0.420887
0.418855
0.413744
0.405415
0.393924
0.37935
0.359774
0.333776
-0.327942
-0.350706
-0.36784
-0.380583
-0.390638
-0.397976
-0.4026
-0.404683
-0.404435
-0.40208
-0.397851
-0.391983
-0.384706
-0.376237
-0.366778
-0.356511
-0.3456
-0.334186
-0.322391
-0.310317
-0.298049
-0.285654
-0.273187
-0.260686
-0.24818
-0.235687
-0.223217
-0.210772
-0.198349
-0.185938
-0.173525
-0.161095
-0.148627
-0.136099
-0.123489
-0.11077
-0.0979176
-0.0849051
-0.071706
-0.0582939
-0.0446428
-0.0307271
-0.0165224
-0.00200543
0.0128454
0.0280497
0.0436248
0.0595847
0.0759405
0.0926985
0.10986
0.127422
0.145373
0.163694
0.182358
0.201325
0.220548
0.23996
0.259486
0.279028
0.298474
0.31769
0.336522
0.354792
0.372302
0.38883
0.404133
0.417948
0.429998
0.439994
0.447643
0.452655
0.454755
0.453693
0.449239
0.441217
0.429662
0.41464
0.39409
0.366512
-0.360241
-0.384577
-0.402695
-0.415911
-0.426066
-0.433151
-0.43719
-0.438402
-0.437047
-0.433395
-0.427728
-0.420327
-0.41146
-0.401381
-0.390319
-0.378481
-0.366048
-0.353175
-0.339993
-0.326612
-0.313117
-0.299579
-0.286049
-0.272565
-0.259151
-0.245822
-0.232582
-0.219428
-0.206352
-0.193339
-0.180371
-0.167425
-0.154476
-0.141498
-0.128462
-0.115338
-0.102096
-0.0887046
-0.075133
-0.06135
-0.0473248
-0.0330272
-0.018428
-0.00349887
0.0117869
0.0274541
0.0435256
0.0600214
0.0769582
0.0943488
0.112201
0.130518
0.149296
0.168522
0.188175
0.208224
0.228626
0.249321
0.270235
0.291277
0.312334
0.33327
0.353926
0.374118
0.393632
0.412229
0.429641
0.445576
0.459717
0.471733
0.481281
0.488015
0.491604
0.491737
0.488129
0.480552
0.46901
0.45355
0.431952
0.402623
-0.395477
-0.42161
-0.440821
-0.454519
-0.46471
-0.471408
-0.474674
-0.474784
-0.47206
-0.466836
-0.459451
-0.450239
-0.439518
-0.42758
-0.414686
-0.40107
-0.38693
-0.372436
-0.357727
-0.342918
-0.328096
-0.31333
-0.298669
-0.284146
-0.269781
-0.255583
-0.241549
-0.227671
-0.213934
-0.200316
-0.186794
-0.173338
-0.159918
-0.146502
-0.133055
-0.119544
-0.105931
-0.0921823
-0.0782603
-0.0641295
-0.0497542
-0.0350992
-0.0201302
-0.00481389
0.010882
0.026988
0.0435327
0.0605422
0.0780399
0.0960455
0.114574
0.133636
0.153235
0.173367
0.194019
0.215167
0.236776
0.258795
0.281156
0.303772
0.326534
0.349307
0.371929
0.394208
0.415921
0.436809
0.456581
0.47491
0.491441
0.505792
0.517561
0.52634
0.531724
0.533331
0.530804
0.523846
0.512423
0.496549
0.473819
0.442537
-0.434058
-0.462256
-0.482687
-0.496865
-0.506994
-0.513127
-0.515376
-0.514093
-0.509679
-0.502545
-0.493105
-0.481757
-0.468873
-0.45479
-0.439807
-0.424182
-0.408134
-0.391846
-0.375463
-0.359101
-0.34285
-0.326773
-0.310915
-0.295302
-0.279948
-0.264854
-0.250009
-0.235397
-0.220996
-0.206777
-0.192707
-0.178753
-0.164878
-0.151042
-0.137206
-0.123329
-0.109371
-0.0952892
-0.0810436
-0.0665927
-0.0518958
-0.0369125
-0.0216034
-0.00592943
0.010147
0.0266624
0.0436517
0.0611475
0.0791802
0.097777
0.116961
0.136751
0.157159
0.17819
0.199842
0.222101
0.244941
0.26832
0.292179
0.31644
0.340999
0.365726
0.390459
0.415002
0.439122
0.462544
0.484953
0.505989
0.525251
0.542302
0.556675
0.567883
0.575437
0.578863
0.577712
0.571602
0.560437
0.54419
0.520235
0.486758
-0.476485
-0.507069
-0.52886
-0.543497
-0.553427
-0.558756
-0.559671
-0.556623
-0.550118
-0.540665
-0.528766
-0.514896
-0.499491
-0.48294
-0.465579
-0.447693
-0.429521
-0.411254
-0.393043
-0.375004
-0.357222
-0.339755
-0.32264
-0.305893
-0.289519
-0.273509
-0.257843
-0.242496
-0.227435
-0.212624
-0.198024
-0.18359
-0.169281
-0.155049
-0.14085
-0.126636
-0.112361
-0.0979783
-0.0834408
-0.0687025
-0.0537174
-0.0384398
-0.0228248
-0.00682795
0.00959432
0.0264846
0.0438842
0.061833
0.0803686
0.0995262
0.119338
0.139831
0.161028
0.182946
0.205591
0.228963
0.253047
0.277814
0.303216
0.329187
0.355632
0.382429
0.40942
0.43641
0.463158
0.489379
0.514731
0.538823
0.561207
0.581385
0.598812
0.612913
0.623095
0.62877
0.629372
0.624404
0.61369
0.597136
0.571853
0.535891
-0.523373
-0.556732
-0.580039
-0.595084
-0.604613
-0.608817
-0.607984
-0.6027
-0.593605
-0.581331
-0.566489
-0.549645
-0.531308
-0.511921
-0.491862
-0.471441
-0.450914
-0.430477
-0.410283
-0.390444
-0.371036
-0.352106
-0.333681
-0.315765
-0.29835
-0.281414
-0.264927
-0.248851
-0.233145
-0.217762
-0.202653
-0.187767
-0.173052
-0.158456
-0.143927
-0.12941
-0.114854
-0.100206
-0.0854135
-0.0704256
-0.0551907
-0.0396579
-0.0237765
-0.0074966
0.0092314
0.0264564
0.0442264
0.0625885
0.0815882
0.101269
0.121673
0.142837
0.164795
0.187575
0.211197
0.235675
0.261006
0.287178
0.314159
0.341896
0.370309
0.399288
0.428684
0.458308
0.487919
0.51722
0.545854
0.573393
0.599344
0.623143
0.64416
0.661712
0.675084
0.683546
0.686382
0.682946
0.672943
0.656187
0.629466
0.590667
-0.575488
-0.612095
-0.637088
-0.652442
-0.661282
-0.663922
-0.660799
-0.652678
-0.64037
-0.624663
-0.606299
-0.585952
-0.56421
-0.541576
-0.518467
-0.495218
-0.472093
-0.449294
-0.426965
-0.405208
-0.384086
-0.363633
-0.343858
-0.32475
-0.306285
-0.288426
-0.271129
-0.254345
-0.238018
-0.222092
-0.206506
-0.191203
-0.17612
-0.161198
-0.146378
-0.131599
-0.116803
-0.101932
-0.086928
-0.0717338
-0.056293
-0.040549
-0.0244461
-0.00792829
0.00905981
0.0265735
0.0446678
0.0633971
0.0828151
0.102975
0.123927
0.14572
0.168401
0.192009
0.216581
0.242144
0.268714
0.296297
0.324878
0.354425
0.384877
0.416141
0.448085
0.480532
0.513245
0.545928
0.578208
0.60963
0.639654
0.667647
0.692885
0.714564
0.731818
0.743747
0.749437
0.748045
0.739115
0.72232
0.694045
0.65198
-0.633798
-0.674233
-0.701088
-0.716576
-0.72431
-0.72479
-0.718662
-0.706931
-0.690632
-0.670746
-0.648172
-0.623705
-0.598022
-0.571685
-0.545147
-0.518761
-0.492794
-0.46744
-0.442832
-0.419053
-0.396146
-0.374125
-0.352976
-0.33267
-0.313161
-0.294398
-0.276318
-0.258856
-0.241946
-0.225516
-0.209498
-0.193821
-0.178416
-0.163215
-0.148151
-0.133158
-0.118171
-0.103125
-0.087957
-0.0726054
-0.0570076
-0.0411023
-0.0248278
-0.00812285
0.00907406
0.0268246
0.0451906
0.0642341
0.0840173
0.104602
0.12605
0.148422
0.171775
0.196167
0.221647
0.248262
0.276047
0.305029
0.335217
0.366602
0.399148
0.432787
0.467412
0.502863
0.538924
0.575301
0.611619
0.647403
0.68207
0.714918
0.745124
0.771744
0.793737
0.809988
0.819337
0.820676
0.81332
0.796736
0.766794
0.720939
-0.699537
-0.744512
-0.773403
-0.78873
-0.794755
-0.792257
-0.782178
-0.765846
-0.744584
-0.719612
-0.692012
-0.662714
-0.632488
-0.601951
-0.571582
-0.541743
-0.512692
-0.484605
-0.45759
-0.431704
-0.406963
-0.383349
-0.360825
-0.339334
-0.31881
-0.299177
-0.280356
-0.262266
-0.244822
-0.227942
-0.211545
-0.19555
-0.179878
-0.164454
-0.149201
-0.134048
-0.118924
-0.103757
-0.0884808
-0.073026
-0.0573261
-0.0413143
-0.0249239
-0.00808796
0.0092607
0.02719
0.0457688
0.0650665
0.085154
0.106102
0.127984
0.150872
0.174838
0.199953
0.226286
0.253903
0.282862
0.313213
0.344993
0.378222
0.412896
0.448981
0.4864
0.525027
0.564671
0.605062
0.645831
0.686496
0.726442
0.764903
0.800952
0.833497
0.861288
0.882949
0.897007
0.902002
0.896925
0.880937
0.849232
0.798935
-0.774305
-0.824704
-0.855774
-0.870458
-0.873895
-0.867288
-0.852002
-0.829796
-0.802361
-0.771204
-0.737619
-0.702681
-0.667247
-0.631978
-0.597367
-0.563763
-0.531402
-0.500425
-0.470904
-0.442855
-0.416257
-0.391056
-0.367181
-0.344546
-0.323055
-0.302611
-0.283111
-0.264456
-0.246545
-0.229282
-0.212573
-0.196326
-0.180452
-0.164868
-0.149491
-0.13424
-0.11904
-0.103814
-0.0884885
-0.0729907
-0.0572486
-0.0411907
-0.0247452
-0.00784005
0.00959757
0.0276416
0.0463675
0.0658522
0.0861749
0.107416
0.12966
0.15299
0.177494
0.20326
0.230374
0.258924
0.288994
0.32066
0.353993
0.389046
0.425855
0.464426
0.504727
0.546676
0.590126
0.634842
0.680485
0.726583
0.772506
0.817439
0.860356
0.900004
0.934903
0.96336
0.983504
0.993411
0.991612
0.976816
0.943298
0.887748
-0.86021
-0.917135
-0.950449
-0.963704
-0.96327
-0.950986
-0.928819
-0.899102
-0.863991
-0.825331
-0.784651
-0.743165
-0.701805
-0.661254
-0.621992
-0.584334
-0.548468
-0.514482
-0.482394
-0.452167
-0.423729
-0.396982
-0.371814
-0.348103
-0.325723
-0.304548
-0.284453
-0.265317
-0.247022
-0.229458
-0.212516
-0.196094
-0.180095
-0.164424
-0.148993
-0.133715
-0.118506
-0.103288
-0.0879792
-0.0725039
-0.056785
-0.0407465
-0.0243121
-0.00740487
0.0100532
0.0281418
0.0469426
0.0665398
0.0870205
0.108475
0.130998
0.154685
0.17964
0.205966
0.233771
0.263165
0.294259
0.327161
0.361976
0.3988
0.437713
0.478773
0.522004
0.567385
0.614829
0.664161
0.715094
0.767195
0.819848
0.872211
0.923177
0.971337
1.01496
1.05198
1.08002
1.09656
1.09948
1.08679
1.05151
0.989694
-0.960088
-1.02491
-1.06037
-1.07092
-1.06472
-1.04457
-1.01329
-0.973971
-0.929331
-0.881606
-0.832561
-0.783535
-0.735499
-0.689121
-0.644831
-0.602874
-0.563361
-0.526303
-0.491642
-0.459272
-0.429059
-0.400851
-0.374488
-0.349805
-0.326643
-0.304845
-0.284261
-0.264748
-0.24617
-0.228401
-0.21132
-0.194813
-0.178773
-0.163098
-0.147692
-0.132463
-0.117322
-0.102183
-0.0869631
-0.0715809
-0.0559556
-0.0400071
-0.0236549
-0.00681785
0.0105868
0.0286439
0.0474409
0.0670687
0.0876221
0.109201
0.131908
0.155856
0.181158
0.207938
0.236324
0.266449
0.298453
0.332479
0.368671
0.407171
0.448112
0.491615
0.537772
0.58664
0.638214
0.692407
0.749017
0.807686
0.867852
0.92869
0.989049
1.04738
1.1017
1.14953
1.18788
1.21342
1.22312
1.214
1.17721
1.10785
-1.07785
-1.15228
-1.1894
-1.19519
-1.18042
-1.14935
-1.10599
-1.05439
-0.997964
-0.939352
-0.880533
-0.822919
-0.767461
-0.714754
-0.665123
-0.618698
-0.575476
-0.535359
-0.498191
-0.463779
-0.431915
-0.402382
-0.374965
-0.349455
-0.325652
-0.303368
-0.282426
-0.262661
-0.243919
-0.226058
-0.208944
-0.192453
-0.176468
-0.16088
-0.145587
-0.13049
-0.115496
-0.100516
-0.0854616
-0.0702481
-0.0547913
-0.0390079
-0.0228137
-0.00612399
0.0111481
0.029092
0.0478003
0.0673699
0.0879027
0.109506
0.132295
0.156391
0.181924
0.209033
0.237867
0.268586
0.301357
0.33636
0.373782
0.413814
0.456653
0.502489
0.551499
0.603833
0.659596
0.718819
0.781426
0.847184
0.915644
0.98606
1.0573
1.12774
1.19515
1.25663
1.30846
1.34628
1.36582
1.36255
1.3249
1.24643
-1.21904
-1.30513
-1.34274
-1.34039
-1.31286
-1.26659
-1.2072
-1.13997
-1.06906
-0.997497
-0.927394
-0.860143
-0.79658
-0.737137
-0.681964
-0.631018
-0.584134
-0.541073
-0.501555
-0.465283
-0.431961
-0.401299
-0.373021
-0.346868
-0.322601
-0.299999
-0.278856
-0.258986
-0.240218
-0.222392
-0.205365
-0.189001
-0.173177
-0.157775
-0.142689
-0.127814
-0.113054
-0.0983157
-0.0835078
-0.0685427
-0.0533337
-0.0377944
-0.0218383
-0.00537736
0.0116785
0.0294223
0.0479511
0.067367
0.0877779
0.109299
0.132053
0.156174
0.181804
0.209099
0.238228
0.269375
0.302738
0.338532
0.376989
0.418357
0.462897
0.51088
0.562579
0.61826
0.678161
0.74247
0.811282
0.884554
0.962025
1.04312
1.12684
1.21157
1.29494
1.37362
1.44312
1.49779
1.53165
1.53789
1.50082
1.41135
-1.39183
-1.49187
-1.52735
-1.51133
-1.46477
-1.39731
-1.31673
-1.22972
-1.14119
-1.05442
-0.97151
-0.893665
-0.82146
-0.755046
-0.694303
-0.638944
-0.588593
-0.542831
-0.501232
-0.463376
-0.428867
-0.397336
-0.368444
-0.341881
-0.317365
-0.294641
-0.273481
-0.253674
-0.235033
-0.217386
-0.200577
-0.184463
-0.168912
-0.153804
-0.139025
-0.124467
-0.110032
-0.0956224
-0.0811461
-0.0665129
-0.0516342
-0.0364218
-0.0207871
-0.00464013
0.0121116
0.0295639
0.0478173
0.0669779
0.0871585
0.108481
0.131075
0.155084
0.180663
0.207983
0.23723
0.268612
0.302356
0.338714
0.377963
0.420406
0.466375
0.516228
0.570347
0.629128
0.692972
0.762257
0.837311
0.918348
1.0054
1.09819
1.19598
1.29738
1.40002
1.5003
1.59293
1.67077
1.72561
1.7473
1.71379
1.61125
-1.60875
-1.72473
-1.75261
-1.71379
-1.63881
-1.5419
-1.43346
-1.32169
-1.21203
-1.10777
-1.01067
-0.921515
-0.840401
-0.767047
-0.700951
-0.641505
-0.588067
-0.540005
-0.49672
-0.457661
-0.422324
-0.390256
-0.361054
-0.334356
-0.309842
-0.287226
-0.266254
-0.246698
-0.228355
-0.211042
-0.194593
-0.17886
-0.163705
-0.149002
-0.134635
-0.120494
-0.106478
-0.0924884
-0.0784316
-0.0642163
-0.0497531
-0.0349528
-0.0197258
-0.00398102
0.0123754
0.0294412
0.0473187
0.0661171
0.0859528
0.106952
0.129251
0.153001
0.178367
0.205531
0.234698
0.266095
0.299976
0.336627
0.376368
0.419559
0.466602
0.517946
0.574087
0.635568
0.702973
0.776911
0.857992
0.946776
1.0437
1.14895
1.26229
1.38277
1.50837
1.6355
1.75828
1.86801
1.95373
2.00056
1.97659
1.85937
-1.89009
-2.0219
-2.03106
-1.95436
-1.83702
-1.69938
-1.55475
-1.41249
-1.2781
-1.15428
-1.04201
-0.941256
-0.851391
-0.771513
-0.700612
-0.637679
-0.581759
-0.531976
-0.487548
-0.44778
-0.412062
-0.37986
-0.350707
-0.324196
-0.29997
-0.277717
-0.257161
-0.23806
-0.220199
-0.203386
-0.187449
-0.172235
-0.157601
-0.143421
-0.129575
-0.115953
-0.102453
-0.0889762
-0.0754286
-0.0617191
-0.0477582
-0.0334569
-0.0187257
-0.00347318
0.0123946
0.0289757
0.0463737
0.0646988
0.0840698
0.104616
0.126477
0.14981
0.174786
0.2016
0.230467
0.261632
0.295373
0.332004
0.371885
0.415427
0.463101
0.515442
0.573065
0.636666
0.707026
0.785015
0.871577
0.9677
1.07436
1.19239
1.32234
1.46409
1.61646
1.77645
1.93815
2.0916
2.22282
2.31062
2.30813
2.17695
-2.27059
-2.41092
-2.37888
-2.23954
-2.05945
-1.86621
-1.67545
-1.49669
-1.33433
-1.18957
-1.06189
-0.949976
-0.852146
-0.766677
-0.691936
-0.626446
-0.568903
-0.518177
-0.473298
-0.433432
-0.39787
-0.366003
-0.337311
-0.311347
-0.287725
-0.266113
-0.246219
-0.227792
-0.210607
-0.194468
-0.1792
-0.164646
-0.150664
-0.137125
-0.123912
-0.110913
-0.098027
-0.0851566
-0.0722088
-0.0590935
-0.0457224
-0.0320076
-0.0178608
-0.00319177
0.0120925
0.0280895
0.0449021
0.0626403
0.0814231
0.10138
0.122654
0.145404
0.169806
0.196059
0.22439
0.255054
0.288346
0.324604
0.364221
0.40765
0.455422
0.508153
0.566565
0.631504
0.703955
0.78506
0.876132
0.978658
1.09427
1.22468
1.37151
1.53602
1.71858
1.91776
2.12877
2.34152
2.53955
2.69419
2.73692
2.60032
-2.81314
-2.93357
-2.81506
-2.57291
-2.3013
-2.03394
-1.7864
-1.56585
-1.3736
-1.20791
-1.06588
-0.944311
-0.840153
-0.750686
-0.67357
-0.606824
-0.548796
-0.498111
-0.453623
-0.414383
-0.379595
-0.348594
-0.320818
-0.295795
-0.273118
-0.252443
-0.233472
-0.215945
-0.199638
-0.184353
-0.169914
-0.156166
-0.142967
-0.130191
-0.117721
-0.105449
-0.0932755
-0.0811052
-0.0688475
-0.0564147
-0.0437206
-0.0306799
-0.0172063
-0.00321216
0.0113936
0.026706
0.042826
0.0598618
0.0779306
0.0971607
0.117694
0.139688
0.163322
0.188794
0.216336
0.24621
0.27872
0.314219
0.353121
0.39591
0.443162
0.495559
0.553913
0.619202
0.692594
0.775496
0.869598
0.976915
1.09983
1.24109
1.40378
1.59109
1.8059
2.04982
2.32129
2.61265
2.90749
3.17069
3.30595
3.19487
-3.63211
-3.65031
-3.35765
-2.95029
-2.54886
-2.18662
-1.87296
-1.60795
-1.38662
-1.20243
-1.04899
-0.920712
-0.81292
-0.721811
-0.644324
-0.57801
-0.520906
-0.471432
-0.428314
-0.390514
-0.357185
-0.327626
-0.301256
-0.277588
-0.256212
-0.236781
-0.218998
-0.202604
-0.187379
-0.173128
-0.159679
-0.146881
-0.134596
-0.122702
-0.111085
-0.0996432
-0.0882788
-0.0769008
-0.065422
-0.0537584
-0.0418273
-0.0295467
-0.0168341
-0.00360492
0.010228
0.0247564
0.0400773
0.0562954
0.073524
0.0918878
0.111525
0.132589
0.155256
0.179722
0.206215
0.234998
0.266374
0.300701
0.338401
0.379975
0.426021
0.477261
0.534571
0.599021
0.671926
0.754914
0.850005
0.959718
1.08719
1.23633
1.41189
1.61958
1.86589
2.15741
2.49909
2.89069
3.32213
3.7584
4.07681
4.07838
-4.93394
-4.64064
-4.01645
-3.35562
-2.77797
-2.30082
-1.9162
-1.60908
-1.36375
-1.16669
-1.0071
-0.87664
-0.768962
-0.679252
-0.603844
-0.539927
-0.485326
-0.43834
-0.397627
-0.362114
-0.33094
-0.303399
-0.278915
-0.257007
-0.237275
-0.219381
-0.203035
-0.187993
-0.174039
-0.160988
-0.148676
-0.136959
-0.125707
-0.114802
-0.104139
-0.0936182
-0.0831492
-0.0726455
-0.0620248
-0.0512076
-0.0401159
-0.0286724
-0.0167988
-0.00441562
0.00855979
0.0222141
0.0366393
0.0519344
0.0682073
0.0855762
0.104173
0.124144
0.145657
0.168903
0.194098
0.221498
0.251399
0.284149
0.320163
0.359937
0.404072
0.453295
0.508506
0.570815
0.641619
0.722681
0.816256
0.925253
1.05346
1.20585
1.38893
1.61129
1.88396
2.22079
2.63781
3.15049
3.76663
4.46678
5.12953
5.46078
-7.17813
-6.00422
-4.75336
-3.73052
-2.93577
-2.33561
-1.88773
-1.55092
-1.29373
-1.09405
-0.936456
-0.810108
-0.707352
-0.622708
-0.552184
-0.492827
-0.44241
-0.399233
-0.361973
-0.329587
-0.301247
-0.27628
-0.254139
-0.234373
-0.216603
-0.200515
-0.185839
-0.172344
-0.159833
-0.148132
-0.137089
-0.12657
-0.116455
-0.106635
-0.0970119
-0.0874935
-0.0779954
-0.0684378
-0.0587441
-0.0488408
-0.0386554
-0.028116
-0.0171503
-0.00568433
0.00635863
0.019059
0.0325021
0.04678
0.0619928
0.0782503
0.095675
0.114404
0.134592
0.156417
0.180083
0.205827
0.233927
0.264711
0.298571
0.335977
0.377501
0.423843
0.475872
0.534678
0.601642
0.678543
0.767704
0.872203
0.996185
1.14533
1.32756
1.55404
1.84066
2.21011
2.69466
3.33686
4.18015
5.25641
6.56567
7.80735
-11.5602
-7.80268
-5.29308
-3.82
-2.84178
-2.17229
-1.71136
-1.38442
-1.14419
-0.962315
-0.82113
-0.709158
-0.618739
-0.544611
-0.483055
-0.431372
-0.387559
-0.350099
-0.31782
-0.289803
-0.265318
-0.243776
-0.224695
-0.207678
-0.192394
-0.178565
-0.165953
-0.154356
-0.143598
-0.133525
-0.124003
-0.114912
-0.106145
-0.097605
-0.0892038
-0.0808597
-0.0724966
-0.0640428
-0.0554295
-0.0465905
-0.0374607
-0.0279753
-0.0180691
-0.00767573
0.00327386
0.0148519
0.027135
0.0402057
0.0541534
0.0690765
0.0850842
0.102299
0.120858
0.140919
0.162665
0.186304
0.212083
0.240293
0.27128
0.305461
0.34334
0.38554
0.432831
0.486183
0.546834
0.616386
0.696952
0.791369
0.903539
1.03896
1.2056
1.41537
1.68652
2.04824
2.54904
3.26601
4.30365
5.85008
8.4499
12.3182
-18.9699
-9.55627
-5.06816
-3.2474
-2.28439
-1.70024
-1.32934
-1.07809
-0.896658
-0.759575
-0.652648
-0.567232
-0.497734
-0.440362
-0.392435
-0.351997
-0.317582
-0.288067
-0.262575
-0.240414
-0.221025
-0.203954
-0.188825
-0.175328
-0.163199
-0.152217
-0.14219
-0.132955
-0.124367
-0.1163
-0.108644
-0.101299
-0.0941741
-0.0871894
-0.0802698
-0.073346
-0.0663535
-0.0592309
-0.0519195
-0.0443626
-0.0365042
-0.0282889
-0.0196607
-0.0105627
-0.000935914
0.00928135
0.0201543
0.031753
0.0441529
0.0574369
0.0716963
0.0870331
0.103562
0.121413
0.140734
0.161698
0.184504
0.209386
0.236622
0.266542
0.299546
0.336121
0.376866
0.422529
0.474057
0.532663
0.599933
0.677983
0.769703
0.879161
1.01232
1.1783
1.39196
1.67956
2.09194
2.72596
3.75691
5.67365
10.2794
19.8164
)
;

boundaryField
{
    movingWall
    {
        type            zeroGradient;
    }
    fixedWalls
    {
        type            zeroGradient;
    }
    frontAndBack
    {
        type            empty;
    }
}


// ************************************************************************* //
