/*--------------------------------*- C++ -*----------------------------------*\
  =========                 |
  \\      /  F ield         | OpenFOAM: The Open Source CFD Toolbox
   \\    /   O peration     | Website:  https://openfoam.org
    \\  /    A nd           | Version:  7
     \\/     M anipulation  |
\*---------------------------------------------------------------------------*/
FoamFile
{
    version     2.0;
    format      ascii;
    class       volScalarField;
    location    "0.275";
    object      p;
}
// * * * * * * * * * * * * * * * * * * * * * * * * * * * * * * * * * * * * * //

dimensions      [0 2 -2 0 0 0 0];

internalField   nonuniform List<scalar> 
6400
(
3.03979e-06
1.74002e-05
-0.000489262
-0.00152227
-0.00296456
-0.00470593
-0.00664623
-0.00869602
-0.010778
-0.0128268
-0.0147872
-0.0166132
-0.0182663
-0.0197148
-0.0209329
-0.0218999
-0.0225996
-0.02302
-0.0231524
-0.0229915
-0.0225347
-0.0217823
-0.0207365
-0.019402
-0.0177853
-0.0158946
-0.0137397
-0.0113319
-0.00868389
-0.00580951
-0.00272374
0.000557374
0.00401686
0.00763687
0.0113988
0.0152831
0.01927
0.0233387
0.0274681
0.0316368
0.035823
0.0400045
0.0441592
0.0482648
0.052299
0.0562398
0.0600653
0.0637541
0.0672854
0.0706388
0.073795
0.0767354
0.0794427
0.0819009
0.0840953
0.0860129
0.0876425
0.0889749
0.0900031
0.0907225
0.0911312
0.0912302
0.0910233
0.0905181
0.0897255
0.0886606
0.0873427
0.085796
0.0840499
0.0821395
0.0801065
0.0780001
0.0758779
0.0738068
0.0718643
0.0701388
0.0687276
0.0677347
0.0672669
0.0673045
-6.56956e-06
6.76669e-06
-0.000447095
-0.00133069
-0.00254452
-0.00400933
-0.00564949
-0.00739284
-0.00917411
-0.0109359
-0.0126285
-0.0142093
-0.0156425
-0.0168978
-0.01795
-0.0187788
-0.0193678
-0.0197048
-0.0197806
-0.0195891
-0.019127
-0.0183935
-0.0173901
-0.0161203
-0.0145896
-0.012805
-0.0107754
-0.00851076
-0.00602266
-0.00332375
-0.000427838
0.00265028
0.00589485
0.00928928
0.0128162
0.0164574
0.0201943
0.0240075
0.0278772
0.0317834
0.0357057
0.0396232
0.0435153
0.0473611
0.0511399
0.054831
0.0584141
0.0618693
0.0651773
0.0683193
0.0712773
0.0740345
0.0765748
0.0788838
0.0809481
0.0827562
0.0842982
0.085566
0.0865538
0.0872582
0.0876781
0.0878152
0.0876741
0.0872628
0.0865924
0.0856781
0.0845388
0.0831977
0.0816831
0.0800281
0.0782717
0.0764588
0.0746407
0.0728759
0.0712298
0.0697738
0.0685811
0.0677266
0.0673034
0.0673418
0.000499763
0.000461591
7.65551e-06
-0.000808298
-0.00189891
-0.00320082
-0.00465297
-0.00619537
-0.00777243
-0.00933405
-0.0108359
-0.0122392
-0.0135108
-0.0146224
-0.01555
-0.0162742
-0.016779
-0.0170522
-0.0170845
-0.0168695
-0.0164036
-0.0156854
-0.0147158
-0.0134975
-0.0120352
-0.0103353
-0.00840557
-0.00625532
-0.00389509
-0.00133662
0.00140726
0.00432271
0.00739501
0.0106086
0.013947
0.0173932
0.0209296
0.024538
0.0281996
0.0318955
0.0356064
0.0393127
0.0429948
0.0466331
0.050208
0.0537
0.05709
0.0603593
0.0634898
0.0664639
0.0692648
0.0718768
0.0742851
0.0764762
0.078438
0.0801598
0.0816327
0.0828496
0.0838055
0.0844976
0.0849255
0.0850913
0.0849999
0.0846594
0.084081
0.0832794
0.0822728
0.0810833
0.0797375
0.0782664
0.076706
0.0750969
0.0734849
0.0719212
0.0704614
0.0691651
0.0680915
0.0673008
0.0668785
0.0668757
0.00153237
0.0013471
0.000823456
4.45391e-06
-0.00104339
-0.00226655
-0.00361324
-0.00503269
-0.00647728
-0.00790345
-0.00927203
-0.0105483
-0.0117019
-0.0127068
-0.0135409
-0.0141856
-0.014626
-0.0148503
-0.0148493
-0.0146168
-0.0141489
-0.0134441
-0.0125027
-0.0113272
-0.00992173
-0.00829189
-0.00644494
-0.00438945
-0.00213525
0.000306713
0.00292439
0.00570477
0.00863396
0.0116972
0.014879
0.0181633
0.0215331
0.0249714
0.0284603
0.0319818
0.0355174
0.0390488
0.0425572
0.0460239
0.0494303
0.0527581
0.055989
0.0591054
0.06209
0.0649263
0.0675985
0.0700917
0.0723921
0.074487
0.076365
0.0780164
0.0794329
0.0806081
0.0815374
0.0822185
0.0826514
0.0828384
0.0827845
0.0824976
0.0819884
0.0812711
0.0803629
0.0792846
0.0780609
0.0767205
0.0752959
0.0738239
0.0723453
0.0709047
0.06955
0.0683317
0.0673005
0.0665078
0.0660217
0.0658859
0.00298082
0.00256917
0.00191769
0.00104582
-9.40366e-06
-0.00120326
-0.00249181
-0.00383266
-0.00518552
-0.00651292
-0.00778073
-0.00895826
-0.0100184
-0.0109374
-0.0116952
-0.0122747
-0.0126619
-0.0128457
-0.0128176
-0.0125713
-0.0121033
-0.0114117
-0.0104968
-0.00936069
-0.00800703
-0.00644106
-0.00466946
-0.00270019
-0.000542421
0.00179356
0.00429643
0.00695392
0.00975289
0.0126794
0.0157187
0.0188556
0.0220741
0.0253577
0.0286896
0.0320527
0.0354294
0.0388021
0.042153
0.0454644
0.0487186
0.0518979
0.0549852
0.0579637
0.060817
0.0635293
0.0660858
0.0684723
0.0706758
0.0726844
0.0744874
0.0760756
0.0774413
0.0785785
0.0794833
0.0801535
0.0805892
0.0807928
0.0807692
0.080526
0.0800733
0.0794244
0.0785954
0.0776056
0.0764778
0.0752379
0.0739152
0.0725427
0.071156
0.0697938
0.0684972
0.0673086
0.0662712
0.0654288
0.0648226
0.0644748
0.00474295
0.00405469
0.00323223
0.00226706
0.00116295
-4.3081e-05
-0.00131381
-0.0026145
-0.00391154
-0.00517312
-0.0063698
-0.00747486
-0.00846438
-0.00931732
-0.0100155
-0.0105435
-0.0108886
-0.0110405
-0.0109913
-0.0107353
-0.0102689
-0.00959067
-0.00870059
-0.00760057
-0.00629402
-0.00478582
-0.0030822
-0.00119062
0.000880298
0.00312087
0.0055204
0.00806729
0.0107491
0.0135525
0.0164637
0.0194681
0.0225504
0.0256951
0.0288861
0.032107
0.0353412
0.0385717
0.0417817
0.0449542
0.0480722
0.0511191
0.0540784
0.0569341
0.0596705
0.0622728
0.0647266
0.0670185
0.0691362
0.0710683
0.0728048
0.0743368
0.0756572
0.0767604
0.0776425
0.0783017
0.0787379
0.0789536
0.0789533
0.0787442
0.0783357
0.07774
0.0769721
0.0760495
0.074993
0.0738258
0.0725742
0.0712671
0.0699357
0.0686133
0.0673343
0.0661343
0.0650502
0.0641186
0.0633494
0.0627386
0.00672799
0.00573484
0.00471165
0.00362162
0.00243472
0.00118151
-0.00010624
-0.00140054
-0.00267386
-0.00389946
-0.00505231
-0.00610941
-0.00705
-0.00785567
-0.00851032
-0.00900025
-0.009314
-0.00944233
-0.00937814
-0.00911634
-0.00865372
-0.00798882
-0.00712186
-0.00605463
-0.00479039
-0.00333374
-0.00169057
0.000132046
0.00212597
0.00428201
0.00659003
0.009039
0.0116171
0.0143116
0.0171095
0.0199966
0.0229587
0.0259807
0.0290473
0.0321429
0.0352514
0.0383568
0.0414429
0.0444934
0.0474921
0.050423
0.0532703
0.0560187
0.0586532
0.0611595
0.0635239
0.0657336
0.0677768
0.0696425
0.0713211
0.0728043
0.074085
0.075158
0.0760195
0.0766677
0.0771024
0.0773259
0.0773422
0.0771578
0.0767816
0.0762247
0.0755004
0.0746249
0.0736166
0.0724963
0.0712874
0.0700149
0.0687059
0.0673887
0.0660924
0.064846
0.0636814
0.0626292
0.0616671
0.060764
0.00885667
0.00754502
0.00630205
0.00506414
0.00376848
0.0024404
0.00110732
-0.000208593
-0.00148513
-0.00270017
-0.00383272
-0.00486328
-0.00577408
-0.00654923
-0.00717476
-0.00763866
-0.0079309
-0.00804337
-0.00796986
-0.00770591
-0.0072488
-0.00659735
-0.00575195
-0.00471443
-0.00348796
-0.002077
-0.000487195
0.00127473
0.00320099
0.00528282
0.00751054
0.00987363
0.0123608
0.01496
0.0176585
0.0204431
0.0232999
0.0262147
0.0291727
0.0321589
0.035158
0.0381546
0.0411329
0.0440775
0.0469728
0.0498033
0.0525538
0.0552097
0.0577565
0.0601803
0.062468
0.0646072
0.0665866
0.0683955
0.0700246
0.0714658
0.0727123
0.0737589
0.0746019
0.0752392
0.0756707
0.0758981
0.075925
0.0757572
0.0754026
0.0748713
0.0741753
0.073329
0.0723487
0.0712528
0.0700618
0.0687975
0.0674831
0.0661427
0.0648002
0.0634792
0.0622078
0.0610117
0.059837
0.058627
0.011062
0.00942789
0.00795403
0.0065521
0.00512834
0.00370394
0.00230296
0.00094262
-0.000359487
-0.00158535
-0.00271763
-0.00374007
-0.0046377
-0.00539703
-0.00600613
-0.00645473
-0.00673424
-0.00683773
-0.00675992
-0.0064971
-0.00604705
-0.00540901
-0.00458361
-0.00357281
-0.0023798
-0.00100896
0.00053426
0.00224335
0.00411081
0.00612825
0.00828635
0.010575
0.0129834
0.0155001
0.0181128
0.0208088
0.0235748
0.0263971
0.0292615
0.0321536
0.0350587
0.0379618
0.040848
0.043702
0.046509
0.049254
0.0519224
0.0544998
0.0569723
0.0593265
0.0615497
0.0636297
0.0655554
0.0673167
0.0689043
0.0703102
0.0715278
0.0725519
0.0733785
0.0740055
0.0744325
0.0746605
0.0746928
0.0745344
0.0741922
0.0736751
0.0729938
0.0721611
0.0711912
0.0701003
0.0689062
0.0676278
0.0662847
0.0648975
0.0634856
0.062068
0.0606698
0.0593129
0.0579139
0.056392
0.013288
0.0113335
0.00962326
0.00804647
0.00648042
0.0049433
0.00345662
0.00203344
0.000687365
-0.000567185
-0.00171614
-0.00274621
-0.003645
-0.00440126
-0.00500504
-0.00544775
-0.00572224
-0.00582278
-0.00574506
-0.00548613
-0.00504438
-0.00441951
-0.00361248
-0.00262542
-0.00146162
-0.000125447
0.00137773
0.00304157
0.00485881
0.00682131
0.00892009
0.0111454
0.0134869
0.0159333
0.0184731
0.0210939
0.023783
0.026527
0.0293124
0.0321251
0.034951
0.0377756
0.0405845
0.0433628
0.0460962
0.04877
0.0513702
0.0538828
0.0562941
0.0585912
0.0607614
0.0627931
0.0646753
0.0663979
0.0679518
0.0693292
0.0705232
0.0715286
0.0723413
0.0729589
0.0733805
0.0736067
0.0736401
0.0734849
0.073147
0.0726342
0.0719559
0.0711232
0.0701487
0.0690462
0.0678312
0.0665198
0.0651289
0.0636754
0.0621754
0.0606441
0.0591041
0.0575749
0.0559452
0.0541124
0.0154879
0.0132183
0.0112702
0.00951164
0.00779323
0.00613105
0.00454485
0.00304415
0.00163914
0.000341126
-0.000838705
-0.00188968
-0.00280179
-0.0035659
-0.0041739
-0.00461884
-0.00489496
-0.00499771
-0.00492374
-0.00467094
-0.00423833
-0.00362612
-0.00283563
-0.00186926
-0.000730432
0.000576434
0.00204599
0.00367199
0.00544733
0.00736408
0.00941351
0.0115862
0.0138721
0.0162603
0.0187397
0.0212983
0.0239238
0.0266033
0.0293237
0.0320713
0.0348324
0.0375929
0.0403388
0.0430558
0.0457297
0.0483464
0.050892
0.0533529
0.0557157
0.0579677
0.0600965
0.0620905
0.0639389
0.0656317
0.0671598
0.0685152
0.0696911
0.070682
0.0714836
0.0720931
0.0725091
0.0727317
0.0727628
0.0726057
0.0722654
0.0717486
0.0710633
0.0702191
0.069227
0.0680989
0.066848
0.065488
0.0640332
0.0624979
0.060895
0.0592366
0.0575439
0.0558346
0.0539717
0.0518324
0.0176225
0.0150447
0.0128595
0.0109153
0.00903767
0.00724136
0.00554503
0.00395525
0.00247929
0.00112577
-9.66362e-05
-0.00117959
-0.00211523
-0.00289636
-0.00351664
-0.00397065
-0.00425396
-0.00436317
-0.00429593
-0.0040509
-0.00362782
-0.00302742
-0.00225143
-0.00130254
-0.000184386
0.00109852
0.0025408
0.00413624
0.00587783
0.00775779
0.0097676
0.0118981
0.0141394
0.0164811
0.0189123
0.0214213
0.0239963
0.0266246
0.0292935
0.0319898
0.0347
0.0374105
0.0401075
0.042777
0.0454052
0.0479783
0.0504826
0.0529047
0.0552314
0.0574501
0.0595487
0.0615156
0.0633399
0.0650117
0.0665218
0.0678621
0.0690255
0.0700064
0.0708001
0.0714033
0.0718141
0.0720321
0.0720583
0.0718954
0.0715472
0.0710194
0.0703188
0.0694536
0.068433
0.0672674
0.0659681
0.0645466
0.0630151
0.0613853
0.0596679
0.0578723
0.056019
0.0541247
0.0520284
0.0495885
0.0196584
0.0167798
0.0143598
0.0122282
0.0101869
0.00824997
0.00643549
0.00474762
0.00319117
0.00177248
0.000498004
-0.000625976
-0.00159355
-0.00239931
-0.00303852
-0.00350721
-0.00380223
-0.00392128
-0.00386297
-0.00362678
-0.00321313
-0.00262331
-0.00185949
-0.000924692
0.000177215
0.00144156
0.00286289
0.00443498
0.00615085
0.00800283
0.00998254
0.012081
0.0142886
0.0165951
0.0189899
0.0214617
0.0239987
0.0265889
0.0292196
0.031878
0.034551
0.0372251
0.0398868
0.0425225
0.0451185
0.0476612
0.0501371
0.0525331
0.0548359
0.0570331
0.0591125
0.0610626
0.0628726
0.0645322
0.0660323
0.0673644
0.0685214
0.0694971
0.0702864
0.0708857
0.0712925
0.0715057
0.0715255
0.0713538
0.0709935
0.0704492
0.0697265
0.0688323
0.0677744
0.0665617
0.0652036
0.06371
0.0620912
0.060357
0.0585159
0.0565755
0.054556
0.0524737
0.0501453
0.0474111
0.0215667
0.0183951
0.0157433
0.0134238
0.0112161
0.00913401
0.00719547
0.00540263
0.00375826
0.00226674
0.000932616
-0.000239681
-0.00124598
-0.0020825
-0.002746
-0.00323383
-0.00354406
-0.00367544
-0.00362753
-0.00340062
-0.00299579
-0.00241492
-0.00166061
-0.000736268
0.000353979
0.00160527
0.00301201
0.00456794
0.00626606
0.00809876
0.0100578
0.0121342
0.0143187
0.0166012
0.0189712
0.0214177
0.0239293
0.026494
0.0290995
0.0317332
0.0343822
0.0370333
0.0396732
0.0422883
0.0448653
0.0473907
0.0498511
0.0522333
0.0545244
0.0567116
0.0587829
0.0607268
0.0625321
0.0641886
0.0656867
0.067018
0.0681747
0.0691504
0.0699395
0.0705379
0.0709424
0.0711514
0.0711643
0.0709819
0.0706065
0.0700414
0.0692913
0.0683618
0.0672594
0.0659917
0.0645665
0.0629923
0.0612777
0.0594311
0.0574593
0.0553683
0.0531786
0.0509067
0.0483479
0.0453259
0.0233226
0.019865
0.0169849
0.0144778
0.0121022
0.00987198
0.00780509
0.00590215
0.00416418
0.0025939
0.0011942
-3.21417e-05
-0.00108251
-0.0019546
-0.00264651
-0.00315686
-0.00348483
-0.00363021
-0.00359344
-0.00337561
-0.00297848
-0.00240447
-0.00165668
-0.000738879
0.000344501
0.00158837
0.00298698
0.00453395
0.00622229
0.00804435
0.00999194
0.0120563
0.0142281
0.0164975
0.0188542
0.0212873
0.0237856
0.0263373
0.0289304
0.0315523
0.0341904
0.0368317
0.0394629
0.0420707
0.0446418
0.0471627
0.0496202
0.0520011
0.0542923
0.0564812
0.0585555
0.0605035
0.0623141
0.0639766
0.0654813
0.0668192
0.0679823
0.0689637
0.0697574
0.0703584
0.0707633
0.0709694
0.0709757
0.0707819
0.0703894
0.0698006
0.0690191
0.0680494
0.066897
0.065568
0.0640691
0.0624075
0.0605904
0.0586251
0.056517
0.054271
0.0519083
0.0494459
0.0466587
0.0433543
0.024904
0.0211668
0.0180617
0.015368
0.0128239
0.0104435
0.00824532
0.00622854
0.00439275
0.00273923
0.00126944
-1.53173e-05
-0.00111381
-0.00202506
-0.00274841
-0.00328363
-0.00363097
-0.0037912
-0.0037656
-0.00355604
-0.00316493
-0.00259526
-0.0018506
-0.000935126
0.000146416
0.00138867
0.00278572
0.00433104
0.00601757
0.00783763
0.00978305
0.0118451
0.0140146
0.0162817
0.0186364
0.0210678
0.0235648
0.0261159
0.0287091
0.0313321
0.0339722
0.0366166
0.0392522
0.0418656
0.0444437
0.046973
0.0494402
0.0518321
0.0541355
0.0563376
0.0584262
0.0603891
0.0622149
0.0638929
0.0654128
0.0667653
0.067942
0.0689353
0.0697387
0.0703468
0.0707552
0.0709608
0.0709616
0.0707566
0.0703463
0.0697321
0.0689165
0.0679031
0.0666963
0.0653012
0.0637235
0.0619691
0.0600443
0.0579553
0.0557066
0.0533023
0.0507644
0.0481109
0.0450972
0.0415153
0.0262909
0.0222798
0.0189527
0.0160737
0.0133609
0.0108293
0.00849784
0.00636461
0.00442796
0.00268794
0.00114474
-0.000201606
-0.00135113
-0.00230403
-0.00306082
-0.00362233
-0.00398982
-0.00416497
-0.00414988
-0.00394716
-0.00355986
-0.00299153
-0.00224623
-0.00132854
-0.000243542
0.00100313
0.00240534
0.00395641
0.00564917
0.00747591
0.00942842
0.011498
0.0136754
0.0159511
0.0183149
0.0207562
0.0232639
0.0258265
0.0284323
0.0310689
0.0337238
0.0363843
0.0390371
0.0416692
0.0442672
0.0468177
0.0493072
0.0517224
0.0540501
0.0562772
0.0583912
0.0603799
0.0622314
0.0639345
0.0654787
0.0668542
0.068052
0.069064
0.0698831
0.0705033
0.0709194
0.0711275
0.0711249
0.0709099
0.070482
0.0698417
0.0689905
0.0679312
0.0666671
0.0652025
0.063542
0.0616906
0.059654
0.0574375
0.0550448
0.0524797
0.049765
0.0469199
0.043681
0.039825
0.0274654
0.0231847
0.0196386
0.0165754
0.0136943
0.0110109
0.00854493
0.00629351
0.00425393
0.00242516
0.000806277
-0.000603791
-0.00180621
-0.00280229
-0.00359358
-0.00418194
-0.00456956
-0.00475896
-0.00475305
-0.00455513
-0.00416888
-0.00359843
-0.00284831
-0.00192351
-0.000829486
0.000427857
0.00184214
0.00340652
0.00511367
0.00695582
0.0089247
0.0110116
0.0132073
0.0155023
0.0178863
0.0203489
0.0228791
0.0254654
0.0280961
0.0307589
0.0334414
0.0361308
0.0388139
0.0414775
0.0441082
0.0466926
0.0492171
0.0516682
0.0540323
0.0562964
0.0584475
0.060473
0.0623607
0.0640991
0.0656771
0.0670844
0.0683115
0.0693497
0.0701911
0.070829
0.0712576
0.0714722
0.0714693
0.0712464
0.0708021
0.0701361
0.069249
0.0681426
0.0668195
0.0652829
0.0635368
0.0615856
0.059434
0.057087
0.0545477
0.0518194
0.0489265
0.0458892
0.0424258
0.0382981
0.0284102
0.0238639
0.0201009
0.0168547
0.0138058
0.0109705
0.0083693
0.00599864
0.00385482
0.00193591
0.000239997
-0.00123501
-0.0024913
-0.00353119
-0.00435721
-0.00497216
-0.00537911
-0.0055814
-0.00558268
-0.00538693
-0.00499847
-0.00442195
-0.00366242
-0.00272527
-0.00161633
-0.000341806
0.00109168
0.00267708
0.00440693
0.00627333
0.00826794
0.010382
0.0126063
0.0149312
0.0173467
0.0198422
0.0224066
0.0250287
0.0276966
0.0303982
0.0331209
0.035852
0.0385782
0.0412863
0.0439628
0.046594
0.0491662
0.0516657
0.0540788
0.056392
0.0585919
0.0606657
0.0626007
0.0643849
0.0660067
0.0674552
0.0687203
0.0697925
0.0706635
0.0713256
0.0717724
0.0719984
0.0719992
0.0717715
0.071313
0.0706226
0.0697002
0.0685466
0.0671637
0.0655539
0.0637205
0.0616672
0.0593984
0.0569185
0.0542304
0.0513372
0.0482645
0.0450344
0.0413465
0.036948
0.0291095
0.0243001
0.0203221
0.016894
0.0136777
0.0106906
0.00795393
0.00546352
0.00321484
0.00120513
-0.000568396
-0.00210876
-0.00341908
-0.00450262
-0.00536283
-0.00600337
-0.00642815
-0.00664127
-0.00664713
-0.00645036
-0.00605587
-0.00546889
-0.00469492
-0.00373981
-0.00260974
-0.00131124
0.000148817
0.00176317
0.00352418
0.0054238
0.0074536
0.00960475
0.011868
0.0142337
0.0166917
0.0192315
0.021842
0.024512
0.0272295
0.0299823
0.0327581
0.0355437
0.038326
0.0410916
0.0438268
0.0465179
0.0491508
0.0517115
0.0541862
0.0565608
0.0588218
0.0609556
0.0629494
0.0647903
0.0664664
0.0679661
0.0692784
0.0703935
0.071302
0.0719957
0.0724672
0.0727102
0.0727196
0.072491
0.0720216
0.0713092
0.0703531
0.0691532
0.0677106
0.0660272
0.0641055
0.061949
0.0595613
0.0569468
0.054108
0.051048
0.0477942
0.0443699
0.0404567
0.0357871
0.0295477
0.0244771
0.0202852
0.0166759
0.0132928
0.0101541
0.00728202
0.00467179
0.00231814
0.000217588
-0.00163347
-0.0032389
-0.0046027
-0.00572902
-0.00662214
-0.00728657
-0.00772698
-0.00794826
-0.00795547
-0.00775391
-0.00734909
-0.00674675
-0.00595291
-0.00497384
-0.00381609
-0.00248651
-0.000992256
0.000659195
0.00246001
0.00440199
0.00647658
0.00867485
0.0109875
0.0134048
0.0159165
0.0185121
0.0211806
0.0239105
0.02669
0.0295067
0.0323482
0.0352013
0.0380528
0.0408891
0.0436962
0.0464602
0.049167
0.051802
0.0543511
0.0568
0.0591345
0.0613407
0.063405
0.0653143
0.0670557
0.068617
0.0699868
0.0711541
0.0721089
0.0728422
0.0733457
0.0736124
0.073636
0.0734117
0.0729354
0.0722045
0.0712172
0.0699727
0.0684716
0.0667149
0.0647049
0.0624443
0.0599367
0.0571862
0.0541952
0.0509668
0.0475301
0.04391
0.03977
0.0348278
0.0297095
0.0243786
0.0199736
0.0161836
0.012634
0.009344
0.00633677
0.00360701
0.00114874
-0.00104217
-0.00297009
-0.00463969
-0.00605577
-0.00722331
-0.00814741
-0.00883335
-0.00928658
-0.00951269
-0.00951745
-0.00930679
-0.0088868
-0.00826377
-0.00744418
-0.00643475
-0.00524241
-0.00387434
-0.00233797
-0.000641025
0.00120845
0.00320211
0.00533123
0.00758679
0.00995936
0.0124391
0.0150159
0.017679
0.0204173
0.0232194
0.0260732
0.0289665
0.0318866
0.0348203
0.0377541
0.0406743
0.0435667
0.0464171
0.049211
0.0519337
0.0545705
0.0571067
0.0595277
0.0618189
0.0639663
0.0659559
0.0677743
0.0694086
0.0708464
0.0720761
0.0730869
0.0738687
0.0744125
0.0747102
0.0747549
0.0745407
0.0740628
0.0733175
0.0723025
0.0710162
0.0694584
0.0676298
0.0655319
0.0631673
0.0605392
0.0576516
0.0545069
0.0511084
0.0474868
0.0436689
0.0392997
0.0340819
0.0295797
0.0239886
0.0193706
0.0154001
0.0116843
0.00824333
0.00510138
0.00225263
-0.000309525
-0.00258989
-0.0045935
-0.00632579
-0.00779236
-0.00899894
-0.00995144
-0.0106559
-0.0111185
-0.0113455
-0.0113435
-0.0111188
-0.0106783
-0.0100288
-0.00917715
-0.00813056
-0.00689634
-0.00548202
-0.00389532
-0.00214423
-0.000236986
0.00181786
0.00401145
0.0063346
0.0087778
0.0113311
0.0139843
0.0167265
0.0195467
0.0224332
0.0253739
0.0283566
0.0313683
0.0343957
0.0374251
0.0404427
0.0434339
0.0463844
0.0492791
0.0521031
0.0548412
0.0574783
0.0599991
0.0623886
0.064632
0.0667146
0.0686224
0.0703415
0.0718589
0.073162
0.0742391
0.0750792
0.0756724
0.0760097
0.0760831
0.0758859
0.0754124
0.0746581
0.0736197
0.0722951
0.0706835
0.0687848
0.0666003
0.0641321
0.0613833
0.0583579
0.0550583
0.0514879
0.0476792
0.0436608
0.0390592
0.0335618
0.0291429
0.0232909
0.0184596
0.0143085
0.0104266
0.00683495
0.00355881
0.000591853
-0.00207316
-0.00444164
-0.00651931
-0.00831231
-0.00982699
-0.0110699
-0.0120476
-0.012767
-0.0132349
-0.0134584
-0.0134445
-0.0132006
-0.0127337
-0.0120513
-0.0111608
-0.0100698
-0.00878609
-0.00731742
-0.00567186
-0.00385767
-0.00188331
0.000242471
0.00251065
0.00491189
0.00743656
0.0100746
0.0128157
0.0156489
0.018563
0.0215462
0.0245866
0.0276715
0.0307879
0.0339223
0.037061
0.0401896
0.0432935
0.0463578
0.0493674
0.0523067
0.0551602
0.057912
0.0605465
0.0630481
0.065401
0.0675901
0.0696003
0.071417
0.0730262
0.0744145
0.0755692
0.0764784
0.0771311
0.0775172
0.077628
0.0774557
0.0769936
0.0762365
0.0751801
0.0738218
0.0721598
0.0701938
0.0679245
0.0653537
0.0624845
0.0593207
0.0558649
0.0521207
0.0481224
0.0439004
0.0390623
0.0332799
0.0283835
0.0222692
0.0172237
0.0128916
0.00884356
0.00510148
0.00169176
-0.00139246
-0.00415903
-0.00661394
-0.00876359
-0.0106148
-0.0121747
-0.0134506
-0.0144498
-0.0151799
-0.0156485
-0.0158634
-0.0158323
-0.015563
-0.0150634
-0.0143413
-0.0134048
-0.0122617
-0.0109204
-0.00938889
-0.0076756
-0.00578906
-0.00373796
-0.00153125
0.000821852
0.00331187
0.00592902
0.00866316
0.0115038
0.0144399
0.0174601
0.0205527
0.0237054
0.0269056
0.03014
0.033395
0.0366565
0.0399101
0.0431407
0.0463332
0.0494719
0.0525409
0.0555241
0.0584053
0.061168
0.0637958
0.0662726
0.0685821
0.0707085
0.0726363
0.0743505
0.0758368
0.0770813
0.0780712
0.0787944
0.0792399
0.0793978
0.0792592
0.0788166
0.0780638
0.0769958
0.0756089
0.073901
0.0718711
0.0695195
0.0668477
0.0638587
0.0605562
0.056943
0.0530228
0.0488321
0.0444029
0.0393235
0.0332496
0.0272854
0.0209066
0.0156456
0.0111319
0.00691741
0.00302513
-0.000517518
-0.00371789
-0.00658444
-0.00912376
-0.0113429
-0.0132494
-0.0148511
-0.0161561
-0.0171724
-0.0179085
-0.0183726
-0.0185732
-0.0185188
-0.0182177
-0.0176784
-0.0169094
-0.015919
-0.0147159
-0.0133084
-0.0117052
-0.009915
-0.00794652
-0.00580876
-0.00351089
-0.00106228
0.00152741
0.00424824
0.00708995
0.0100419
0.013093
0.0162318
0.0194464
0.0227244
0.026053
0.0294189
0.0328082
0.0362065
0.0395992
0.0429709
0.046306
0.0495885
0.0528021
0.05593
0.0589554
0.0618612
0.0646304
0.0672459
0.0696906
0.0719478
0.0740011
0.0758344
0.0774322
0.0787798
0.0798631
0.080669
0.0811853
0.0814009
0.081306
0.0808921
0.0801518
0.0790793
0.0776703
0.0759217
0.073832
0.0714012
0.0686304
0.0655225
0.0620813
0.0583095
0.0542112
0.0498248
0.0451843
0.0398579
0.0334849
0.025832
0.0191859
0.0137076
0.00901124
0.00462993
0.0005876
-0.00308727
-0.00640251
-0.00936722
-0.0119886
-0.0142743
-0.0162327
-0.0178723
-0.019202
-0.0202306
-0.0209673
-0.0214211
-0.0216013
-0.0215168
-0.0211769
-0.0205904
-0.0197666
-0.0187142
-0.0174423
-0.0159598
-0.0142757
-0.0123989
-0.0103386
-0.00810391
-0.00570433
-0.00314939
-0.00044892
0.00238701
0.00534799
0.00842326
0.0116017
0.0148716
0.018221
0.0216374
0.0251078
0.0286188
0.0321562
0.0357056
0.0392517
0.0427791
0.0462718
0.0497132
0.0530865
0.0563745
0.0595597
0.0626243
0.0655505
0.0683202
0.0709157
0.0733191
0.0755131
0.0774804
0.0792046
0.0806695
0.08186
0.0827618
0.0833614
0.0836467
0.0836066
0.0832315
0.082513
0.0814443
0.0800202
0.078237
0.0760925
0.0735862
0.0707191
0.0674936
0.0639138
0.0599823
0.0557036
0.0511181
0.0462617
0.0406818
0.0340011
0.024006
0.0170892
0.0113913
0.00651103
0.0019623
-0.00223001
-0.00603633
-0.00946503
-0.0125258
-0.0152266
-0.0175756
-0.019582
-0.0212551
-0.0226045
-0.02364
-0.0243714
-0.0248085
-0.0249613
-0.0248396
-0.0244531
-0.0238115
-0.0229243
-0.0218012
-0.0204514
-0.0188845
-0.0171097
-0.0151364
-0.0129739
-0.0106318
-0.00811973
-0.00544737
-0.00262475
0.00033789
0.00343003
0.00664079
0.00995889
0.0133726
0.0168699
0.0204379
0.0240638
0.0277336
0.0314334
0.0351481
0.0388625
0.0425605
0.0462259
0.0498417
0.0533905
0.0568545
0.0602155
0.0634551
0.0665545
0.069495
0.0722576
0.0748236
0.0771744
0.0792918
0.0811579
0.0827556
0.0840682
0.0850802
0.085777
0.086145
0.0861719
0.0858469
0.0851606
0.084105
0.0826741
0.0808632
0.0786697
0.0760925
0.073132
0.0697907
0.0660726
0.0619805
0.057519
0.0527305
0.0476531
0.0418127
0.0348144
0.0217893
0.0145977
0.00867759
0.00361187
-0.00110505
-0.0054473
-0.00938425
-0.0129248
-0.0160794
-0.0188565
-0.0212652
-0.0233153
-0.0250169
-0.0263806
-0.0274168
-0.0281363
-0.0285497
-0.0286676
-0.0285007
-0.0280593
-0.0273539
-0.0263945
-0.0251912
-0.0237541
-0.0220928
-0.0202171
-0.0181368
-0.0158616
-0.0134012
-0.0107654
-0.00796424
-0.00500787
-0.00190666
0.00132873
0.00468733
0.00815775
0.0117282
0.0153864
0.0191196
0.0229145
0.0267573
0.0306336
0.0345284
0.0384259
0.04231
0.0461637
0.0499697
0.0537101
0.0573665
0.06092
0.0643514
0.0676412
0.0707695
0.0737165
0.0764623
0.0789872
0.0812717
0.0832967
0.0850435
0.0864944
0.0876323
0.0884412
0.0889062
0.0890136
0.0887514
0.0881087
0.0870768
0.0856483
0.0838178
0.0815819
0.0789388
0.0758887
0.0724339
0.0685783
0.0643246
0.0596777
0.0546823
0.0493784
0.0432695
0.0359428
0.019163
0.011692
0.00554651
0.000293511
-0.00459251
-0.00908471
-0.0131514
-0.0168021
-0.0200479
-0.022898
-0.0253622
-0.0274511
-0.0291759
-0.0305476
-0.0315779
-0.0322782
-0.0326601
-0.032735
-0.0325143
-0.0320091
-0.0312305
-0.0301892
-0.0288959
-0.0273611
-0.0255951
-0.0236079
-0.0214098
-0.0190107
-0.0164207
-0.0136498
-0.0107081
-0.00760613
-0.00435426
-0.0009633
0.00255567
0.00619119
0.00993137
0.0137638
0.0176758
0.0216537
0.0256837
0.0297512
0.0338408
0.0379367
0.0420222
0.0460802
0.0500927
0.0540414
0.0579071
0.0616704
0.0653112
0.0688091
0.0721432
0.0752928
0.0782366
0.0809538
0.0834235
0.0856253
0.0875391
0.0891457
0.0904265
0.0913638
0.0919415
0.0921443
0.0919587
0.0913726
0.0903759
0.0889602
0.0871191
0.0848484
0.0821455
0.0790103
0.0754446
0.0714524
0.0670364
0.0622016
0.0569949
0.0514585
0.0450726
0.0374056
0.0161073
0.00835154
0.00197714
-0.00346522
-0.00852141
-0.0131636
-0.0173592
-0.0211181
-0.0244522
-0.0273715
-0.0298867
-0.0320091
-0.0337507
-0.0351238
-0.0361408
-0.036814
-0.0371559
-0.0371789
-0.036895
-0.0363163
-0.0354544
-0.0343209
-0.0329271
-0.0312838
-0.029402
-0.0272922
-0.0249649
-0.0224304
-0.0196991
-0.0167812
-0.0136871
-0.0104273
-0.00701245
-0.0034534
0.000238677
0.00405225
0.00797537
0.0119956
0.0161
0.020275
0.0245066
0.0287799
0.0330795
0.0373892
0.0416922
0.0459707
0.0502064
0.0543804
0.058473
0.0624639
0.0663323
0.0700568
0.0736156
0.0769867
0.0801477
0.0830765
0.0857508
0.0881487
0.0902486
0.0920295
0.0934715
0.0945551
0.0952626
0.095577
0.0954834
0.0949681
0.0940197
0.0926285
0.090787
0.08849
0.0857343
0.082519
0.0788458
0.0747184
0.0701394
0.0651142
0.0596918
0.0539164
0.0472442
0.039224
0.0126011
0.00455473
-0.00205253
-0.00768659
-0.0129142
-0.0177065
-0.0220298
-0.0258948
-0.0293142
-0.0322985
-0.0348595
-0.0370094
-0.0387612
-0.0401282
-0.0411236
-0.0417609
-0.0420536
-0.0420149
-0.0416577
-0.0409949
-0.040039
-0.0388023
-0.0372965
-0.0355333
-0.0335241
-0.0312799
-0.0288115
-0.0261297
-0.023245
-0.020168
-0.0169091
-0.0134791
-0.00988865
-0.00614876
-0.00227065
0.00173411
0.00585352
0.0100751
0.0143858
0.0187721
0.0232198
0.0277139
0.0322388
0.0367781
0.0413146
0.0458302
0.0503063
0.0547231
0.0590606
0.0632975
0.0674124
0.0713828
0.075186
0.0787986
0.0821972
0.085358
0.0882574
0.0908719
0.0931782
0.0951538
0.0967767
0.098026
0.0988819
0.0993258
0.099341
0.0989123
0.0980267
0.096673
0.0948426
0.092529
0.0897283
0.086439
0.0826622
0.0784013
0.0736592
0.0684409
0.0627981
0.056777
0.0498086
0.0414212
0.00862243
0.000278828
-0.0065657
-0.0123941
-0.0177945
-0.0227371
-0.027187
-0.0311557
-0.0346566
-0.0377014
-0.0403024
-0.0424732
-0.0442277
-0.0455802
-0.0465451
-0.0471369
-0.0473702
-0.0472591
-0.0468176
-0.0460594
-0.0449978
-0.0436459
-0.0420162
-0.040121
-0.0379721
-0.0355811
-0.0329592
-0.0301176
-0.0270669
-0.0238181
-0.0203818
-0.0167688
-0.01299
-0.00905629
-0.00497904
-0.000769813
0.00355938
0.00799604
0.0125271
0.0171391
0.0218175
0.0265474
0.0313131
0.0360979
0.0408844
0.045654
0.0503878
0.0550655
0.0596663
0.0641685
0.0685494
0.0727858
0.0768538
0.080729
0.0843864
0.0878009
0.0909472
0.0938002
0.0963349
0.0985267
0.100352
0.101788
0.102812
0.103405
0.103548
0.103223
0.102416
0.101115
0.0993082
0.0969892
0.0941525
0.0907961
0.0869203
0.0825285
0.0776231
0.0722094
0.0663414
0.0600675
0.0527921
0.0440226
0.00414787
-0.00450024
-0.0115869
-0.0176126
-0.0231873
-0.0282802
-0.0328554
-0.0369251
-0.0405037
-0.0436037
-0.0462385
-0.0484227
-0.0501715
-0.0515003
-0.0524247
-0.0529605
-0.0531231
-0.052928
-0.0523901
-0.0515242
-0.0503444
-0.0488646
-0.0470981
-0.0450578
-0.0427562
-0.0402054
-0.037417
-0.0344025
-0.031173
-0.0277394
-0.0241126
-0.0203035
-0.0163232
-0.0121825
-0.00789281
-0.0034657
0.00108688
0.00575247
0.0105181
0.01537
0.020294
0.0252749
0.030297
0.0353434
0.0403964
0.0454374
0.0504466
0.0554036
0.0602868
0.0650738
0.069741
0.0742643
0.0786186
0.0827783
0.0867169
0.0904079
0.0938243
0.0969391
0.0997255
0.102157
0.104208
0.105853
0.107068
0.107832
0.108122
0.10792
0.10721
0.105977
0.104208
0.101896
0.0990338
0.0956181
0.091649
0.0871293
0.082061
0.0764496
0.0703514
0.0638172
0.0562236
0.047056
-0.000847322
-0.00980799
-0.0171423
-0.0233685
-0.0291191
-0.0343625
-0.0390615
-0.0432291
-0.0468809
-0.0500302
-0.0526917
-0.0548811
-0.0566149
-0.0579097
-0.0587827
-0.0592506
-0.0593303
-0.0590384
-0.0583911
-0.057404
-0.0560924
-0.0544709
-0.0525538
-0.0503547
-0.0478866
-0.0451622
-0.0421936
-0.0389926
-0.0355706
-0.0319388
-0.0281081
-0.0240896
-0.0198943
-0.0155333
-0.0110177
-0.00635919
-0.00156952
0.00333891
0.00835314
0.0134596
0.018644
0.0238912
0.0291854
0.0345096
0.0398461
0.0451757
0.0504785
0.0557335
0.0609186
0.0660105
0.070985
0.0758169
0.0804798
0.0849469
0.0891904
0.0931819
0.0968928
0.100294
0.103357
0.106054
0.108355
0.110234
0.111664
0.112621
0.113081
0.113024
0.11243
0.111283
0.109569
0.107277
0.104401
0.100935
0.0968794
0.0922355
0.0870052
0.0811941
0.0748607
0.0680583
0.0601346
0.0505517
-0.00638939
-0.0156715
-0.0232594
-0.0296896
-0.035618
-0.0410119
-0.045833
-0.0500952
-0.053815
-0.057007
-0.0596872
-0.0618726
-0.0635809
-0.0648305
-0.0656397
-0.0660269
-0.0660102
-0.0656075
-0.0648363
-0.0637134
-0.0622552
-0.0604773
-0.0583948
-0.0560221
-0.0533728
-0.0504603
-0.0472971
-0.0438953
-0.0402668
-0.0364227
-0.0323744
-0.0281328
-0.023709
-0.019114
-0.0143589
-0.00945523
-0.00441469
0.000750501
0.00602756
0.011403
0.0168627
0.0223915
0.0279736
0.033592
0.0392287
0.0448646
0.0504794
0.0560515
0.0615584
0.066976
0.0722793
0.0774421
0.0824369
0.0872354
0.0918083
0.0961258
0.100157
0.103872
0.107238
0.110226
0.112804
0.114944
0.116615
0.117791
0.118446
0.118556
0.1181
0.117059
0.115417
0.113163
0.110285
0.10678
0.102645
0.0978816
0.0924909
0.0864781
0.0799047
0.072826
0.0645594
0.054543
-0.0125062
-0.0221197
-0.0299678
-0.036606
-0.0427141
-0.0482584
-0.0531995
-0.0575523
-0.0613345
-0.0645618
-0.0672517
-0.0694226
-0.0710939
-0.0722855
-0.0730174
-0.0733094
-0.0731813
-0.0726524
-0.0717416
-0.0704671
-0.0688462
-0.0668958
-0.0646319
-0.0620697
-0.0592237
-0.0561076
-0.0527346
-0.0491172
-0.0452674
-0.0411967
-0.0369165
-0.0324378
-0.0277715
-0.0229287
-0.0179205
-0.0127579
-0.00745269
-0.00201677
0.00353729
0.00919621
0.014946
0.0207716
0.0266574
0.0325863
0.0385404
0.0445003
0.0504455
0.0563541
0.062203
0.0679675
0.0736217
0.0791385
0.0844892
0.0896441
0.0945725
0.0992426
0.103622
0.107677
0.111376
0.114684
0.117568
0.119997
0.121937
0.12336
0.124236
0.124539
0.124245
0.123333
0.121784
0.119583
0.116721
0.113188
0.108983
0.104105
0.0985562
0.0923404
0.0855219
0.0781586
0.0695357
0.0590663
-0.0192275
-0.0291833
-0.037299
-0.0441494
-0.0504394
-0.056134
-0.0611928
-0.0656317
-0.0694696
-0.0727238
-0.0754132
-0.0775579
-0.0791792
-0.0802985
-0.0809378
-0.0811187
-0.0808626
-0.0801905
-0.0791229
-0.0776792
-0.0758782
-0.073738
-0.0712755
-0.0685068
-0.0654473
-0.0621113
-0.0585124
-0.0546637
-0.0505774
-0.0462651
-0.0417383
-0.0370081
-0.0320853
-0.0269808
-0.0217055
-0.0162702
-0.0106865
-0.00496593
0.000879198
0.00683593
0.0128905
0.0190282
0.0252333
0.0314891
0.0377775
0.0440792
0.0503735
0.0566381
0.0628495
0.0689825
0.0750104
0.0809049
0.0866364
0.0921738
0.0974846
0.102535
0.107291
0.111718
0.115778
0.119437
0.122659
0.125407
0.127648
0.129348
0.130475
0.130999
0.130894
0.130134
0.1287
0.126574
0.123743
0.120197
0.115932
0.110947
0.105243
0.0988229
0.0917545
0.0840978
0.0751046
0.0641615
-0.026585
-0.0368952
-0.0452867
-0.0523542
-0.0588283
-0.064673
-0.0698466
-0.0743663
-0.0782524
-0.0815239
-0.0842012
-0.0863066
-0.087863
-0.0888942
-0.0894239
-0.0894758
-0.0890733
-0.0882393
-0.0869956
-0.0853637
-0.0833636
-0.0810146
-0.0783348
-0.0753414
-0.0720505
-0.0684772
-0.0646356
-0.0605391
-0.0562002
-0.0516309
-0.0468425
-0.041846
-0.0366523
-0.031272
-0.0257156
-0.0199939
-0.0141179
-0.00809884
-0.00194867
0.00432005
0.0106939
0.0171586
0.0236987
0.0302975
0.0369372
0.0435984
0.0502604
0.0569008
0.0634955
0.0700189
0.0764435
0.0827402
0.0888782
0.0948248
0.100546
0.106007
0.11117
0.115999
0.120454
0.124497
0.128089
0.131191
0.133765
0.135775
0.137185
0.137961
0.138074
0.137495
0.136202
0.134172
0.131391
0.127848
0.123535
0.118451
0.112596
0.105972
0.0986485
0.0906896
0.081311
0.0698722
-0.0346126
-0.0452909
-0.0539673
-0.061257
-0.0679177
-0.073912
-0.0791972
-0.0837916
-0.0877174
-0.0909951
-0.0936473
-0.0956982
-0.0971731
-0.0980981
-0.0984992
-0.0984022
-0.0978329
-0.0968159
-0.0953752
-0.0935339
-0.0913138
-0.0887354
-0.0858182
-0.0825805
-0.0790391
-0.0752098
-0.0711076
-0.066746
-0.0621379
-0.0572953
-0.0522297
-0.046952
-0.0414728
-0.0358024
-0.029951
-0.0239291
-0.0177471
-0.011416
-0.00494698
0.00164771
0.00835518
0.0151615
0.0220518
0.0290096
0.0360172
0.0430556
0.050104
0.0571398
0.0641388
0.0710748
0.0779197
0.0846435
0.0912142
0.0975981
0.103759
0.109661
0.115263
0.120527
0.125411
0.129873
0.133872
0.137364
0.140308
0.142663
0.144391
0.145454
0.145817
0.14545
0.144324
0.142417
0.139709
0.136186
0.131839
0.126667
0.120664
0.113836
0.106254
0.097984
0.0882043
0.0762461
-0.0433466
-0.0544084
-0.06338
-0.0708978
-0.0777476
-0.0838909
-0.0892837
-0.0939459
-0.0979013
-0.101173
-0.103785
-0.105764
-0.107138
-0.107937
-0.108188
-0.10792
-0.10716
-0.105937
-0.104276
-0.102203
-0.0997394
-0.0969092
-0.0937328
-0.0902293
-0.0864169
-0.082312
-0.07793
-0.0732851
-0.0683904
-0.0632579
-0.0578991
-0.0523248
-0.0465452
-0.0405703
-0.0344101
-0.0280743
-0.0215728
-0.0149161
-0.00811481
-0.00118052
0.00587447
0.0130368
0.0202921
0.0276244
0.0350165
0.0424494
0.0499025
0.0573534
0.0647775
0.0721485
0.0794375
0.0866139
0.0936445
0.100494
0.107126
0.1135
0.119575
0.12531
0.130659
0.135578
0.140021
0.143941
0.147294
0.150035
0.152119
0.153506
0.154156
0.154034
0.153108
0.151351
0.14874
0.145259
0.140895
0.135645
0.129503
0.122472
0.114627
0.106036
0.0958385
0.0833357
-0.0528265
-0.0642891
-0.0735673
-0.0813197
-0.0883614
-0.0946527
-0.100148
-0.10487
-0.108844
-0.112094
-0.114648
-0.116537
-0.117789
-0.118438
-0.118515
-0.11805
-0.117075
-0.11562
-0.113713
-0.111381
-0.10865
-0.105543
-0.102084
-0.0982916
-0.094186
-0.0897844
-0.0851026
-0.0801552
-0.0749555
-0.0695158
-0.0638473
-0.0579606
-0.0518657
-0.045572
-0.0390889
-0.0324256
-0.0255915
-0.0185961
-0.0114495
-0.00416237
0.00325361
0.0107859
0.0184206
0.0261425
0.0339349
0.0417793
0.0496553
0.0575406
0.0654107
0.073239
0.0809962
0.0886508
0.0961689
0.103514
0.110647
0.117527
0.124111
0.130353
0.136206
0.141621
0.14655
0.150941
0.154746
0.157914
0.160397
0.162149
0.163126
0.163287
0.162596
0.161022
0.158536
0.15512
0.150759
0.145444
0.139171
0.131939
0.123827
0.114906
0.104273
0.0911983
-0.0630946
-0.0749778
-0.0845755
-0.0925697
-0.0998063
-0.106244
-0.111837
-0.116608
-0.120587
-0.123799
-0.126276
-0.128051
-0.129157
-0.12963
-0.129505
-0.128816
-0.127597
-0.125881
-0.123698
-0.12108
-0.118053
-0.114643
-0.110874
-0.106769
-0.102346
-0.0976253
-0.0926223
-0.0873522
-0.0818286
-0.0760637
-0.0700686
-0.0638535
-0.057428
-0.0508011
-0.0439814
-0.0369774
-0.0297976
-0.0224509
-0.0149463
-0.00729366
0.000496202
0.0084116
0.0164395
0.0245656
0.0327737
0.041046
0.0493625
0.0577012
0.0660379
0.0743457
0.0825951
0.0907541
0.0987877
0.106658
0.114326
0.121746
0.128875
0.135663
0.14206
0.148015
0.153473
0.158381
0.162683
0.166325
0.169254
0.171417
0.172764
0.173251
0.172834
0.171478
0.169151
0.165827
0.161489
0.156127
0.149732
0.142303
0.133921
0.124659
0.113572
0.099897
-0.0741973
-0.0865233
-0.0964552
-0.104699
-0.112134
-0.118716
-0.1244
-0.129209
-0.133176
-0.136331
-0.138708
-0.140344
-0.141275
-0.141543
-0.141184
-0.140239
-0.138743
-0.136733
-0.134244
-0.131308
-0.127954
-0.124212
-0.120106
-0.11566
-0.110895
-0.10583
-0.100483
-0.0948695
-0.089002
-0.0828932
-0.0765541
-0.0699944
-0.0632231
-0.0562486
-0.0490786
-0.0417209
-0.034183
-0.0264727
-0.0185981
-0.0105681
-0.00239215
0.00591892
0.0143531
0.0228971
0.0315355
0.0402514
0.0490254
0.0578361
0.0666594
0.0754686
0.0842342
0.0929236
0.101501
0.109928
0.118163
0.12616
0.133871
0.141246
0.148231
0.15477
0.160806
0.166278
0.171128
0.175295
0.178719
0.181343
0.18311
0.183969
0.183872
0.182775
0.180641
0.177442
0.173154
0.167763
0.161258
0.153637
0.144982
0.13537
0.123809
0.109501
-0.0861849
-0.0989793
-0.109262
-0.117765
-0.125401
-0.132125
-0.137891
-0.142725
-0.146662
-0.149737
-0.151987
-0.153453
-0.154179
-0.154206
-0.153579
-0.15234
-0.150532
-0.148192
-0.145361
-0.142071
-0.138358
-0.13425
-0.129776
-0.12496
-0.119826
-0.114392
-0.108677
-0.102697
-0.0964647
-0.0899928
-0.0832919
-0.0763711
-0.0692387
-0.0619023
-0.0543689
-0.0466449
-0.0387369
-0.0306515
-0.0223956
-0.0139769
-0.0054036
0.00331476
0.0121674
0.021142
0.0302245
0.0393988
0.0486465
0.0579468
0.0672763
0.0766085
0.0859139
0.0951597
0.10431
0.113324
0.12216
0.130771
0.139105
0.147109
0.154727
0.161899
0.168562
0.174651
0.180103
0.184849
0.188825
0.191965
0.194206
0.19549
0.195761
0.194969
0.193072
0.190032
0.185823
0.180426
0.173827
0.166019
0.15709
0.147117
0.135061
0.120087
-0.0991129
-0.112405
-0.123058
-0.131829
-0.139669
-0.146533
-0.15237
-0.157213
-0.161099
-0.164066
-0.166159
-0.167421
-0.167903
-0.167651
-0.166715
-0.165143
-0.16298
-0.16027
-0.157056
-0.153375
-0.149265
-0.144756
-0.13988
-0.134664
-0.129129
-0.123299
-0.117191
-0.110821
-0.104202
-0.0973474
-0.0902664
-0.0829678
-0.0754591
-0.0677469
-0.059837
-0.0517347
-0.0434453
-0.0349741
-0.0263265
-0.0175088
-0.00852787
0.000608326
0.00989041
0.0193075
0.0288467
0.0384932
0.0482298
0.0580365
0.0678908
0.0777668
0.0876351
0.0974631
0.107214
0.116848
0.126319
0.135581
0.144579
0.153258
0.161556
0.169411
0.176755
0.183518
0.189629
0.195016
0.199604
0.203321
0.206097
0.207865
0.20856
0.208126
0.206511
0.203672
0.199576
0.1942
0.187524
0.179539
0.170334
0.159991
0.147417
0.131738
-0.113043
-0.126866
-0.13791
-0.146962
-0.155009
-0.162007
-0.167904
-0.172736
-0.176544
-0.179373
-0.181272
-0.182291
-0.182486
-0.18191
-0.180619
-0.178666
-0.176103
-0.172977
-0.169336
-0.165221
-0.160672
-0.155724
-0.15041
-0.144758
-0.138793
-0.132536
-0.126007
-0.119223
-0.112196
-0.104938
-0.097458
-0.089765
-0.0818649
-0.0737632
-0.0654643
-0.0569724
-0.0482912
-0.0394242
-0.0303756
-0.0211498
-0.0117521
-0.00218874
0.00753254
0.0174024
0.0274097
0.037541
0.0477804
0.0581093
0.068506
0.0789456
0.0893993
0.0998346
0.110215
0.120499
0.130642
0.140593
0.150297
0.159696
0.168726
0.177317
0.1854
0.192897
0.199731
0.205822
0.211089
0.215452
0.218829
0.221146
0.222329
0.222311
0.221033
0.218443
0.214501
0.209176
0.202444
0.194293
0.184813
0.174089
0.160972
0.144549
-0.128042
-0.142436
-0.153896
-0.163239
-0.171498
-0.178623
-0.184565
-0.189363
-0.193063
-0.195717
-0.197379
-0.198109
-0.197967
-0.197016
-0.195317
-0.192931
-0.189914
-0.186321
-0.182203
-0.177606
-0.172574
-0.167145
-0.161352
-0.155228
-0.148797
-0.142084
-0.135106
-0.127881
-0.120422
-0.11274
-0.104843
-0.0967388
-0.0884324
-0.079928
-0.0712285
-0.0623364
-0.0532538
-0.0439824
-0.0345246
-0.0248828
-0.0150606
-0.00506222
0.00510649
0.0154381
0.0259233
0.0365503
0.047305
0.0581703
0.0691258
0.0801478
0.0912083
0.102275
0.113313
0.124279
0.135128
0.145808
0.156262
0.166429
0.176242
0.185627
0.194509
0.202805
0.21043
0.217298
0.223317
0.228399
0.232453
0.235392
0.237133
0.237599
0.236719
0.234433
0.23069
0.225454
0.218693
0.210389
0.200636
0.189521
0.175835
0.158621
-0.144186
-0.159196
-0.171101
-0.18075
-0.189222
-0.196467
-0.202435
-0.20717
-0.210726
-0.21316
-0.214537
-0.214922
-0.214387
-0.213001
-0.210835
-0.207954
-0.204425
-0.200307
-0.195657
-0.190526
-0.18496
-0.179002
-0.172689
-0.166052
-0.15912
-0.151916
-0.14446
-0.136768
-0.128853
-0.120725
-0.112393
-0.103861
-0.0951338
-0.0862141
-0.0771031
-0.0678013
-0.0583088
-0.0486256
-0.0387518
-0.0286878
-0.0184348
-0.00799523
0.00262747
0.013428
0.0243991
0.0355311
0.0468119
0.0582262
0.0697553
0.0813769
0.0930644
0.104787
0.116508
0.128187
0.139777
0.151226
0.162475
0.17346
0.18411
0.194349
0.204095
0.213259
0.221749
0.22947
0.236323
0.242206
0.247019
0.250663
0.253042
0.254068
0.253658
0.251738
0.24825
0.243145
0.236386
0.227948
0.217926
0.206409
0.192124
0.17407
-0.161562
-0.177239
-0.189621
-0.199591
-0.208278
-0.215633
-0.221604
-0.226242
-0.22961
-0.231773
-0.232805
-0.232783
-0.231788
-0.229899
-0.227195
-0.223753
-0.219644
-0.214936
-0.209692
-0.203968
-0.197815
-0.191278
-0.184396
-0.177205
-0.169732
-0.162003
-0.154037
-0.14585
-0.137455
-0.12886
-0.120073
-0.111098
-0.101936
-0.0925898
-0.0830573
-0.0733375
-0.0634282
-0.0533272
-0.0430322
-0.0325413
-0.0218533
-0.0109681
0.000113174
0.0113878
0.0228508
0.0344952
0.0463108
0.0582847
0.0704004
0.0826372
0.0949702
0.10737
0.119801
0.132223
0.144589
0.156847
0.168936
0.18079
0.192334
0.203489
0.214167
0.224274
0.233709
0.242368
0.250141
0.256916
0.262581
0.267023
0.270132
0.271804
0.271944
0.270465
0.267294
0.262373
0.255653
0.247103
0.236817
0.224888
0.209973
0.191023
-0.180266
-0.196671
-0.209567
-0.219874
-0.228778
-0.236228
-0.242174
-0.246674
-0.2498
-0.251631
-0.25225
-0.251746
-0.250213
-0.247742
-0.244422
-0.240339
-0.235575
-0.230205
-0.224298
-0.217917
-0.211116
-0.203944
-0.196444
-0.188652
-0.180598
-0.172307
-0.163799
-0.155088
-0.146188
-0.137105
-0.127846
-0.118411
-0.108803
-0.0990188
-0.0890563
-0.0789115
-0.0685799
-0.0580568
-0.0473373
-0.0364169
-0.0252916
-0.0139586
-0.00241622
0.00933541
0.0212942
0.0334558
0.0458128
0.0583548
0.0710676
0.0839331
0.0969284
0.110026
0.123191
0.136385
0.149562
0.162668
0.175643
0.188417
0.200915
0.213052
0.224735
0.235864
0.246329
0.256017
0.264808
0.272576
0.279196
0.284539
0.28848
0.290899
0.291683
0.29073
0.287951
0.283274
0.276637
0.268003
0.257464
0.245112
0.229532
0.209623
-0.200408
-0.217611
-0.231064
-0.241727
-0.250847
-0.258374
-0.264258
-0.268569
-0.271392
-0.272816
-0.272939
-0.271868
-0.269707
-0.266561
-0.262534
-0.257723
-0.252218
-0.246105
-0.239459
-0.232348
-0.224834
-0.216968
-0.208796
-0.200355
-0.191676
-0.182784
-0.1737
-0.164438
-0.155007
-0.145416
-0.135666
-0.125758
-0.115691
-0.10546
-0.0950604
-0.0844855
-0.0737282
-0.0627807
-0.0516354
-0.0402849
-0.0287222
-0.0169415
-0.00493814
0.00729097
0.0197468
0.0324279
0.0453302
0.0584461
0.0717644
0.0852697
0.0989417
0.112755
0.126677
0.140671
0.154692
0.168685
0.182591
0.19634
0.209852
0.223039
0.235803
0.248038
0.259626
0.270443
0.280357
0.28923
0.296919
0.303281
0.308171
0.311451
0.312988
0.312659
0.310359
0.305999
0.299502
0.290818
0.280037
0.267254
0.25097
0.230031
-0.222114
-0.240199
-0.254258
-0.265296
-0.274629
-0.282207
-0.287986
-0.292047
-0.294488
-0.295417
-0.294949
-0.293206
-0.290312
-0.286387
-0.281549
-0.275908
-0.269567
-0.262619
-0.255149
-0.247232
-0.238933
-0.230308
-0.221405
-0.212264
-0.202915
-0.193384
-0.18369
-0.173846
-0.163861
-0.15374
-0.143483
-0.133089
-0.122552
-0.111867
-0.101026
-0.0900177
-0.0788331
-0.0674613
-0.0558914
-0.0441127
-0.0321152
-0.0198896
-0.00742783
0.00527645
0.0182277
0.031428
0.0448766
0.0585693
0.0724985
0.0866518
0.101012
0.115557
0.130257
0.145076
0.159972
0.174892
0.189775
0.204551
0.219139
0.233447
0.247373
0.260803
0.273613
0.285667
0.296821
0.306921
0.315809
0.323322
0.329294
0.333565
0.33598
0.336392
0.334675
0.330718
0.324427
0.315736
0.304732
0.291509
0.274479
0.252428
-0.245532
-0.264595
-0.279317
-0.29075
-0.30029
-0.307887
-0.313505
-0.317237
-0.319204
-0.319532
-0.318357
-0.315824
-0.312074
-0.307247
-0.301479
-0.294893
-0.287607
-0.279723
-0.271336
-0.262527
-0.253366
-0.243913
-0.234218
-0.224322
-0.214256
-0.204045
-0.193707
-0.183253
-0.17269
-0.16202
-0.151241
-0.140349
-0.129335
-0.118191
-0.106904
-0.0954621
-0.0838514
-0.0720579
-0.0600671
-0.0478651
-0.035438
-0.0227731
-0.00985864
0.00331547
0.0167575
0.0304733
0.044466
0.0587353
0.0732774
0.0880838
0.103141
0.11843
0.133925
0.149594
0.165394
0.181277
0.197182
0.213038
0.228765
0.244268
0.25944
0.274161
0.288299
0.301707
0.314228
0.325693
0.335923
0.344735
0.351942
0.357355
0.360792
0.362083
0.361071
0.357621
0.351616
0.342972
0.331769
0.318099
0.300276
0.277021
-0.270831
-0.290987
-0.306435
-0.318285
-0.32802
-0.335594
-0.340978
-0.344289
-0.345668
-0.345267
-0.343249
-0.339781
-0.335032
-0.329164
-0.322328
-0.314669
-0.306315
-0.297384
-0.287976
-0.278182
-0.268076
-0.257721
-0.24717
-0.236463
-0.225632
-0.214701
-0.203684
-0.192592
-0.181428
-0.170192
-0.158878
-0.147479
-0.135982
-0.124375
-0.112643
-0.100769
-0.0887364
-0.0765266
-0.0641218
-0.0515041
-0.0386559
-0.0255606
-0.0122024
0.00143291
0.0153576
0.0295818
0.0441128
0.0589549
0.0741084
0.0895694
0.105329
0.121371
0.137676
0.154213
0.170945
0.187826
0.204796
0.221787
0.238717
0.255489
0.271994
0.288107
0.303686
0.318575
0.332602
0.345581
0.357315
0.367596
0.376209
0.382938
0.387569
0.389898
0.389737
0.38692
0.3813
0.372771
0.361402
0.34728
0.328609
0.304044
-0.298213
-0.319594
-0.335844
-0.348131
-0.358041
-0.365536
-0.370598
-0.373368
-0.37402
-0.372736
-0.36971
-0.365142
-0.359227
-0.352152
-0.344094
-0.335214
-0.325658
-0.315553
-0.305013
-0.294133
-0.282993
-0.27166
-0.260185
-0.24861
-0.236966
-0.225273
-0.213545
-0.201789
-0.190004
-0.178186
-0.166327
-0.154413
-0.142431
-0.130362
-0.118187
-0.105886
-0.0934383
-0.0808211
-0.0680123
-0.0549901
-0.0417327
-0.0282192
-0.0144297
-0.000345642
0.0140499
0.0287715
0.0438314
0.0592383
0.0749978
0.0911107
0.107573
0.124375
0.141499
0.158922
0.17661
0.194519
0.212596
0.230773
0.248969
0.267088
0.285017
0.302626
0.319767
0.336273
0.351959
0.36662
0.380038
0.391978
0.402196
0.410441
0.416464
0.420021
0.420886
0.418853
0.413741
0.405411
0.39392
0.379345
0.359767
0.333768
-0.327912
-0.350678
-0.367814
-0.380558
-0.390614
-0.397954
-0.402578
-0.404662
-0.404416
-0.402062
-0.397833
-0.391966
-0.384689
-0.376221
-0.366763
-0.356497
-0.345586
-0.334172
-0.322377
-0.310304
-0.298036
-0.285642
-0.273174
-0.260673
-0.248167
-0.235675
-0.223205
-0.21076
-0.198337
-0.185925
-0.173513
-0.161083
-0.148615
-0.136087
-0.123476
-0.110758
-0.0979054
-0.084893
-0.0716941
-0.0582821
-0.0446311
-0.0307156
-0.0165111
-0.00199443
0.0128561
0.0280602
0.0436349
0.0595946
0.07595
0.0927077
0.109869
0.127431
0.145381
0.163702
0.182365
0.201332
0.220554
0.239966
0.259491
0.279033
0.298478
0.317694
0.336525
0.354795
0.372305
0.388833
0.404135
0.41795
0.429999
0.439995
0.447643
0.452654
0.454754
0.45369
0.449236
0.441213
0.429657
0.414633
0.394083
0.366503
-0.360211
-0.38455
-0.402669
-0.415886
-0.426043
-0.433128
-0.437169
-0.438382
-0.437027
-0.433376
-0.427711
-0.42031
-0.411444
-0.401365
-0.390304
-0.378467
-0.366034
-0.353161
-0.33998
-0.326598
-0.313104
-0.299567
-0.286037
-0.272553
-0.259139
-0.24581
-0.23257
-0.219416
-0.206341
-0.193328
-0.180359
-0.167413
-0.154464
-0.141486
-0.12845
-0.115326
-0.102084
-0.088693
-0.0751215
-0.0613386
-0.0473136
-0.0330163
-0.0184172
-0.00348838
0.0117971
0.0274641
0.0435353
0.0600308
0.0769673
0.0943576
0.11221
0.130526
0.149303
0.168529
0.188182
0.208231
0.228631
0.249326
0.27024
0.291281
0.312338
0.333273
0.35393
0.374121
0.393635
0.412231
0.429643
0.445577
0.459718
0.471733
0.48128
0.488014
0.491602
0.491734
0.488126
0.480547
0.469004
0.453543
0.431944
0.402614
-0.395447
-0.421582
-0.440795
-0.454494
-0.464686
-0.471385
-0.474652
-0.474764
-0.472041
-0.466817
-0.459433
-0.450223
-0.439502
-0.427564
-0.414671
-0.401055
-0.386916
-0.372422
-0.357714
-0.342905
-0.328083
-0.313318
-0.298657
-0.284134
-0.26977
-0.255571
-0.241538
-0.22766
-0.213923
-0.200305
-0.186782
-0.173326
-0.159906
-0.14649
-0.133044
-0.119532
-0.10592
-0.0921711
-0.0782493
-0.0641186
-0.0497434
-0.0350887
-0.02012
-0.0048039
0.0108917
0.0269974
0.0435418
0.0605511
0.0780485
0.0960537
0.114582
0.133643
0.153242
0.173373
0.194025
0.215173
0.236781
0.2588
0.281161
0.303776
0.326537
0.34931
0.371931
0.39421
0.415923
0.436811
0.456582
0.474911
0.491441
0.505792
0.51756
0.526338
0.531722
0.533328
0.5308
0.523841
0.512417
0.496542
0.473811
0.442527
-0.434029
-0.462229
-0.482661
-0.49684
-0.506971
-0.513105
-0.515355
-0.514073
-0.509659
-0.502527
-0.493088
-0.48174
-0.468857
-0.454775
-0.439792
-0.424168
-0.408121
-0.391833
-0.37545
-0.359089
-0.342838
-0.326761
-0.310903
-0.295291
-0.279937
-0.264843
-0.249998
-0.235386
-0.220985
-0.206766
-0.192696
-0.178742
-0.164867
-0.151031
-0.137195
-0.123318
-0.10936
-0.0952785
-0.081033
-0.0665823
-0.0518855
-0.0369025
-0.0215936
-0.00591992
0.0101563
0.0266714
0.0436604
0.0611559
0.0791883
0.0977847
0.116968
0.136757
0.157165
0.178196
0.199848
0.222106
0.244945
0.268324
0.292183
0.316443
0.341002
0.365728
0.390461
0.415003
0.439123
0.462545
0.484953
0.505989
0.52525
0.542301
0.556673
0.567881
0.575434
0.57886
0.577708
0.571596
0.56043
0.544182
0.520226
0.486747
-0.476457
-0.507042
-0.528834
-0.543473
-0.553404
-0.558734
-0.55965
-0.556604
-0.550099
-0.540647
-0.528749
-0.51488
-0.499476
-0.482925
-0.465565
-0.44768
-0.429508
-0.411241
-0.393031
-0.374993
-0.357211
-0.339744
-0.322629
-0.305883
-0.289509
-0.273498
-0.257833
-0.242485
-0.227425
-0.212614
-0.198013
-0.18358
-0.16927
-0.155039
-0.14084
-0.126626
-0.112351
-0.0979681
-0.0834307
-0.0686926
-0.0537076
-0.0384302
-0.0228155
-0.00681891
0.00960307
0.0264931
0.0438924
0.0618409
0.0803762
0.0995334
0.119344
0.139837
0.161034
0.182951
0.205596
0.228967
0.253051
0.277817
0.303219
0.32919
0.355634
0.382431
0.409421
0.436411
0.463159
0.489379
0.514732
0.538823
0.561207
0.581383
0.598811
0.612911
0.623092
0.628766
0.629367
0.624399
0.613683
0.597128
0.571844
0.53588
-0.523345
-0.556706
-0.580014
-0.595061
-0.604591
-0.608795
-0.607964
-0.602681
-0.593587
-0.581314
-0.566472
-0.54963
-0.531293
-0.511907
-0.491848
-0.471428
-0.450901
-0.430465
-0.410272
-0.390433
-0.371025
-0.352096
-0.33367
-0.315755
-0.29834
-0.281404
-0.264917
-0.248841
-0.233135
-0.217752
-0.202643
-0.187757
-0.173042
-0.158447
-0.143917
-0.1294
-0.114844
-0.100196
-0.0854039
-0.0704161
-0.0551814
-0.0396488
-0.0237677
-0.00748802
0.00923969
0.0264644
0.0442341
0.0625959
0.0815953
0.101276
0.121679
0.142843
0.1648
0.18758
0.211202
0.235679
0.26101
0.287181
0.314162
0.341898
0.370311
0.399289
0.428685
0.458309
0.487919
0.51722
0.545853
0.573392
0.599343
0.623141
0.644157
0.661709
0.67508
0.683542
0.686377
0.68294
0.672936
0.656179
0.629457
0.590656
-0.575461
-0.61207
-0.637064
-0.652419
-0.66126
-0.663901
-0.66078
-0.652659
-0.640352
-0.624646
-0.606283
-0.585936
-0.564196
-0.541563
-0.518454
-0.495206
-0.472081
-0.449282
-0.426954
-0.405197
-0.384076
-0.363623
-0.343848
-0.32474
-0.306275
-0.288416
-0.27112
-0.254336
-0.238009
-0.222082
-0.206497
-0.191193
-0.176111
-0.161189
-0.146369
-0.13159
-0.116794
-0.101923
-0.0869188
-0.0717248
-0.0562841
-0.0405404
-0.0244377
-0.00792016
0.00906765
0.0265811
0.044675
0.063404
0.0828218
0.102981
0.123933
0.145726
0.168406
0.192014
0.216585
0.242147
0.268717
0.296299
0.32488
0.354427
0.384878
0.416142
0.448086
0.480532
0.513245
0.545928
0.578207
0.609629
0.639653
0.667645
0.692882
0.714561
0.731815
0.743742
0.749431
0.748039
0.739108
0.722312
0.694035
0.65197
-0.633772
-0.674208
-0.701065
-0.716554
-0.724288
-0.72477
-0.718643
-0.706913
-0.690615
-0.67073
-0.648157
-0.62369
-0.598008
-0.571672
-0.545135
-0.518749
-0.492782
-0.467429
-0.442821
-0.419043
-0.396137
-0.374115
-0.352967
-0.33266
-0.313152
-0.294389
-0.276309
-0.258847
-0.241937
-0.225507
-0.209489
-0.193812
-0.178407
-0.163206
-0.148142
-0.133149
-0.118162
-0.103116
-0.0879483
-0.0725968
-0.0569992
-0.041094
-0.0248198
-0.00811515
0.00908147
0.0268317
0.0451974
0.0642407
0.0840236
0.104608
0.126056
0.148427
0.17178
0.196171
0.221651
0.248265
0.27605
0.305031
0.335219
0.366603
0.399149
0.432787
0.467412
0.502863
0.538923
0.5753
0.611617
0.647401
0.682068
0.714916
0.745121
0.771741
0.793733
0.809983
0.819331
0.82067
0.813313
0.796728
0.766785
0.720928
-0.699512
-0.744488
-0.77338
-0.788709
-0.794734
-0.792237
-0.78216
-0.765828
-0.744568
-0.719596
-0.691997
-0.6627
-0.632475
-0.601938
-0.571571
-0.541732
-0.512681
-0.484594
-0.45758
-0.431695
-0.406953
-0.38334
-0.360816
-0.339325
-0.318801
-0.299168
-0.280348
-0.262257
-0.244813
-0.227934
-0.211536
-0.195541
-0.17987
-0.164445
-0.149193
-0.13404
-0.118915
-0.103749
-0.0884725
-0.0730179
-0.0573181
-0.0413065
-0.0249163
-0.00808066
0.00926771
0.0271968
0.0457752
0.0650727
0.0851598
0.106108
0.127989
0.150877
0.174842
0.199957
0.226289
0.253906
0.282864
0.313214
0.344994
0.378223
0.412897
0.448981
0.486399
0.525026
0.56467
0.60506
0.645829
0.686494
0.726439
0.7649
0.800949
0.833493
0.861284
0.882944
0.897001
0.901996
0.896918
0.880929
0.849223
0.798925
-0.774281
-0.824681
-0.855753
-0.870437
-0.873876
-0.86727
-0.851985
-0.829779
-0.802345
-0.771189
-0.737605
-0.702668
-0.667234
-0.631966
-0.597356
-0.563753
-0.531392
-0.500415
-0.470894
-0.442846
-0.416248
-0.391048
-0.367173
-0.344538
-0.323047
-0.302603
-0.283103
-0.264448
-0.246537
-0.229274
-0.212565
-0.196318
-0.180444
-0.16486
-0.149483
-0.134232
-0.119032
-0.103806
-0.0884806
-0.0729829
-0.057241
-0.0411832
-0.024738
-0.00783312
0.0096042
0.027648
0.0463735
0.065858
0.0861804
0.107422
0.129665
0.152995
0.177498
0.203263
0.230377
0.258927
0.288996
0.320662
0.353994
0.389047
0.425855
0.464425
0.504726
0.546675
0.590124
0.63484
0.680483
0.72658
0.772503
0.817436
0.860352
0.9
0.934898
0.963355
0.983498
0.993405
0.991605
0.976808
0.943289
0.887738
-0.860187
-0.917114
-0.950429
-0.963684
-0.963251
-0.950968
-0.928802
-0.899086
-0.863976
-0.825317
-0.784637
-0.743152
-0.701793
-0.661243
-0.621981
-0.584324
-0.548459
-0.514473
-0.482385
-0.452159
-0.423721
-0.396974
-0.371807
-0.348096
-0.325716
-0.304541
-0.284446
-0.265309
-0.247015
-0.22945
-0.212508
-0.196086
-0.180087
-0.164416
-0.148985
-0.133707
-0.118499
-0.10328
-0.0879717
-0.0724964
-0.0567777
-0.0407394
-0.0243052
-0.00739827
0.0100595
0.0281478
0.0469483
0.0665453
0.0870257
0.10848
0.131002
0.154689
0.179643
0.205969
0.233774
0.263167
0.29426
0.327162
0.361977
0.3988
0.437712
0.478772
0.522003
0.567384
0.614827
0.664159
0.715092
0.767193
0.819845
0.872207
0.923173
0.971333
1.01495
1.05197
1.08002
1.09655
1.09947
1.08678
1.0515
0.989684
-0.960067
-1.02489
-1.06035
-1.0709
-1.0647
-1.04456
-1.01328
-0.973956
-0.929316
-0.881592
-0.832548
-0.783523
-0.735487
-0.68911
-0.644821
-0.602865
-0.563352
-0.526295
-0.491634
-0.459264
-0.429052
-0.400844
-0.37448
-0.349798
-0.326636
-0.304838
-0.284254
-0.264741
-0.246163
-0.228394
-0.211312
-0.194805
-0.178765
-0.163091
-0.147685
-0.132456
-0.117314
-0.102176
-0.0869559
-0.0715738
-0.0559486
-0.0400003
-0.0236483
-0.00681154
0.0105928
0.0286496
0.0474463
0.0670739
0.0876271
0.109205
0.131913
0.155859
0.181162
0.207941
0.236326
0.266451
0.298455
0.33248
0.368672
0.407171
0.448112
0.491614
0.537771
0.586638
0.638212
0.692404
0.749014
0.807683
0.867848
0.928686
0.989045
1.04738
1.1017
1.14952
1.18787
1.21341
1.22312
1.21399
1.1772
1.10784
-1.07783
-1.15226
-1.18939
-1.19517
-1.1804
-1.14933
-1.10597
-1.05438
-0.99795
-0.939339
-0.880521
-0.822907
-0.76745
-0.714744
-0.665113
-0.618689
-0.575468
-0.535351
-0.498183
-0.463772
-0.431908
-0.402376
-0.374958
-0.349448
-0.325645
-0.303361
-0.282419
-0.262654
-0.243913
-0.226051
-0.208937
-0.192446
-0.176461
-0.160873
-0.14558
-0.130483
-0.115489
-0.100509
-0.0854547
-0.0702412
-0.0547846
-0.0390013
-0.0228074
-0.00611792
0.0111539
0.0290975
0.0478055
0.0673749
0.0879074
0.109511
0.132299
0.156394
0.181927
0.209036
0.23787
0.268587
0.301358
0.336361
0.373782
0.413814
0.456653
0.502488
0.551497
0.603831
0.659593
0.718816
0.781423
0.847181
0.91564
0.986056
1.0573
1.12773
1.19515
1.25662
1.30846
1.34628
1.36582
1.36254
1.32489
1.24642
-1.21902
-1.30512
-1.34273
-1.34038
-1.31285
-1.26657
-1.20719
-1.13996
-1.06905
-0.997485
-0.927383
-0.860132
-0.79657
-0.737128
-0.681955
-0.631009
-0.584126
-0.541065
-0.501548
-0.465277
-0.431955
-0.401292
-0.373014
-0.346862
-0.322595
-0.299993
-0.27885
-0.25898
-0.240211
-0.222386
-0.205358
-0.188995
-0.17317
-0.157769
-0.142682
-0.127808
-0.113048
-0.098309
-0.0835011
-0.0685361
-0.0533272
-0.0377881
-0.0218322
-0.00537149
0.0116841
0.0294276
0.0479562
0.0673718
0.0877824
0.109303
0.132057
0.156177
0.181807
0.209102
0.238231
0.269377
0.302739
0.338533
0.37699
0.418357
0.462896
0.510879
0.562578
0.618258
0.678159
0.742467
0.811279
0.88455
0.962021
1.04312
1.12683
1.21156
1.29493
1.37361
1.44311
1.49778
1.53164
1.53788
1.50081
1.41134
-1.39181
-1.49185
-1.52734
-1.51132
-1.46475
-1.3973
-1.31672
-1.22971
-1.14117
-1.05441
-0.971499
-0.893655
-0.821451
-0.755037
-0.694295
-0.638936
-0.588585
-0.542824
-0.501225
-0.463369
-0.428861
-0.39733
-0.368438
-0.341875
-0.317359
-0.294636
-0.273475
-0.253668
-0.235027
-0.21738
-0.200571
-0.184457
-0.168906
-0.153798
-0.139018
-0.124461
-0.110026
-0.095616
-0.0811397
-0.0665065
-0.0516279
-0.0364156
-0.0207812
-0.00463442
0.0121171
0.0295692
0.0478223
0.0669826
0.087163
0.108485
0.131079
0.155087
0.180666
0.207985
0.237233
0.268614
0.302358
0.338715
0.377963
0.420406
0.466374
0.516227
0.570345
0.629126
0.692969
0.762254
0.837307
0.918344
1.00539
1.09818
1.19598
1.29737
1.40002
1.50029
1.59292
1.67076
1.72561
1.7473
1.71378
1.61124
-1.60874
-1.72471
-1.7526
-1.71378
-1.6388
-1.54189
-1.43345
-1.32167
-1.21202
-1.10775
-1.01066
-0.921505
-0.840392
-0.767038
-0.700943
-0.641498
-0.58806
-0.539998
-0.496714
-0.457655
-0.422318
-0.390251
-0.361049
-0.334351
-0.309837
-0.287221
-0.266249
-0.246692
-0.228349
-0.211036
-0.194588
-0.178854
-0.163699
-0.148996
-0.134629
-0.120488
-0.106472
-0.0924823
-0.0784254
-0.0642102
-0.049747
-0.0349468
-0.01972
-0.00397543
0.0123808
0.0294463
0.0473236
0.0661217
0.0859572
0.106956
0.129255
0.153005
0.17837
0.205534
0.2347
0.266097
0.299977
0.336628
0.376369
0.419559
0.466602
0.517945
0.574085
0.635566
0.70297
0.776908
0.857988
0.946773
1.0437
1.14895
1.26229
1.38276
1.50837
1.6355
1.75828
1.86801
1.95373
2.00055
1.97658
1.85936
-1.89008
-2.02189
-2.03105
-1.95435
-1.83701
-1.69937
-1.55474
-1.41248
-1.27809
-1.15427
-1.042
-0.941246
-0.851382
-0.771505
-0.700605
-0.637673
-0.581752
-0.53197
-0.487542
-0.447775
-0.412057
-0.379855
-0.350702
-0.324191
-0.299965
-0.277712
-0.257156
-0.238055
-0.220194
-0.203381
-0.187444
-0.172229
-0.157596
-0.143415
-0.129569
-0.115947
-0.102447
-0.0889702
-0.0754226
-0.0617131
-0.0477523
-0.0334511
-0.01872
-0.00346767
0.0123999
0.0289808
0.0463785
0.0647035
0.0840743
0.10462
0.126481
0.149813
0.174789
0.201603
0.230469
0.261634
0.295374
0.332005
0.371885
0.415427
0.4631
0.515441
0.573064
0.636664
0.707023
0.785012
0.871574
0.967697
1.07435
1.19239
1.32233
1.46408
1.61646
1.77645
1.93814
2.09159
2.22282
2.31062
2.30812
2.17695
-2.27057
-2.41091
-2.37887
-2.23953
-2.05944
-1.86619
-1.67544
-1.49668
-1.33432
-1.18956
-1.06188
-0.949967
-0.852138
-0.76667
-0.69193
-0.626439
-0.568897
-0.518172
-0.473292
-0.433427
-0.397865
-0.365998
-0.337306
-0.311342
-0.287721
-0.266108
-0.246215
-0.227787
-0.210602
-0.194463
-0.179195
-0.164641
-0.150659
-0.13712
-0.123906
-0.110907
-0.0980214
-0.0851509
-0.072203
-0.0590877
-0.0457166
-0.0320019
-0.0178552
-0.00318631
0.0120978
0.0280946
0.0449069
0.062645
0.0814276
0.101385
0.122658
0.145408
0.169809
0.196062
0.224392
0.255056
0.288347
0.324605
0.364222
0.407651
0.455422
0.508152
0.566564
0.631503
0.703953
0.785057
0.876129
0.978655
1.09427
1.22467
1.3715
1.53602
1.71858
1.91775
2.12876
2.34151
2.53954
2.69418
2.73691
2.60031
-2.81313
-2.93356
-2.81505
-2.5729
-2.30129
-2.03393
-1.78639
-1.56584
-1.37359
-1.2079
-1.06587
-0.944303
-0.840145
-0.750679
-0.673563
-0.606818
-0.548791
-0.498105
-0.453618
-0.414378
-0.379591
-0.348589
-0.320814
-0.29579
-0.273114
-0.252439
-0.233468
-0.215941
-0.199634
-0.184349
-0.16991
-0.156161
-0.142962
-0.130186
-0.117715
-0.105444
-0.0932701
-0.0810997
-0.0688419
-0.056409
-0.0437149
-0.0306742
-0.0172008
-0.00320671
0.0113989
0.0267111
0.042831
0.0598666
0.0779352
0.0971651
0.117698
0.139692
0.163325
0.188798
0.216339
0.246213
0.278722
0.314221
0.353122
0.395911
0.443162
0.495558
0.553913
0.6192
0.692592
0.775494
0.869595
0.976912
1.09982
1.24109
1.40378
1.59108
1.80589
2.04981
2.32129
2.61265
2.90748
3.17068
3.30594
3.19487
-3.63209
-3.6503
-3.35764
-2.95028
-2.54884
-2.18661
-1.87295
-1.60794
-1.38661
-1.20242
-1.04898
-0.920703
-0.812912
-0.721804
-0.644318
-0.578005
-0.5209
-0.471427
-0.428309
-0.39051
-0.357181
-0.327622
-0.301252
-0.277584
-0.256209
-0.236778
-0.218994
-0.202601
-0.187375
-0.173124
-0.159675
-0.146876
-0.134591
-0.122697
-0.11108
-0.0996382
-0.0882736
-0.0768954
-0.0654166
-0.0537528
-0.0418217
-0.0295411
-0.0168285
-0.00359947
0.0102334
0.0247616
0.0400824
0.0563003
0.0735288
0.0918924
0.111529
0.132594
0.15526
0.179726
0.206218
0.235
0.266376
0.300703
0.338403
0.379976
0.426021
0.477261
0.53457
0.59902
0.671925
0.754912
0.850002
0.959715
1.08719
1.23632
1.41189
1.61958
1.86588
2.1574
2.49909
2.89068
3.32212
3.75839
4.0768
4.07837
-4.93392
-4.64063
-4.01643
-3.35561
-2.77796
-2.30081
-1.91619
-1.60907
-1.36374
-1.16668
-1.00709
-0.876632
-0.768955
-0.679246
-0.603839
-0.539922
-0.485321
-0.438336
-0.397623
-0.362111
-0.330936
-0.303396
-0.278912
-0.257004
-0.237272
-0.219378
-0.203032
-0.187989
-0.174035
-0.160984
-0.148673
-0.136955
-0.125703
-0.114798
-0.104134
-0.0936134
-0.0831443
-0.0726404
-0.0620195
-0.0512022
-0.0401104
-0.0286668
-0.0167933
-0.00441013
0.00856521
0.0222194
0.0366445
0.0519395
0.0682122
0.085581
0.104177
0.124149
0.145662
0.168906
0.194102
0.221501
0.251401
0.284151
0.320165
0.359939
0.404073
0.453296
0.508506
0.570815
0.641618
0.722679
0.816253
0.925251
1.05346
1.20584
1.38893
1.61128
1.88396
2.22078
2.63781
3.15048
3.76662
4.46678
5.12953
5.46077
-7.17812
-6.00421
-4.75335
-3.73051
-2.93576
-2.33559
-1.88771
-1.55091
-1.29372
-1.09404
-0.936447
-0.8101
-0.707346
-0.622702
-0.552179
-0.492822
-0.442406
-0.399229
-0.361969
-0.329584
-0.301244
-0.276277
-0.254137
-0.23437
-0.216601
-0.200512
-0.185836
-0.172341
-0.15983
-0.148128
-0.137086
-0.126567
-0.116451
-0.106631
-0.0970075
-0.0874889
-0.0779906
-0.0684327
-0.0587389
-0.0488354
-0.0386499
-0.0281105
-0.0171447
-0.00567875
0.00636417
0.0190644
0.0325075
0.0467854
0.061998
0.0782554
0.0956799
0.114408
0.134596
0.156421
0.180087
0.20583
0.23393
0.264713
0.298573
0.335979
0.377502
0.423844
0.475873
0.534677
0.601641
0.678542
0.767702
0.8722
0.996182
1.14533
1.32756
1.55404
1.84066
2.2101
2.69465
3.33685
4.18014
5.25641
6.56566
7.80735
-11.5602
-7.80267
-5.29307
-3.81999
-2.84176
-2.17228
-1.71135
-1.38441
-1.14418
-0.962306
-0.821121
-0.70915
-0.618732
-0.544605
-0.48305
-0.431367
-0.387555
-0.350096
-0.317817
-0.289801
-0.265316
-0.243774
-0.224693
-0.207676
-0.192392
-0.178563
-0.165951
-0.154354
-0.143595
-0.133522
-0.124
-0.114909
-0.106141
-0.0976012
-0.0891997
-0.0808553
-0.072492
-0.0640379
-0.0554244
-0.0465852
-0.0374552
-0.0279697
-0.0180635
-0.00767002
0.00327957
0.0148576
0.0271407
0.0402113
0.054159
0.069082
0.0850895
0.102304
0.120863
0.140924
0.162669
0.186308
0.212087
0.240296
0.271283
0.305463
0.343342
0.385541
0.432832
0.486184
0.546834
0.616386
0.69695
0.791367
0.903537
1.03896
1.2056
1.41536
1.68652
2.04824
2.54904
3.26601
4.30364
5.85007
8.44989
12.3182
-18.9699
-9.55626
-5.06814
-3.24738
-2.28438
-1.70022
-1.32933
-1.07808
-0.896648
-0.759566
-0.65264
-0.567225
-0.497728
-0.440356
-0.39243
-0.351993
-0.317579
-0.288064
-0.262573
-0.240412
-0.221024
-0.203952
-0.188824
-0.175326
-0.163198
-0.152215
-0.142189
-0.132953
-0.124365
-0.116298
-0.108642
-0.101296
-0.094171
-0.0871859
-0.080266
-0.0733419
-0.066349
-0.0592261
-0.0519145
-0.0443573
-0.0364987
-0.0282832
-0.0196549
-0.0105568
-0.000929942
0.00928736
0.0201604
0.031759
0.0441589
0.0574428
0.0717021
0.0870387
0.103567
0.121418
0.140739
0.161702
0.184508
0.20939
0.236625
0.266545
0.299548
0.336123
0.376867
0.42253
0.474057
0.532663
0.599932
0.677982
0.769701
0.879159
1.01231
1.1783
1.39196
1.67955
2.09193
2.72595
3.75691
5.67365
10.2794
19.8164
)
;

boundaryField
{
    movingWall
    {
        type            zeroGradient;
    }
    fixedWalls
    {
        type            zeroGradient;
    }
    frontAndBack
    {
        type            empty;
    }
}


// ************************************************************************* //
