/*--------------------------------*- C++ -*----------------------------------*\
  =========                 |
  \\      /  F ield         | OpenFOAM: The Open Source CFD Toolbox
   \\    /   O peration     | Website:  https://openfoam.org
    \\  /    A nd           | Version:  7
     \\/     M anipulation  |
\*---------------------------------------------------------------------------*/
FoamFile
{
    version     2.0;
    format      ascii;
    class       volScalarField;
    location    "0.3";
    object      p;
}
// * * * * * * * * * * * * * * * * * * * * * * * * * * * * * * * * * * * * * //

dimensions      [0 2 -2 0 0 0 0];

internalField   nonuniform List<scalar> 
6400
(
5.12217e-06
2.09388e-05
-0.000485343
-0.00151821
-0.00296054
-0.00470211
-0.00664262
-0.00869255
-0.0107747
-0.0128236
-0.0147841
-0.0166102
-0.0182634
-0.0197121
-0.0209303
-0.0218974
-0.0225973
-0.0230178
-0.0231504
-0.0229896
-0.022533
-0.0217807
-0.0207351
-0.0194008
-0.0177843
-0.0158936
-0.0137388
-0.0113311
-0.00868314
-0.00580881
-0.00272312
0.000557907
0.00401729
0.00763716
0.0113989
0.0152831
0.0192698
0.0233384
0.0274678
0.0316365
0.0358226
0.0400041
0.0441588
0.0482643
0.0522984
0.056239
0.0600644
0.0637531
0.0672842
0.0706374
0.0737934
0.0767337
0.079441
0.0818991
0.0840934
0.0860109
0.0876404
0.0889727
0.0900008
0.0907202
0.0911288
0.0912276
0.0910206
0.0905152
0.0897224
0.0886574
0.0873394
0.0857925
0.0840462
0.0821356
0.0801026
0.0779962
0.0758739
0.0738028
0.0718602
0.0701347
0.0687235
0.0677308
0.0672633
0.067301
-3.11123e-06
1.03924e-05
-0.000443301
-0.00132666
-0.00254046
-0.00400555
-0.00564603
-0.00738953
-0.00917081
-0.0109326
-0.0126253
-0.0142063
-0.0156397
-0.016895
-0.0179473
-0.0187762
-0.0193654
-0.0197025
-0.0197784
-0.0195871
-0.0191251
-0.0183918
-0.0173886
-0.016119
-0.0145884
-0.012804
-0.0107744
-0.00850986
-0.00602182
-0.00332298
-0.000427139
0.00265089
0.00589534
0.00928963
0.0128163
0.0164574
0.0201941
0.0240072
0.0278769
0.0317831
0.0357053
0.0396228
0.0435148
0.0473606
0.0511392
0.0548302
0.0584132
0.0618682
0.065176
0.0683178
0.0712757
0.0740328
0.076573
0.0788819
0.0809462
0.0827542
0.084296
0.0855637
0.0865515
0.0872558
0.0876755
0.0878125
0.0876713
0.0872598
0.0865893
0.0856748
0.0845353
0.0831942
0.0816794
0.0800243
0.0782678
0.0764547
0.0746367
0.0728719
0.0712258
0.0697698
0.068577
0.0677224
0.0672993
0.0673382
0.000503539
0.000465423
1.14972e-05
-0.000804401
-0.00189504
-0.00319713
-0.00464949
-0.00619204
-0.00776914
-0.00933077
-0.0108327
-0.0122362
-0.0135079
-0.0146196
-0.0155473
-0.0162715
-0.0167765
-0.0170498
-0.0170822
-0.0168674
-0.0164017
-0.0156837
-0.0147142
-0.0134961
-0.0120339
-0.0103341
-0.00840453
-0.00625436
-0.00389419
-0.00133579
0.00140801
0.00432338
0.00739555
0.0106089
0.0139472
0.0173933
0.0209295
0.0245377
0.0281993
0.0318952
0.035606
0.0393123
0.0429943
0.0466325
0.0502073
0.0536991
0.057089
0.0603582
0.0634885
0.0664624
0.0692632
0.0718751
0.0742833
0.0764743
0.078436
0.0801577
0.0816305
0.0828473
0.0838031
0.0844951
0.0849228
0.0850885
0.084997
0.0846565
0.0840779
0.0832761
0.0822692
0.0810796
0.0797338
0.0782627
0.0767021
0.0750929
0.0734809
0.0719171
0.0704574
0.0691611
0.0680876
0.0672969
0.0668745
0.066872
0.00153621
0.00135116
0.000827453
8.26567e-06
-0.00103975
-0.00226301
-0.00360977
-0.00502928
-0.00647394
-0.00790017
-0.00926882
-0.0105452
-0.0116989
-0.0127039
-0.0135381
-0.0141829
-0.0146234
-0.0148478
-0.0148469
-0.0146146
-0.0141469
-0.0134423
-0.0125011
-0.0113258
-0.0099204
-0.00829069
-0.00644385
-0.00438844
-0.0021343
0.000307603
0.00292521
0.00570549
0.00863455
0.0116976
0.0148793
0.0181633
0.0215331
0.0249712
0.02846
0.0319814
0.035517
0.0390483
0.0425566
0.0460233
0.0494296
0.0527572
0.055988
0.0591042
0.0620887
0.0649249
0.0675969
0.07009
0.0723903
0.074485
0.076363
0.0780143
0.0794307
0.0806057
0.081535
0.082216
0.0826488
0.0828356
0.0827817
0.0824946
0.0819853
0.0812678
0.0803593
0.0792809
0.0780572
0.0767167
0.075292
0.07382
0.0723413
0.0709006
0.0695459
0.0683277
0.0672966
0.0665039
0.0660178
0.0658822
0.00298469
0.0025732
0.00192168
0.0010496
-5.85136e-06
-0.0011998
-0.00248836
-0.00382922
-0.00518212
-0.00650959
-0.00777747
-0.00895507
-0.0100153
-0.0109344
-0.0116923
-0.0122719
-0.0126593
-0.0128432
-0.0128151
-0.0125691
-0.0121012
-0.0114098
-0.0104951
-0.00935916
-0.00800565
-0.00643981
-0.00466831
-0.00269911
-0.000541397
0.00179452
0.00429732
0.00695471
0.00975355
0.0126799
0.0157191
0.0188557
0.022074
0.0253575
0.0286894
0.0320523
0.035429
0.0388016
0.0421525
0.0454638
0.0487178
0.051897
0.0549842
0.0579625
0.0608156
0.0635278
0.0660842
0.0684706
0.070674
0.0726825
0.0744854
0.0760735
0.077439
0.0785762
0.0794809
0.0801509
0.0805865
0.08079
0.0807663
0.0805229
0.0800701
0.079421
0.0785918
0.0776019
0.076474
0.075234
0.0739113
0.0725387
0.071152
0.0697899
0.0684933
0.0673047
0.0662673
0.065425
0.0648187
0.064471
0.00474681
0.00405851
0.00323604
0.0022708
0.00116656
-3.95742e-05
-0.00131035
-0.00261106
-0.00390813
-0.00516974
-0.00636647
-0.0074716
-0.0084612
-0.00931426
-0.0100126
-0.0105407
-0.0108859
-0.0110379
-0.0109888
-0.010733
-0.0102668
-0.00958875
-0.00869884
-0.00759898
-0.00629258
-0.00478451
-0.00308099
-0.00118947
0.000881395
0.00312191
0.00552137
0.00806815
0.0107498
0.0135531
0.0164641
0.0194683
0.0225504
0.025695
0.0288859
0.0321067
0.0353407
0.0385712
0.0417811
0.0449535
0.0480714
0.0511182
0.0540774
0.0569329
0.0596692
0.0622713
0.0647249
0.0670168
0.0691344
0.0710664
0.0728027
0.0743347
0.075655
0.076758
0.07764
0.0782991
0.0787352
0.0789508
0.0789505
0.0787412
0.0783325
0.0777366
0.0769685
0.0760458
0.0749892
0.073822
0.0725703
0.0712632
0.0699318
0.0686094
0.0673305
0.0661305
0.0650463
0.0641148
0.0633456
0.0627348
0.00673184
0.00573855
0.00471535
0.00362534
0.00243843
0.00118514
-0.000102706
-0.0013971
-0.00267045
-0.00389606
-0.00504893
-0.00610608
-0.00704676
-0.00785251
-0.00850727
-0.00899729
-0.00931115
-0.00943963
-0.00937562
-0.00911401
-0.00865157
-0.00798684
-0.00712006
-0.006053
-0.0047889
-0.00333238
-0.00168931
0.000133252
0.00212713
0.00428311
0.00659105
0.00903991
0.0116178
0.0143123
0.0171099
0.0199969
0.0229588
0.0259806
0.0290471
0.0321425
0.035251
0.0383563
0.0414423
0.0444927
0.0474913
0.050422
0.0532692
0.0560174
0.0586518
0.061158
0.0635223
0.0657319
0.0677749
0.0696405
0.0713191
0.0728021
0.0740828
0.0751557
0.0760171
0.0766651
0.0770997
0.0773231
0.0773393
0.0771548
0.0767784
0.0762212
0.0754968
0.0746212
0.0736128
0.0724925
0.0712835
0.070011
0.068702
0.0673849
0.0660886
0.0648422
0.0636775
0.0626254
0.0616633
0.0607602
0.00886055
0.00754883
0.00630581
0.00506792
0.00377227
0.00244414
0.00111095
-0.000205091
-0.00148169
-0.00269676
-0.00382932
-0.00485991
-0.00577077
-0.00654598
-0.00717159
-0.0076356
-0.00792798
-0.00804063
-0.00796731
-0.00770355
-0.00724661
-0.00659533
-0.00575011
-0.00471275
-0.00348644
-0.0020756
-0.000485883
0.00127598
0.00320218
0.00528394
0.00751158
0.00987456
0.0123616
0.0149606
0.017659
0.0204434
0.0233001
0.0262147
0.0291725
0.0321586
0.0351576
0.0381541
0.0411323
0.0440768
0.0469719
0.0498023
0.0525528
0.0552085
0.0577551
0.0601788
0.0624664
0.0646055
0.0665847
0.0683935
0.0700225
0.0714636
0.0727101
0.0737565
0.0745994
0.0752366
0.075668
0.0758953
0.0759221
0.0757542
0.0753994
0.0748679
0.0741717
0.0733252
0.0723449
0.071249
0.070058
0.0687937
0.0674793
0.0661389
0.0647964
0.0634755
0.062204
0.0610079
0.0598332
0.0586232
0.011066
0.00943187
0.00795797
0.006556
0.00513219
0.00370774
0.00230666
0.000946195
-0.000356005
-0.00158192
-0.00271423
-0.00373668
-0.00463433
-0.0053937
-0.00600288
-0.00645161
-0.00673129
-0.00683498
-0.00675736
-0.00649472
-0.00604484
-0.00540697
-0.00458175
-0.00357111
-0.00237825
-0.00100753
0.000535595
0.00224461
0.00411201
0.00612936
0.00828738
0.010576
0.0129843
0.0155008
0.0181133
0.0208091
0.0235749
0.0263971
0.0292614
0.0321534
0.0350583
0.0379613
0.0408474
0.0437013
0.0465082
0.0492531
0.0519213
0.0544986
0.056971
0.0593251
0.0615481
0.063628
0.0655536
0.0673148
0.0689023
0.0703081
0.0715256
0.0725495
0.073376
0.074003
0.0744298
0.0746577
0.07469
0.0745314
0.074189
0.0736717
0.0729903
0.0721574
0.0711874
0.0700966
0.0689025
0.067624
0.066281
0.0648938
0.0634818
0.0620643
0.060666
0.0593091
0.05791
0.0563881
0.0132922
0.0113376
0.00962736
0.00805049
0.00648435
0.00494715
0.00346038
0.00203708
0.000690897
-0.000563736
-0.00171274
-0.00274281
-0.0036416
-0.00439789
-0.00500175
-0.00544461
-0.0057193
-0.00582004
-0.00574251
-0.00548376
-0.00504218
-0.00441747
-0.00361061
-0.00262371
-0.00146006
-0.000124013
0.00137907
0.00304282
0.00485998
0.00682239
0.00892109
0.0111463
0.0134877
0.015934
0.0184737
0.0210943
0.0237832
0.026527
0.0293123
0.0321249
0.0349507
0.0377752
0.0405839
0.0433621
0.0460954
0.0487692
0.0513692
0.0538816
0.0562928
0.0585897
0.0607599
0.0627915
0.0646735
0.066396
0.0679498
0.0693271
0.070521
0.0715263
0.0723389
0.0729564
0.0733778
0.073604
0.0736373
0.0734819
0.0731439
0.0726309
0.0719525
0.0711196
0.070145
0.0690425
0.0678275
0.0665161
0.0651252
0.0636717
0.0621717
0.0606404
0.0591003
0.057571
0.0559413
0.0541084
0.0154924
0.0132226
0.0112744
0.00951576
0.00779725
0.00613497
0.00454867
0.00304784
0.0016427
0.00034459
-0.000835291
-0.00188628
-0.00279839
-0.00356253
-0.00417063
-0.00461574
-0.00489205
-0.00499501
-0.00492124
-0.00466861
-0.00423616
-0.00362411
-0.00283378
-0.00186756
-0.000728876
0.000577861
0.00204731
0.00367321
0.00544845
0.0073651
0.00941445
0.0115871
0.0138728
0.016261
0.0187403
0.0212987
0.023924
0.0266034
0.0293236
0.0320711
0.034832
0.0375925
0.0403383
0.0430551
0.0457289
0.0483455
0.050891
0.0533518
0.0557145
0.0579663
0.060095
0.0620889
0.0639372
0.0656299
0.0671579
0.0685132
0.0696891
0.0706798
0.0714813
0.0720906
0.0725065
0.072729
0.07276
0.0726028
0.0722624
0.0717454
0.07106
0.0702157
0.0692234
0.0680953
0.0668443
0.0654843
0.0640296
0.0624942
0.0608913
0.0592329
0.0575401
0.0558307
0.0539677
0.0518283
0.0176272
0.0150491
0.0128638
0.0109195
0.00904179
0.00724537
0.0055489
0.00395896
0.00248285
0.00112924
-9.32087e-05
-0.00117617
-0.00211183
-0.00289302
-0.00351343
-0.00396761
-0.00425112
-0.00436053
-0.00429348
-0.00404862
-0.0036257
-0.00302545
-0.0022496
-0.00130086
-0.000182841
0.00109993
0.00254209
0.00413741
0.00587888
0.00775874
0.00976847
0.0118989
0.0141401
0.0164818
0.0189128
0.0214217
0.0239965
0.0266247
0.0292934
0.0319896
0.0346997
0.0374101
0.0401069
0.0427764
0.0454045
0.0479775
0.0504817
0.0529036
0.0552303
0.0574489
0.0595473
0.0615141
0.0633383
0.06501
0.06652
0.0678602
0.0690236
0.0700043
0.0707979
0.0714009
0.0718115
0.0720294
0.0720556
0.0718926
0.0715444
0.0710164
0.0703156
0.0694502
0.0684296
0.067264
0.0659645
0.064543
0.0630114
0.0613816
0.0596642
0.0578685
0.0560151
0.0541207
0.0520243
0.0495842
0.0196633
0.0167845
0.0143643
0.0122326
0.0101911
0.00825405
0.0064394
0.00475135
0.00319474
0.00177595
0.000501438
-0.000622565
-0.00159018
-0.00239603
-0.00303538
-0.00350426
-0.00379947
-0.00391872
-0.00386058
-0.00362456
-0.00321106
-0.00262137
-0.00185768
-0.000923022
0.000178746
0.00144295
0.00286414
0.00443609
0.00615183
0.0080037
0.00998334
0.0120817
0.0142893
0.0165957
0.0189904
0.0214621
0.023999
0.026589
0.0292196
0.0318778
0.0345507
0.0372247
0.0398863
0.0425219
0.0451178
0.0476605
0.0501363
0.0525321
0.0548348
0.0570319
0.0591113
0.0610613
0.0628711
0.0645306
0.0660306
0.0673626
0.0685195
0.0694951
0.0702843
0.0708834
0.07129
0.0715031
0.0715229
0.0713511
0.0709908
0.0704463
0.0697235
0.0688291
0.0677711
0.0665583
0.0652001
0.0637065
0.0620875
0.0603533
0.0585121
0.0565716
0.054552
0.0524696
0.050141
0.0474066
0.0215719
0.0184
0.015748
0.0134283
0.0112204
0.00913816
0.00719942
0.00540638
0.00376185
0.00227022
0.00093604
-0.000236299
-0.00124266
-0.00207929
-0.00274293
-0.00323095
-0.00354138
-0.00367296
-0.00362522
-0.00339845
-0.00299376
-0.002413
-0.00165881
-0.000734603
0.000355498
0.00160663
0.00301321
0.00456898
0.00626696
0.00809955
0.0100585
0.0121349
0.0143193
0.0166017
0.0189717
0.0214181
0.0239295
0.0264941
0.0290995
0.031733
0.0343819
0.0370329
0.0396727
0.0422878
0.0448648
0.0473901
0.0498504
0.0522325
0.0545234
0.0567105
0.0587818
0.0607255
0.0625307
0.0641871
0.0656851
0.0670163
0.0681729
0.0691485
0.0699375
0.0705358
0.0709401
0.0711489
0.0711617
0.0709793
0.0706039
0.0700387
0.0692885
0.0683588
0.0672563
0.0659884
0.0645632
0.0629889
0.0612741
0.0594274
0.0574554
0.0553643
0.0531745
0.0509025
0.0483435
0.0453212
0.023328
0.0198701
0.0169898
0.0144825
0.0121067
0.00987622
0.00780912
0.00590595
0.00416779
0.00259738
0.00119759
-2.88179e-05
-0.00107926
-0.00195146
-0.00264352
-0.00315406
-0.00348223
-0.0036278
-0.0035912
-0.0033735
-0.00297647
-0.00240256
-0.00165488
-0.000737212
0.000346008
0.0015897
0.00298813
0.00453493
0.00622311
0.00804506
0.00999258
0.0120569
0.0142286
0.016498
0.0188546
0.0212877
0.0237858
0.0263374
0.0289303
0.0315522
0.0341901
0.0368313
0.0394624
0.0420702
0.0446412
0.0471621
0.0496195
0.0520003
0.0542914
0.0564802
0.0585544
0.0605024
0.0623128
0.0639752
0.0654798
0.0668176
0.0679806
0.0689619
0.0697555
0.0703564
0.0707611
0.0709671
0.0709731
0.0707793
0.0703868
0.069798
0.0690164
0.0680466
0.066894
0.0655649
0.0640658
0.0624041
0.0605868
0.0586213
0.056513
0.0542669
0.0519041
0.0494415
0.0466541
0.0433495
0.0249096
0.0211721
0.0180667
0.0153728
0.0128284
0.0104479
0.00824943
0.0062324
0.00439638
0.00274269
0.00127277
-1.20741e-05
-0.00111065
-0.002022
-0.0027455
-0.0032809
-0.00362845
-0.00378886
-0.00376342
-0.00355397
-0.00316294
-0.00259334
-0.00184879
-0.000933455
0.000147908
0.00138997
0.00278681
0.00433195
0.00601831
0.00783827
0.00978364
0.0118457
0.0140151
0.0162823
0.0186368
0.0210682
0.0235651
0.026116
0.0287091
0.0313319
0.0339719
0.0366162
0.0392517
0.0418652
0.0444432
0.0469725
0.0494396
0.0518313
0.0541346
0.0563367
0.0584252
0.060388
0.0622137
0.0638915
0.0654113
0.0667637
0.0679403
0.0689335
0.0697368
0.0703449
0.0707532
0.0709586
0.0709592
0.0707541
0.0703437
0.0697294
0.0689139
0.0679004
0.0666935
0.0652983
0.0637204
0.0619658
0.0600407
0.0579515
0.0557027
0.0532982
0.0507602
0.0481065
0.0450926
0.0415103
0.0262967
0.0222851
0.0189578
0.0160786
0.0133656
0.0108338
0.00850203
0.0063685
0.00443158
0.00269135
0.00114799
-0.000198451
-0.00134805
-0.00230106
-0.00305799
-0.00361968
-0.00398737
-0.00416269
-0.00414774
-0.00394511
-0.00355787
-0.00298961
-0.00224441
-0.00132687
-0.000242072
0.00100438
0.00240637
0.00395725
0.00564985
0.00747649
0.00942895
0.0114985
0.013676
0.0159516
0.0183154
0.0207565
0.0232641
0.0258266
0.0284322
0.0310687
0.0337235
0.0363839
0.0390367
0.0416688
0.0442667
0.0468171
0.0493066
0.0517217
0.0540493
0.0562764
0.0583903
0.0603789
0.0622302
0.0639333
0.0654773
0.0668527
0.0680504
0.0690623
0.0698813
0.0705014
0.0709174
0.0711254
0.0711227
0.0709075
0.0704795
0.069839
0.0689879
0.0679286
0.0666644
0.0651997
0.063539
0.0616874
0.0596506
0.0574338
0.0550409
0.0524756
0.0497607
0.0469154
0.0436762
0.0398199
0.0274713
0.0231902
0.0196437
0.0165803
0.013699
0.0110155
0.00854915
0.0062974
0.00425749
0.00242849
0.000809449
-0.000600721
-0.00180322
-0.0027994
-0.00359084
-0.00417938
-0.00456717
-0.00475672
-0.00475093
-0.00455308
-0.0041669
-0.00359651
-0.0028465
-0.00192187
-0.000828053
0.000429053
0.0018431
0.00340728
0.00511429
0.00695634
0.00892519
0.0110121
0.0132078
0.0155028
0.0178868
0.0203493
0.0228793
0.0254655
0.028096
0.0307587
0.0334411
0.0361304
0.0388134
0.041477
0.0441078
0.0466921
0.0492165
0.0516675
0.0540316
0.0562956
0.0584467
0.0604721
0.0623597
0.064098
0.0656759
0.0670831
0.06831
0.069348
0.0701893
0.0708271
0.0712557
0.0714703
0.0714672
0.0712442
0.0707997
0.0701335
0.0692464
0.0681399
0.0668168
0.0652801
0.0635339
0.0615825
0.0594306
0.0570833
0.0545438
0.0518153
0.0489221
0.0458847
0.042421
0.0382929
0.0284163
0.0238694
0.0201061
0.0168597
0.0138105
0.010975
0.00837348
0.00600246
0.00385831
0.00193916
0.000243086
-0.00123202
-0.0024884
-0.00352839
-0.00435456
-0.00496968
-0.00537678
-0.0055792
-0.00558058
-0.0053849
-0.00499649
-0.00442005
-0.00366064
-0.00272367
-0.00161495
-0.000340669
0.00109258
0.00267778
0.00440748
0.0062738
0.00826839
0.0103825
0.0126068
0.0149317
0.0173471
0.0198425
0.0224068
0.0250288
0.0276965
0.030398
0.0331206
0.0358516
0.0385778
0.0412859
0.0439623
0.0465935
0.0491657
0.0516651
0.0540781
0.0563912
0.0585911
0.0606649
0.0625998
0.0643838
0.0660055
0.0674539
0.0687188
0.069791
0.0706618
0.0713239
0.0717706
0.0719965
0.0719972
0.0717694
0.0713107
0.0706202
0.0696976
0.068544
0.067161
0.0655511
0.0637176
0.0616641
0.0593951
0.0569149
0.0542265
0.051333
0.0482602
0.0450298
0.0413416
0.0369426
0.0291156
0.0243057
0.0203273
0.0168989
0.0136824
0.010695
0.00795804
0.00546727
0.00321825
0.00120829
-0.000565394
-0.00210586
-0.00341627
-0.00449991
-0.00536025
-0.00600095
-0.00642586
-0.0066391
-0.00664504
-0.00644833
-0.00605391
-0.00546702
-0.00469319
-0.00373827
-0.00260843
-0.00131017
0.00014965
0.0017638
0.00352467
0.00542422
0.00745401
0.00960518
0.0118685
0.0142341
0.0166921
0.0192318
0.0218422
0.024512
0.0272294
0.0299821
0.0327577
0.0355432
0.0383255
0.0410911
0.0438264
0.0465174
0.0491502
0.0517109
0.0541855
0.0565601
0.058821
0.0609549
0.0629485
0.0647894
0.0664653
0.0679648
0.0692771
0.070392
0.0713004
0.071994
0.0724654
0.0727084
0.0727176
0.072489
0.0720194
0.0713069
0.0703507
0.0691507
0.067708
0.0660245
0.0641027
0.0619459
0.0595579
0.0569431
0.0541041
0.0510439
0.0477898
0.0443652
0.0404518
0.0357818
0.0295538
0.0244827
0.0202904
0.0166808
0.0132974
0.0101584
0.00728603
0.00467544
0.00232146
0.000220663
-0.00163056
-0.00323609
-0.00459998
-0.00572638
-0.00661962
-0.00728418
-0.00772472
-0.0079461
-0.0079534
-0.0077519
-0.00734716
-0.00674493
-0.00595125
-0.00497238
-0.00381486
-0.00248552
-0.00099149
0.000659767
0.00246044
0.00440235
0.00647694
0.00867524
0.0109879
0.0134052
0.0159169
0.0185124
0.0211807
0.0239105
0.0266898
0.0295065
0.0323478
0.0352009
0.0380523
0.0408885
0.0436957
0.0464597
0.0491664
0.0518014
0.0543505
0.0567993
0.0591338
0.06134
0.0634043
0.0653134
0.0670547
0.0686159
0.0699855
0.0711526
0.0721074
0.0728406
0.073344
0.0736106
0.0736342
0.0734097
0.0729334
0.0722023
0.0712149
0.0699703
0.068469
0.0667123
0.0647021
0.0624413
0.0599335
0.0571826
0.0541913
0.0509627
0.0475257
0.0439054
0.0397651
0.0348224
0.0297155
0.0243841
0.0199787
0.0161884
0.0126386
0.00934823
0.00634068
0.00361056
0.00115198
-0.00103919
-0.00296727
-0.00463697
-0.00605312
-0.00722073
-0.00814493
-0.00883099
-0.00928434
-0.00951056
-0.00951541
-0.00930482
-0.00888492
-0.00826201
-0.00744259
-0.00643337
-0.00524126
-0.00387342
-0.00233727
-0.000640513
0.00120884
0.00320242
0.00533155
0.00758713
0.00995973
0.0124395
0.0150162
0.0176792
0.0204174
0.0232193
0.026073
0.0289662
0.0318862
0.0348198
0.0377535
0.0406737
0.0435661
0.0464165
0.0492104
0.0519331
0.0545699
0.0571061
0.059527
0.0618183
0.0639656
0.0659551
0.0677734
0.0694075
0.0708452
0.0720748
0.0730854
0.0738671
0.0744108
0.0747085
0.0747531
0.0745388
0.0740608
0.0733154
0.0723003
0.0710139
0.069456
0.0676273
0.0655292
0.0631644
0.060536
0.0576481
0.0545031
0.0511043
0.0474825
0.0436643
0.0392948
0.0340766
0.0295856
0.0239939
0.0193756
0.0154048
0.0116887
0.00824745
0.00510518
0.00225608
-0.000306397
-0.002587
-0.00459077
-0.00632315
-0.00778977
-0.00899641
-0.00994899
-0.0106536
-0.0111163
-0.0113434
-0.0113415
-0.0111169
-0.0106765
-0.0100271
-0.00917564
-0.00812926
-0.00689527
-0.00548118
-0.0038947
-0.00214378
-0.000236661
0.00181812
0.0040117
0.00633488
0.0087781
0.0113314
0.0139845
0.0167266
0.0195467
0.022433
0.0253737
0.0283562
0.0313678
0.0343951
0.0374245
0.040442
0.0434333
0.0463837
0.0492785
0.0521025
0.0548406
0.0574777
0.0599985
0.062388
0.0646313
0.0667139
0.0686216
0.0703406
0.0718578
0.0731608
0.0742377
0.0750777
0.0756708
0.076008
0.0760813
0.075884
0.0754104
0.074656
0.0736176
0.072293
0.0706812
0.0687825
0.0665978
0.0641294
0.0613803
0.0583545
0.0550546
0.0514839
0.047675
0.0436563
0.0390544
0.0335565
0.0291486
0.0232961
0.0184644
0.0143131
0.0104309
0.00683894
0.00356249
0.000595185
-0.00207014
-0.00443885
-0.00651666
-0.00830973
-0.00982445
-0.0110674
-0.0120452
-0.0127646
-0.0132327
-0.0134563
-0.0134426
-0.0131987
-0.012732
-0.0120497
-0.0111594
-0.0100686
-0.00878511
-0.00731666
-0.00567131
-0.00385728
-0.00188305
0.000242666
0.00251083
0.00491209
0.00743677
0.0100748
0.0128158
0.0156489
0.0185629
0.021546
0.0245863
0.0276711
0.0307873
0.0339217
0.0370603
0.0401888
0.0432927
0.0463571
0.0493667
0.052306
0.0551595
0.0579114
0.060546
0.0630475
0.0654004
0.0675894
0.0695995
0.0714161
0.0730252
0.0744134
0.0755679
0.076477
0.0771295
0.0775156
0.0776263
0.0774539
0.0769917
0.0762345
0.0751781
0.0738197
0.0721577
0.0701916
0.0679221
0.0653511
0.0624816
0.0593175
0.0558614
0.0521168
0.0481183
0.043896
0.0390576
0.0332747
0.028389
0.0222742
0.0172283
0.012896
0.00884767
0.00510532
0.0016953
-0.00138926
-0.00415612
-0.00661124
-0.00876101
-0.0106123
-0.0121722
-0.0134481
-0.0144474
-0.0151776
-0.0156464
-0.0158614
-0.0158304
-0.0155612
-0.0150618
-0.0143398
-0.0134035
-0.0122606
-0.0109195
-0.00938822
-0.00767513
-0.00578875
-0.00373777
-0.00153114
0.00082194
0.00331196
0.00592912
0.00866323
0.0115038
0.0144398
0.0174599
0.0205525
0.0237051
0.0269051
0.0301394
0.0333943
0.0366557
0.0399092
0.0431399
0.0463324
0.0494711
0.0525402
0.0555235
0.0584047
0.0611674
0.0637953
0.066272
0.0685814
0.0707077
0.0726354
0.0743496
0.0758357
0.0770801
0.0780699
0.078793
0.0792384
0.0793961
0.0792574
0.0788148
0.0780619
0.0769938
0.0756069
0.073899
0.071869
0.0695173
0.0668453
0.0638559
0.0605531
0.0569396
0.0530191
0.0488281
0.0443986
0.0393188
0.0332445
0.0272907
0.0209114
0.01565
0.0111361
0.00692132
0.0030288
-0.000514138
-0.00371482
-0.00658163
-0.00912114
-0.0113404
-0.0132469
-0.0148487
-0.0161537
-0.0171701
-0.0179063
-0.0183706
-0.0185714
-0.0185171
-0.0182161
-0.0176769
-0.016908
-0.0159179
-0.0147149
-0.0133076
-0.0117047
-0.00991461
-0.0079463
-0.00580867
-0.00351087
-0.0010623
0.00152738
0.0042482
0.00708989
0.0100418
0.0130928
0.0162316
0.0194461
0.022724
0.0260525
0.0294183
0.0328074
0.0362057
0.0395983
0.04297
0.0463051
0.0495877
0.0528013
0.0559293
0.0589548
0.0618607
0.0646299
0.0672453
0.0696899
0.071947
0.0740002
0.0758334
0.0774311
0.0787786
0.0798619
0.0806677
0.0811839
0.0813994
0.0813044
0.0808903
0.0801499
0.0790774
0.0776683
0.0759197
0.07383
0.0713991
0.0686281
0.0655198
0.0620783
0.0583062
0.0542076
0.0498209
0.0451802
0.0398534
0.03348
0.0258371
0.0191905
0.0137118
0.00901519
0.00463365
0.000591085
-0.00308404
-0.00639958
-0.00936453
-0.0119861
-0.0142719
-0.0162304
-0.01787
-0.0191997
-0.0202285
-0.0209653
-0.0214193
-0.0215996
-0.0215152
-0.0211754
-0.0205891
-0.0197654
-0.0187132
-0.0174414
-0.0159591
-0.0142752
-0.0123986
-0.0103384
-0.00810391
-0.00570442
-0.00314954
-0.000449085
0.00238683
0.00534778
0.008423
0.0116013
0.0148712
0.0182206
0.0216369
0.0251073
0.0286182
0.0321555
0.0357047
0.0392508
0.0427782
0.0462709
0.0497123
0.0530857
0.0563738
0.0595591
0.0626238
0.0655499
0.0683197
0.0709151
0.0733184
0.0755123
0.0774795
0.0792036
0.0806684
0.0818589
0.0827605
0.0833601
0.0836453
0.0836051
0.0832298
0.0825112
0.0814425
0.0800184
0.0782352
0.0760907
0.0735843
0.0707169
0.0674911
0.0639109
0.0599791
0.0557001
0.0511143
0.0462577
0.0406775
0.0339963
0.0240108
0.0170935
0.0113953
0.00651476
0.00196581
-0.00222671
-0.00603327
-0.00946224
-0.0125233
-0.0152242
-0.0175733
-0.0195798
-0.021253
-0.0226025
-0.023638
-0.0243695
-0.0248068
-0.0249598
-0.0248381
-0.0244518
-0.0238103
-0.0229233
-0.0218003
-0.0204507
-0.018884
-0.0171093
-0.0151362
-0.0129739
-0.0106319
-0.00811993
-0.00544764
-0.00262505
0.00033757
0.00342969
0.00664041
0.00995846
0.0133722
0.0168693
0.0204374
0.0240632
0.027733
0.0314326
0.0351472
0.0388615
0.0425596
0.046225
0.0498408
0.0533897
0.0568538
0.0602149
0.0634545
0.066554
0.0694944
0.072257
0.0748229
0.0771736
0.0792909
0.081157
0.0827545
0.0840671
0.0850791
0.0857758
0.0861437
0.0861705
0.0858454
0.085159
0.0841034
0.0826724
0.0808616
0.078668
0.0760906
0.0731299
0.0697884
0.06607
0.0619775
0.0575157
0.052727
0.0476493
0.0418086
0.0348098
0.0217938
0.0146018
0.00868133
0.00361537
-0.00110176
-0.0054442
-0.00938139
-0.0129222
-0.016077
-0.0188543
-0.0212631
-0.0233132
-0.025015
-0.0263787
-0.0274151
-0.0281347
-0.0285482
-0.0286663
-0.0284995
-0.0280582
-0.0273529
-0.0263936
-0.0251905
-0.0237535
-0.0220923
-0.0202169
-0.0181367
-0.0158617
-0.0134014
-0.0107657
-0.00796463
-0.0050083
-0.00190712
0.00132826
0.00468682
0.0081572
0.0117276
0.0153858
0.019119
0.0229139
0.0267566
0.0306329
0.0345275
0.038425
0.0423089
0.0461627
0.0499688
0.0537093
0.0573658
0.0609194
0.0643509
0.0676406
0.0707689
0.0737159
0.0764616
0.0789864
0.0812708
0.0832957
0.0850425
0.0864934
0.0876313
0.0884401
0.088905
0.0890124
0.08875
0.0881073
0.0870753
0.0856468
0.0838163
0.0815803
0.0789371
0.0758869
0.0724318
0.0685757
0.0643217
0.0596745
0.0546789
0.0493747
0.0432655
0.0359384
0.0191673
0.0116958
0.00554999
0.000296768
-0.00458944
-0.00908184
-0.0131488
-0.0167997
-0.0200458
-0.022896
-0.0253603
-0.0274493
-0.0291741
-0.030546
-0.0315764
-0.0322768
-0.0326589
-0.0327339
-0.0325133
-0.0320082
-0.0312297
-0.0301885
-0.0288954
-0.0273607
-0.0255948
-0.0236078
-0.0214098
-0.0190109
-0.016421
-0.0136502
-0.0107086
-0.00760667
-0.00435483
-0.000963892
0.00255506
0.00619055
0.0099307
0.0137632
0.0176751
0.021653
0.025683
0.0297504
0.0338399
0.0379357
0.0420212
0.0460792
0.0500918
0.0540406
0.0579064
0.0616698
0.0653106
0.0688085
0.0721427
0.0752921
0.0782359
0.080953
0.0834226
0.0856244
0.0875382
0.0891447
0.0904255
0.0913628
0.0919404
0.0921431
0.0919574
0.0913713
0.0903746
0.0889589
0.0871178
0.0848469
0.082144
0.0790085
0.0754426
0.07145
0.0670337
0.0621986
0.0569917
0.051455
0.0450688
0.0374014
0.0161112
0.00835503
0.00198033
-0.00346223
-0.0085186
-0.013161
-0.0173568
-0.0211159
-0.0244503
-0.0273698
-0.029885
-0.0320075
-0.0337493
-0.0351225
-0.0361395
-0.0368129
-0.0371549
-0.037178
-0.0368942
-0.0363156
-0.0354538
-0.0343204
-0.0329266
-0.0312835
-0.0294018
-0.0272922
-0.024965
-0.0224307
-0.0196995
-0.0167817
-0.0136877
-0.010428
-0.00701314
-0.00345411
0.000237957
0.00405151
0.00797461
0.0119948
0.0160992
0.0202742
0.0245058
0.0287791
0.0330786
0.0373883
0.0416912
0.0459697
0.0502055
0.0543796
0.0584723
0.0624633
0.0663317
0.0700562
0.073615
0.076986
0.080147
0.0830757
0.08575
0.0881478
0.0902476
0.0920286
0.0934705
0.0945542
0.0952616
0.0955759
0.0954822
0.0949669
0.0940185
0.0926273
0.0907858
0.0884887
0.0857328
0.0825174
0.0788439
0.0747161
0.0701368
0.0651113
0.0596887
0.0539131
0.0472406
0.03922
0.0126046
0.00455788
-0.00204965
-0.00768391
-0.0129117
-0.0177042
-0.0220277
-0.0258929
-0.0293125
-0.032297
-0.0348581
-0.0370081
-0.03876
-0.040127
-0.0411225
-0.04176
-0.0420528
-0.0420141
-0.041657
-0.0409944
-0.0400386
-0.0388019
-0.0372962
-0.0355332
-0.0335241
-0.03128
-0.0288118
-0.0261301
-0.0232455
-0.0201686
-0.0169098
-0.0134799
-0.00988945
-0.00614958
-0.00227148
0.00173327
0.00585266
0.0100742
0.014385
0.0187713
0.023219
0.027713
0.0322379
0.0367771
0.0413136
0.0458292
0.0503053
0.0547223
0.0590598
0.0632969
0.0674118
0.0713823
0.0751854
0.078798
0.0821965
0.0853572
0.0882566
0.090871
0.0931773
0.0951529
0.0967759
0.0980251
0.0988809
0.0993248
0.0993399
0.0989112
0.0980255
0.0966718
0.0948414
0.0925277
0.0897269
0.0864374
0.0826603
0.0783992
0.0736567
0.0684382
0.0627952
0.0567739
0.0498052
0.0414175
0.00862556
0.000281596
-0.00656319
-0.0123918
-0.0177923
-0.022735
-0.0271851
-0.031154
-0.0346552
-0.0377001
-0.0403013
-0.0424722
-0.0442267
-0.0455793
-0.0465443
-0.0471362
-0.0473696
-0.0472585
-0.0468171
-0.046059
-0.0449975
-0.0436457
-0.0420161
-0.040121
-0.0379722
-0.0355813
-0.0329596
-0.0301181
-0.0270675
-0.0238188
-0.0203827
-0.0167697
-0.0129909
-0.00905722
-0.00497998
-0.000770762
0.00355841
0.00799507
0.0125262
0.0171381
0.0218166
0.0265465
0.0313122
0.0360969
0.0408833
0.045653
0.0503868
0.0550646
0.0596655
0.0641678
0.0685488
0.0727853
0.0768533
0.0807284
0.0843857
0.0878001
0.0909464
0.0937993
0.096334
0.0985259
0.100351
0.101787
0.102812
0.103405
0.103547
0.103222
0.102415
0.101114
0.0993071
0.096988
0.0941513
0.0907946
0.0869186
0.0825265
0.0776208
0.0722069
0.0663386
0.0600645
0.0527889
0.0440192
0.00415055
-0.00449788
-0.0115848
-0.0176107
-0.0231855
-0.0282785
-0.0328539
-0.0369238
-0.0405025
-0.0436026
-0.0462376
-0.0484219
-0.0501708
-0.0514996
-0.0524241
-0.05296
-0.0531227
-0.0529276
-0.0523898
-0.051524
-0.0503443
-0.0488645
-0.0470982
-0.045058
-0.0427565
-0.0402058
-0.0374175
-0.0344031
-0.0311736
-0.0277402
-0.0241135
-0.0203045
-0.0163242
-0.0121836
-0.00789387
-0.00346676
0.00108581
0.00575139
0.010517
0.015369
0.020293
0.025274
0.0302961
0.0353424
0.0403953
0.0454363
0.0504456
0.0554027
0.060286
0.065073
0.0697404
0.0742637
0.0786181
0.0827777
0.0867162
0.0904071
0.0938235
0.0969383
0.0997247
0.102156
0.104207
0.105852
0.107068
0.107831
0.108121
0.107919
0.107209
0.105976
0.104207
0.101895
0.0990326
0.0956168
0.0916474
0.0871274
0.0820589
0.0764473
0.0703489
0.0638145
0.0562207
0.0470528
-0.000845114
-0.00980606
-0.0171406
-0.0233669
-0.0291176
-0.0343611
-0.0390603
-0.0432281
-0.04688
-0.0500294
-0.052691
-0.0548805
-0.0566143
-0.0579093
-0.0587823
-0.0592503
-0.0593301
-0.0590383
-0.058391
-0.0574039
-0.0560924
-0.0544711
-0.0525541
-0.0503551
-0.0478871
-0.0451628
-0.0421943
-0.0389933
-0.0355714
-0.0319396
-0.0281091
-0.0240908
-0.0198955
-0.0155345
-0.0110189
-0.00636036
-0.00157068
0.00333773
0.00835196
0.0134584
0.0186429
0.0238902
0.0291844
0.0345086
0.0398449
0.0451745
0.0504774
0.0557325
0.0609177
0.0660097
0.0709843
0.0758162
0.0804792
0.0849463
0.0891897
0.0931812
0.0968921
0.100294
0.103357
0.106053
0.108354
0.110233
0.111663
0.11262
0.11308
0.113023
0.112429
0.111282
0.109568
0.107276
0.1044
0.100934
0.096878
0.0922338
0.0870033
0.0811919
0.0748584
0.0680559
0.060132
0.0505488
-0.00638768
-0.01567
-0.0232581
-0.0296885
-0.035617
-0.0410109
-0.0458321
-0.0500944
-0.0538143
-0.0570065
-0.0596867
-0.0618722
-0.0635806
-0.0648303
-0.0656395
-0.0660267
-0.0660101
-0.0656075
-0.0648364
-0.0637136
-0.0622554
-0.0604776
-0.0583952
-0.0560226
-0.0533734
-0.050461
-0.0472978
-0.0438961
-0.0402676
-0.0364237
-0.0323755
-0.028134
-0.0237103
-0.0191153
-0.0143603
-0.00945654
-0.00441596
0.00074925
0.00602631
0.0114018
0.0168615
0.0223904
0.0279725
0.0335909
0.0392276
0.0448635
0.0504783
0.0560505
0.0615574
0.0669751
0.0722785
0.0774413
0.0824362
0.0872347
0.0918076
0.0961251
0.100156
0.103871
0.107238
0.110225
0.112804
0.114943
0.116614
0.11779
0.118445
0.118555
0.118099
0.117058
0.115416
0.113162
0.110285
0.106779
0.102644
0.0978801
0.0924892
0.0864762
0.0799026
0.0728239
0.0645571
0.0545405
-0.012505
-0.0221187
-0.0299669
-0.0366052
-0.0427134
-0.0482578
-0.053199
-0.0575519
-0.0613341
-0.0645615
-0.0672515
-0.0694224
-0.0710939
-0.0722855
-0.0730174
-0.0733094
-0.0731814
-0.0726526
-0.0717419
-0.0704674
-0.0688466
-0.0668963
-0.0646325
-0.0620704
-0.0592244
-0.0561084
-0.0527355
-0.0491181
-0.0452683
-0.0411977
-0.0369176
-0.0324391
-0.027773
-0.0229302
-0.017922
-0.0127594
-0.00745406
-0.00201808
0.00353598
0.00919489
0.0149447
0.0207704
0.0266562
0.0325851
0.0385392
0.0444991
0.0504444
0.056353
0.062202
0.0679666
0.0736209
0.0791377
0.0844885
0.0896434
0.0945718
0.0992418
0.103621
0.107677
0.111375
0.114683
0.117568
0.119996
0.121937
0.123359
0.124236
0.124539
0.124245
0.123332
0.121783
0.119583
0.11672
0.113187
0.108982
0.104104
0.0985547
0.0923388
0.0855201
0.0781567
0.0695337
0.0590642
-0.0192269
-0.0291827
-0.0372985
-0.0441491
-0.0504391
-0.0561338
-0.0611926
-0.0656315
-0.0694695
-0.0727238
-0.0754132
-0.077558
-0.0791793
-0.0802987
-0.080938
-0.0811189
-0.0808629
-0.0801909
-0.0791233
-0.0776797
-0.0758788
-0.0737387
-0.0712762
-0.0685076
-0.0654482
-0.0621122
-0.0585134
-0.0546647
-0.0505784
-0.0462662
-0.0417396
-0.0370095
-0.0320869
-0.0269824
-0.0217071
-0.0162718
-0.010688
-0.00496732
0.000877857
0.00683459
0.0128891
0.0190268
0.025232
0.0314878
0.0377762
0.044078
0.0503723
0.056637
0.0628485
0.0689816
0.0750096
0.0809042
0.0866357
0.092173
0.0974838
0.102535
0.107291
0.111717
0.115778
0.119437
0.122658
0.125407
0.127648
0.129347
0.130474
0.130998
0.130893
0.130134
0.1287
0.126574
0.123742
0.120196
0.115931
0.110946
0.105241
0.0988215
0.091753
0.0840963
0.0751029
0.0641597
-0.0265849
-0.0368952
-0.0452867
-0.0523542
-0.0588284
-0.0646731
-0.0698468
-0.0743664
-0.0782526
-0.0815242
-0.0842015
-0.0863069
-0.0878634
-0.0888946
-0.0894243
-0.0894763
-0.0890739
-0.0882399
-0.0869963
-0.0853644
-0.0833643
-0.0810154
-0.0783357
-0.0753424
-0.0720516
-0.0684783
-0.0646367
-0.0605402
-0.0562014
-0.0516321
-0.0468438
-0.0418475
-0.0366539
-0.0312737
-0.0257173
-0.0199956
-0.0141195
-0.00810032
-0.00195006
0.0043187
0.0106926
0.0171572
0.0236973
0.0302961
0.0369358
0.0435971
0.0502591
0.0568996
0.0634945
0.070018
0.0764427
0.0827395
0.0888775
0.0948242
0.100546
0.106006
0.11117
0.115998
0.120453
0.124496
0.128088
0.131191
0.133765
0.135775
0.137184
0.137961
0.138073
0.137495
0.136201
0.134172
0.131391
0.127847
0.123534
0.11845
0.112595
0.10597
0.0986473
0.0906883
0.0813097
0.0698707
-0.034613
-0.0452914
-0.0539678
-0.0612576
-0.0679182
-0.0739126
-0.0791978
-0.0837922
-0.087718
-0.0909957
-0.0936479
-0.0956988
-0.0971738
-0.0980988
-0.0984999
-0.098403
-0.0978336
-0.0968167
-0.0953761
-0.0935348
-0.0913147
-0.0887364
-0.0858193
-0.0825816
-0.0790402
-0.075211
-0.0711088
-0.0667472
-0.0621391
-0.0572966
-0.0522312
-0.0469536
-0.0414745
-0.0358041
-0.0299528
-0.0239309
-0.0177488
-0.0114175
-0.00494842
0.00164634
0.00835383
0.0151602
0.0220503
0.0290081
0.0360157
0.0430542
0.0501026
0.0571385
0.0641376
0.0710738
0.0779188
0.0846427
0.0912136
0.0975974
0.103759
0.10966
0.115263
0.120527
0.125411
0.129873
0.133871
0.137363
0.140307
0.142663
0.14439
0.145453
0.145817
0.145449
0.144324
0.142416
0.139708
0.136185
0.131839
0.126666
0.120664
0.113835
0.106253
0.097983
0.0882033
0.076245
-0.0433476
-0.0544094
-0.063381
-0.0708988
-0.0777486
-0.0838919
-0.0892847
-0.0939468
-0.0979022
-0.101173
-0.103785
-0.105765
-0.107139
-0.107938
-0.108189
-0.107921
-0.107161
-0.105938
-0.104277
-0.102204
-0.0997406
-0.0969104
-0.093734
-0.0902306
-0.0864181
-0.0823133
-0.0779314
-0.0732865
-0.0683917
-0.0632593
-0.0579006
-0.0523264
-0.0465469
-0.0405721
-0.0344119
-0.0280761
-0.0215745
-0.0149177
-0.00811631
-0.00118194
0.0058731
0.0130355
0.0202907
0.0276229
0.0350149
0.0424479
0.0499011
0.0573521
0.0647764
0.0721474
0.0794366
0.0866131
0.0936438
0.100494
0.107125
0.113499
0.119575
0.125309
0.130658
0.135577
0.14002
0.143941
0.147294
0.150035
0.152119
0.153506
0.154156
0.154034
0.153108
0.151351
0.14874
0.145258
0.140895
0.135644
0.129503
0.122472
0.114626
0.106035
0.0958378
0.0833349
-0.0528281
-0.0642907
-0.0735688
-0.0813212
-0.0883629
-0.0946541
-0.10015
-0.104871
-0.108845
-0.112095
-0.114649
-0.116538
-0.117791
-0.118439
-0.118516
-0.118051
-0.117077
-0.115621
-0.113714
-0.111382
-0.108651
-0.105545
-0.102085
-0.098293
-0.0941874
-0.0897858
-0.085104
-0.0801566
-0.074957
-0.0695173
-0.063849
-0.0579624
-0.0518675
-0.0455739
-0.0390908
-0.0324275
-0.0255933
-0.0185978
-0.011451
-0.00416384
0.0032522
0.0107845
0.0184191
0.026141
0.0339333
0.0417777
0.0496538
0.0575392
0.0654095
0.0732379
0.0809952
0.08865
0.0961682
0.103513
0.110647
0.117527
0.12411
0.130352
0.136205
0.141621
0.146549
0.150941
0.154746
0.157914
0.160397
0.162149
0.163126
0.163287
0.162596
0.161021
0.158536
0.15512
0.150758
0.145444
0.13917
0.131939
0.123827
0.114905
0.104272
0.0911979
-0.0630968
-0.0749799
-0.0845775
-0.0925717
-0.0998082
-0.106246
-0.111839
-0.11661
-0.120588
-0.1238
-0.126278
-0.128052
-0.129159
-0.129632
-0.129506
-0.128817
-0.127598
-0.125882
-0.1237
-0.121081
-0.118054
-0.114645
-0.110876
-0.10677
-0.102348
-0.0976268
-0.0926238
-0.0873537
-0.0818301
-0.0760653
-0.0700702
-0.0638553
-0.0574299
-0.050803
-0.0439833
-0.0369792
-0.0297994
-0.0224525
-0.0149478
-0.00729518
0.00049474
0.00841016
0.0164381
0.0245641
0.0327722
0.0410444
0.049361
0.0576998
0.0660367
0.0743446
0.0825941
0.0907532
0.098787
0.106658
0.114325
0.121746
0.128874
0.135662
0.14206
0.148015
0.153473
0.158381
0.162683
0.166325
0.169254
0.171416
0.172764
0.173251
0.172834
0.171478
0.16915
0.165827
0.161489
0.156127
0.149732
0.142303
0.133921
0.124659
0.113572
0.0998969
-0.0742001
-0.0865259
-0.0964578
-0.104702
-0.112136
-0.118719
-0.124402
-0.129211
-0.133178
-0.136333
-0.13871
-0.140345
-0.141277
-0.141544
-0.141186
-0.14024
-0.138745
-0.136735
-0.134246
-0.131309
-0.127956
-0.124213
-0.120107
-0.115661
-0.110896
-0.105832
-0.100485
-0.094871
-0.0890036
-0.0828949
-0.0765558
-0.0699962
-0.063225
-0.0562505
-0.0490805
-0.0417228
-0.0341848
-0.0264744
-0.0185997
-0.0105696
-0.00239365
0.00591744
0.0143517
0.0228956
0.031534
0.0402498
0.0490239
0.0578347
0.0666581
0.0754675
0.0842332
0.0929228
0.1015
0.109928
0.118162
0.126159
0.133871
0.141246
0.148231
0.15477
0.160806
0.166278
0.171128
0.175295
0.178719
0.181343
0.18311
0.183969
0.183872
0.182774
0.180641
0.177441
0.173153
0.167763
0.161258
0.153637
0.144982
0.13537
0.123809
0.109501
-0.0861883
-0.0989825
-0.109265
-0.117768
-0.125403
-0.132128
-0.137893
-0.142727
-0.146664
-0.149739
-0.151989
-0.153455
-0.154181
-0.154208
-0.153581
-0.152342
-0.150533
-0.148194
-0.145362
-0.142073
-0.13836
-0.134252
-0.129778
-0.124962
-0.119827
-0.114394
-0.108679
-0.102698
-0.0964664
-0.0899945
-0.0832936
-0.0763729
-0.0692406
-0.0619043
-0.0543708
-0.0466467
-0.0387387
-0.0306532
-0.0223973
-0.0139784
-0.00540512
0.00331324
0.0121659
0.0211405
0.030223
0.0393973
0.0486451
0.0579455
0.0672751
0.0766074
0.0859129
0.0951589
0.104309
0.113324
0.12216
0.13077
0.139104
0.147109
0.154727
0.161899
0.168561
0.174651
0.180102
0.184849
0.188825
0.191965
0.194206
0.19549
0.195761
0.194969
0.193072
0.190032
0.185823
0.180426
0.173827
0.166019
0.15709
0.147118
0.135062
0.120087
-0.0991169
-0.112409
-0.123061
-0.131833
-0.139673
-0.146536
-0.152373
-0.157215
-0.161101
-0.164069
-0.166161
-0.167424
-0.167905
-0.167653
-0.166717
-0.165145
-0.162982
-0.160272
-0.157058
-0.153377
-0.149267
-0.144758
-0.139882
-0.134665
-0.129131
-0.123301
-0.117193
-0.110822
-0.104204
-0.0973491
-0.0902682
-0.0829697
-0.0754611
-0.0677489
-0.0598389
-0.0517366
-0.0434471
-0.0349758
-0.0263281
-0.0175104
-0.0085294
0.000606803
0.00988888
0.0193059
0.0288452
0.0384917
0.0482284
0.0580353
0.0678897
0.0777657
0.0876342
0.0974623
0.107213
0.116847
0.126319
0.13558
0.144579
0.153257
0.161556
0.169411
0.176755
0.183518
0.189629
0.195015
0.199603
0.203321
0.206097
0.207865
0.20856
0.208126
0.206511
0.203672
0.199577
0.1942
0.187524
0.179539
0.170334
0.159992
0.147418
0.131739
-0.113047
-0.12687
-0.137914
-0.146965
-0.155013
-0.16201
-0.167907
-0.172739
-0.176547
-0.179376
-0.181274
-0.182294
-0.182488
-0.181913
-0.180622
-0.178669
-0.176105
-0.172979
-0.169338
-0.165223
-0.160674
-0.155727
-0.150412
-0.14476
-0.138795
-0.132538
-0.126009
-0.119225
-0.112197
-0.104939
-0.0974599
-0.0897669
-0.0818668
-0.0737651
-0.0654663
-0.0569743
-0.0482929
-0.0394259
-0.0303772
-0.0211514
-0.0117536
-0.00219025
0.00753101
0.0174009
0.0274082
0.0375395
0.047779
0.058108
0.0685049
0.0789445
0.0893984
0.0998338
0.110214
0.120498
0.130641
0.140592
0.150297
0.159696
0.168725
0.177317
0.185399
0.192897
0.199731
0.205822
0.211089
0.215452
0.218829
0.221146
0.222329
0.222311
0.221033
0.218443
0.214501
0.209176
0.202444
0.194294
0.184814
0.17409
0.160973
0.14455
-0.128047
-0.14244
-0.1539
-0.163244
-0.171502
-0.178627
-0.184569
-0.189366
-0.193066
-0.19572
-0.197382
-0.198111
-0.197969
-0.197019
-0.19532
-0.192933
-0.189916
-0.186323
-0.182205
-0.177609
-0.172576
-0.167147
-0.161355
-0.15523
-0.148799
-0.142085
-0.135108
-0.127883
-0.120424
-0.112741
-0.104845
-0.0967407
-0.0884344
-0.07993
-0.0712305
-0.0623383
-0.0532556
-0.0439841
-0.0345262
-0.0248844
-0.0150621
-0.0050637
0.005105
0.0154366
0.0259218
0.0365488
0.0473036
0.058169
0.0691247
0.0801468
0.0912074
0.102275
0.113312
0.124278
0.135127
0.145807
0.156262
0.166429
0.176242
0.185627
0.194509
0.202805
0.21043
0.217298
0.223317
0.228399
0.232453
0.235392
0.237133
0.237599
0.236719
0.234433
0.230691
0.225455
0.218693
0.21039
0.200637
0.189522
0.175836
0.158622
-0.144192
-0.159201
-0.171105
-0.180754
-0.189226
-0.196471
-0.202439
-0.207173
-0.210729
-0.213163
-0.214539
-0.214925
-0.21439
-0.213004
-0.210837
-0.207957
-0.204428
-0.20031
-0.195659
-0.190528
-0.184963
-0.179005
-0.172691
-0.166054
-0.159122
-0.151918
-0.144462
-0.13677
-0.128855
-0.120727
-0.112394
-0.103863
-0.0951359
-0.0862162
-0.0771051
-0.0678032
-0.0583107
-0.0486274
-0.0387534
-0.0286893
-0.0184363
-0.00799667
0.00262604
0.0134266
0.0243976
0.0355297
0.0468106
0.058225
0.0697542
0.0813759
0.0930635
0.104786
0.116507
0.128186
0.139777
0.151226
0.162475
0.17346
0.18411
0.194349
0.204095
0.213259
0.22175
0.229471
0.236323
0.242206
0.247019
0.250663
0.253043
0.254069
0.253658
0.251739
0.24825
0.243146
0.236386
0.227949
0.217927
0.20641
0.192125
0.174071
-0.161568
-0.177244
-0.189626
-0.199596
-0.208283
-0.215637
-0.221608
-0.226246
-0.229613
-0.231776
-0.232808
-0.232786
-0.231791
-0.229902
-0.227198
-0.223756
-0.219647
-0.214939
-0.209695
-0.20397
-0.197817
-0.19128
-0.184399
-0.177207
-0.169734
-0.162005
-0.154039
-0.145852
-0.137456
-0.128862
-0.120075
-0.1111
-0.101939
-0.092592
-0.0830594
-0.0733395
-0.0634301
-0.053329
-0.0430338
-0.0325428
-0.0218548
-0.0109695
0.000111798
0.0113864
0.0228495
0.0344938
0.0463095
0.0582835
0.0703993
0.0826362
0.0949693
0.107369
0.1198
0.132222
0.144589
0.156847
0.168936
0.180789
0.192334
0.203489
0.214167
0.224274
0.233709
0.242368
0.250141
0.256917
0.262581
0.267023
0.270132
0.271805
0.271945
0.270466
0.267295
0.262374
0.255654
0.247104
0.236819
0.224889
0.209975
0.191025
-0.180272
-0.196676
-0.209572
-0.219879
-0.228783
-0.236232
-0.242178
-0.246678
-0.249804
-0.251634
-0.252253
-0.25175
-0.250216
-0.247745
-0.244425
-0.240342
-0.235578
-0.230208
-0.224301
-0.217919
-0.211118
-0.203947
-0.196447
-0.188655
-0.1806
-0.172309
-0.163801
-0.15509
-0.14619
-0.137107
-0.127848
-0.118414
-0.108805
-0.099021
-0.0890584
-0.0789136
-0.0685819
-0.0580587
-0.0473391
-0.0364185
-0.0252931
-0.01396
-0.00241755
0.00933412
0.021293
0.0334545
0.0458116
0.0583536
0.0710666
0.0839322
0.0969276
0.110025
0.123191
0.136385
0.149562
0.162668
0.175643
0.188417
0.200915
0.213052
0.224735
0.235864
0.246329
0.256018
0.264808
0.272577
0.279196
0.284539
0.288481
0.2909
0.291684
0.290731
0.287952
0.283275
0.276639
0.268005
0.257465
0.245114
0.229534
0.209625
-0.200414
-0.217617
-0.23107
-0.241733
-0.250852
-0.258378
-0.264263
-0.268573
-0.271395
-0.272819
-0.272943
-0.271871
-0.26971
-0.266565
-0.262537
-0.257726
-0.252221
-0.246108
-0.239461
-0.232351
-0.224837
-0.216971
-0.208798
-0.200357
-0.191678
-0.182787
-0.173702
-0.16444
-0.155009
-0.145418
-0.135668
-0.12576
-0.115693
-0.105462
-0.0950626
-0.0844877
-0.0737302
-0.0627826
-0.0516372
-0.0402866
-0.0287238
-0.0169429
-0.00493944
0.00728974
0.0197456
0.0324268
0.0453291
0.0584451
0.0717635
0.0852688
0.0989409
0.112754
0.126677
0.140671
0.154691
0.168685
0.182591
0.19634
0.209852
0.223039
0.235804
0.248038
0.259626
0.270443
0.280358
0.28923
0.29692
0.303281
0.308172
0.311452
0.312988
0.31266
0.31036
0.306
0.299503
0.290819
0.280039
0.267256
0.250973
0.230033
-0.222121
-0.240205
-0.254264
-0.265302
-0.274635
-0.282212
-0.287991
-0.292051
-0.294492
-0.29542
-0.294953
-0.29321
-0.290316
-0.286391
-0.281553
-0.275911
-0.26957
-0.262622
-0.255152
-0.247235
-0.238936
-0.230311
-0.221408
-0.212266
-0.202917
-0.193386
-0.183692
-0.173848
-0.163863
-0.153742
-0.143485
-0.133091
-0.122555
-0.11187
-0.101028
-0.0900198
-0.0788352
-0.0674633
-0.0558932
-0.0441145
-0.0321168
-0.019891
-0.00742912
0.00527527
0.0182266
0.031427
0.0448756
0.0585684
0.0724976
0.086651
0.101011
0.115556
0.130256
0.145076
0.159972
0.174892
0.189775
0.204551
0.219139
0.233447
0.247373
0.260804
0.273614
0.285668
0.296821
0.306922
0.31581
0.323322
0.329295
0.333566
0.33598
0.336393
0.334676
0.330719
0.324428
0.315737
0.304734
0.291511
0.274481
0.252431
-0.245539
-0.264602
-0.279323
-0.290756
-0.300295
-0.307892
-0.313509
-0.317242
-0.319208
-0.319536
-0.318361
-0.315827
-0.312077
-0.307251
-0.301482
-0.294897
-0.28761
-0.279726
-0.271339
-0.262529
-0.253369
-0.243916
-0.234221
-0.224324
-0.214258
-0.204047
-0.193709
-0.183255
-0.172692
-0.162022
-0.151243
-0.140351
-0.129338
-0.118193
-0.106906
-0.0954643
-0.0838535
-0.0720598
-0.060069
-0.0478668
-0.0354396
-0.0227745
-0.0098599
0.00331434
0.0167565
0.0304723
0.044465
0.0587345
0.0732766
0.0880831
0.10314
0.11843
0.133925
0.149593
0.165394
0.181277
0.197182
0.213039
0.228766
0.244269
0.259441
0.274162
0.2883
0.301708
0.314229
0.325693
0.335924
0.344736
0.351942
0.357355
0.360793
0.362084
0.361072
0.357622
0.351618
0.342974
0.331772
0.318102
0.300278
0.277024
-0.270839
-0.290994
-0.306441
-0.318291
-0.328025
-0.335599
-0.340983
-0.344293
-0.345672
-0.345271
-0.343252
-0.339785
-0.335036
-0.329167
-0.322332
-0.314672
-0.306319
-0.297387
-0.287979
-0.278185
-0.268079
-0.257724
-0.247173
-0.236466
-0.225635
-0.214703
-0.203686
-0.192594
-0.18143
-0.170194
-0.15888
-0.147481
-0.135984
-0.124377
-0.112645
-0.100771
-0.0887384
-0.0765285
-0.0641236
-0.0515057
-0.0386574
-0.0255619
-0.0122036
0.00143184
0.0153566
0.0295809
0.044112
0.0589541
0.0741077
0.0895687
0.105328
0.121371
0.137676
0.154213
0.170945
0.187826
0.204796
0.221787
0.238717
0.25549
0.271995
0.288108
0.303686
0.318575
0.332602
0.345582
0.357316
0.367597
0.37621
0.382939
0.38757
0.389899
0.389738
0.386921
0.381302
0.372773
0.361404
0.347283
0.328612
0.304048
-0.29822
-0.319601
-0.33585
-0.348137
-0.358047
-0.365541
-0.370603
-0.373373
-0.374024
-0.37274
-0.369714
-0.365146
-0.359231
-0.352156
-0.344098
-0.335218
-0.325661
-0.315557
-0.305017
-0.294136
-0.282996
-0.271662
-0.260187
-0.248612
-0.236968
-0.225275
-0.213547
-0.201791
-0.190006
-0.178188
-0.166329
-0.154415
-0.142433
-0.130364
-0.118189
-0.105888
-0.0934403
-0.0808229
-0.068014
-0.0549917
-0.0417341
-0.0282205
-0.0144309
-0.000346619
0.014049
0.0287707
0.0438306
0.0592376
0.0749971
0.09111
0.107572
0.124374
0.141499
0.158922
0.17661
0.19452
0.212597
0.230774
0.24897
0.267088
0.285017
0.302627
0.319768
0.336274
0.351959
0.366621
0.380039
0.391979
0.402196
0.410442
0.416465
0.420023
0.420887
0.418855
0.413743
0.405413
0.393922
0.379347
0.35977
0.333771
-0.32792
-0.350685
-0.367821
-0.380564
-0.39062
-0.39796
-0.402584
-0.404667
-0.40442
-0.402066
-0.397837
-0.39197
-0.384693
-0.376225
-0.366766
-0.3565
-0.345589
-0.334175
-0.32238
-0.310307
-0.298039
-0.285644
-0.273177
-0.260676
-0.24817
-0.235677
-0.223207
-0.210762
-0.198339
-0.185927
-0.173515
-0.161085
-0.148617
-0.136089
-0.123478
-0.11076
-0.0979073
-0.0848948
-0.0716957
-0.0582836
-0.0446324
-0.0307168
-0.0165122
-0.00199531
0.0128554
0.0280595
0.0436343
0.059594
0.0759494
0.0927071
0.109869
0.12743
0.145381
0.163702
0.182365
0.201332
0.220554
0.239967
0.259492
0.279034
0.298479
0.317695
0.336526
0.354796
0.372306
0.388834
0.404136
0.417951
0.430001
0.439996
0.447644
0.452655
0.454755
0.453692
0.449238
0.441216
0.42966
0.414636
0.394086
0.366506
-0.360219
-0.384557
-0.402675
-0.415892
-0.426049
-0.433134
-0.437174
-0.438387
-0.437032
-0.433381
-0.427715
-0.420314
-0.411448
-0.401369
-0.390308
-0.37847
-0.366037
-0.353164
-0.339983
-0.326602
-0.313107
-0.299569
-0.286039
-0.272555
-0.259141
-0.245812
-0.232572
-0.219418
-0.206342
-0.193329
-0.180361
-0.167415
-0.154466
-0.141488
-0.128452
-0.115328
-0.102086
-0.0886946
-0.075123
-0.06134
-0.0473148
-0.0330173
-0.0184182
-0.00348915
0.0117964
0.0274635
0.0435348
0.0600303
0.0769668
0.0943571
0.112209
0.130526
0.149303
0.168529
0.188182
0.208231
0.228632
0.249326
0.270241
0.291282
0.312338
0.333274
0.35393
0.374122
0.393636
0.412232
0.429644
0.445578
0.459719
0.471734
0.481281
0.488016
0.491604
0.491736
0.488128
0.480549
0.469007
0.453546
0.431948
0.402617
-0.395455
-0.42159
-0.440802
-0.454501
-0.464693
-0.471391
-0.474658
-0.474769
-0.472046
-0.466822
-0.459437
-0.450227
-0.439506
-0.427568
-0.414675
-0.401059
-0.386919
-0.372425
-0.357717
-0.342908
-0.328086
-0.31332
-0.298659
-0.284137
-0.269772
-0.255573
-0.24154
-0.227662
-0.213924
-0.200307
-0.186784
-0.173328
-0.159908
-0.146492
-0.133046
-0.119534
-0.105922
-0.0921727
-0.0782507
-0.0641199
-0.0497446
-0.0350897
-0.0201208
-0.00480458
0.0108912
0.026997
0.0435414
0.0605507
0.0780481
0.0960533
0.114582
0.133643
0.153242
0.173373
0.194025
0.215173
0.236782
0.258801
0.281162
0.303777
0.326538
0.349311
0.371932
0.394212
0.415924
0.436812
0.456583
0.474912
0.491443
0.505793
0.517562
0.52634
0.531724
0.53333
0.530802
0.523844
0.512419
0.496544
0.473814
0.44253
-0.434037
-0.462236
-0.482668
-0.496847
-0.506977
-0.513111
-0.515361
-0.514078
-0.509664
-0.502531
-0.493092
-0.481744
-0.468861
-0.454778
-0.439796
-0.424171
-0.408124
-0.391836
-0.375453
-0.359092
-0.34284
-0.326764
-0.310906
-0.295294
-0.27994
-0.264845
-0.25
-0.235388
-0.220987
-0.206767
-0.192698
-0.178744
-0.164869
-0.151033
-0.137197
-0.12332
-0.109361
-0.09528
-0.0810344
-0.0665835
-0.0518866
-0.0369034
-0.0215943
-0.00592053
0.0101558
0.026671
0.04366
0.0611556
0.079188
0.0977843
0.116968
0.136757
0.157165
0.178196
0.199848
0.222107
0.244946
0.268325
0.292184
0.316445
0.341003
0.365729
0.390462
0.415005
0.439124
0.462546
0.484955
0.50599
0.525252
0.542302
0.556675
0.567882
0.575436
0.578862
0.57771
0.571599
0.560433
0.544185
0.52023
0.486751
-0.476464
-0.507049
-0.528841
-0.543479
-0.55341
-0.55874
-0.559656
-0.556609
-0.550104
-0.540651
-0.528753
-0.514884
-0.49948
-0.482929
-0.465568
-0.447683
-0.429511
-0.411245
-0.393034
-0.374996
-0.357214
-0.339747
-0.322631
-0.305885
-0.289511
-0.2735
-0.257835
-0.242487
-0.227426
-0.212615
-0.198015
-0.183582
-0.169272
-0.155041
-0.140841
-0.126627
-0.112352
-0.0979694
-0.083432
-0.0686937
-0.0537086
-0.0384311
-0.0228162
-0.00681946
0.00960266
0.0264927
0.0438922
0.0618406
0.0803759
0.0995332
0.119344
0.139837
0.161034
0.182951
0.205597
0.228968
0.253052
0.277818
0.303221
0.329191
0.355636
0.382432
0.409423
0.436412
0.463161
0.489381
0.514733
0.538824
0.561208
0.581385
0.598812
0.612912
0.623093
0.628768
0.629369
0.624401
0.613686
0.597131
0.571848
0.535884
-0.523353
-0.556713
-0.580021
-0.595067
-0.604597
-0.608801
-0.607969
-0.602686
-0.593592
-0.581318
-0.566477
-0.549634
-0.531297
-0.511911
-0.491852
-0.471432
-0.450904
-0.430468
-0.410275
-0.390436
-0.371027
-0.352098
-0.333673
-0.315757
-0.298342
-0.281406
-0.264919
-0.248843
-0.233137
-0.217754
-0.202644
-0.187758
-0.173044
-0.158448
-0.143918
-0.129401
-0.114845
-0.100197
-0.085405
-0.0704172
-0.0551824
-0.0396496
-0.0237683
-0.00748851
0.00923934
0.0264641
0.0442339
0.0625957
0.0815951
0.101276
0.121679
0.142843
0.1648
0.18758
0.211202
0.235679
0.261011
0.287183
0.314163
0.3419
0.370312
0.39929
0.428687
0.45831
0.487921
0.517222
0.545855
0.573394
0.599345
0.623143
0.644159
0.661711
0.675082
0.683544
0.68638
0.682942
0.672939
0.656182
0.62946
0.59066
-0.575469
-0.612077
-0.63707
-0.652426
-0.661266
-0.663907
-0.660785
-0.652664
-0.640356
-0.62465
-0.606287
-0.58594
-0.564199
-0.541566
-0.518457
-0.495209
-0.472085
-0.449285
-0.426956
-0.4052
-0.384079
-0.363626
-0.343851
-0.324743
-0.306277
-0.288418
-0.271122
-0.254337
-0.23801
-0.222084
-0.206498
-0.191195
-0.176112
-0.16119
-0.14637
-0.131591
-0.116795
-0.101924
-0.0869199
-0.0717258
-0.056285
-0.0405412
-0.0244383
-0.0079206
0.00906736
0.0265809
0.0446749
0.0634039
0.0828217
0.102981
0.123933
0.145726
0.168406
0.192014
0.216585
0.242148
0.268718
0.2963
0.324882
0.354428
0.384879
0.416143
0.448087
0.480533
0.513247
0.545929
0.578208
0.609631
0.639654
0.667646
0.692884
0.714563
0.731816
0.743744
0.749434
0.748042
0.739111
0.722315
0.694039
0.651973
-0.633779
-0.674215
-0.701071
-0.71656
-0.724294
-0.724776
-0.718649
-0.706918
-0.690619
-0.670734
-0.648161
-0.623694
-0.598012
-0.571676
-0.545138
-0.518752
-0.492786
-0.467432
-0.442824
-0.419045
-0.396139
-0.374118
-0.352969
-0.332663
-0.313154
-0.294391
-0.276311
-0.258849
-0.241938
-0.225509
-0.20949
-0.193813
-0.178408
-0.163208
-0.148144
-0.13315
-0.118163
-0.103117
-0.0879493
-0.0725977
-0.0570001
-0.0410948
-0.0248204
-0.00811553
0.00908125
0.0268316
0.0451974
0.0642407
0.0840236
0.104608
0.126056
0.148427
0.17178
0.196171
0.221651
0.248265
0.276051
0.305032
0.33522
0.366605
0.39915
0.432789
0.467413
0.502865
0.538925
0.575302
0.611619
0.647403
0.68207
0.714917
0.745122
0.771742
0.793735
0.809985
0.819334
0.820673
0.813316
0.796731
0.766788
0.720932
-0.699519
-0.744495
-0.773387
-0.788715
-0.79474
-0.792243
-0.782165
-0.765833
-0.744572
-0.7196
-0.692001
-0.662704
-0.632478
-0.601942
-0.571574
-0.541735
-0.512684
-0.484597
-0.457583
-0.431697
-0.406956
-0.383343
-0.360818
-0.339327
-0.318803
-0.29917
-0.28035
-0.262259
-0.244815
-0.227935
-0.211538
-0.195543
-0.179871
-0.164446
-0.149194
-0.134041
-0.118916
-0.10375
-0.0884735
-0.0730188
-0.0573189
-0.0413072
-0.0249168
-0.00808098
0.00926755
0.0271967
0.0457753
0.0650728
0.0851599
0.106108
0.12799
0.150877
0.174842
0.199957
0.22629
0.253906
0.282865
0.313216
0.344996
0.378224
0.412898
0.448982
0.486401
0.525028
0.564672
0.605062
0.645831
0.686496
0.726441
0.764902
0.800951
0.833495
0.861285
0.882947
0.897003
0.901998
0.89692
0.880932
0.849226
0.798928
-0.774288
-0.824688
-0.855758
-0.870443
-0.873881
-0.867275
-0.85199
-0.829784
-0.80235
-0.771193
-0.737609
-0.702672
-0.667238
-0.63197
-0.597359
-0.563756
-0.531395
-0.500418
-0.470897
-0.442849
-0.416251
-0.39105
-0.367175
-0.34454
-0.323049
-0.302605
-0.283105
-0.26445
-0.246539
-0.229276
-0.212566
-0.196319
-0.180446
-0.164861
-0.149484
-0.134233
-0.119033
-0.103807
-0.0884815
-0.0729837
-0.0572417
-0.0411839
-0.0247384
-0.00783338
0.00960412
0.027648
0.0463737
0.0658582
0.0861806
0.107422
0.129665
0.152995
0.177499
0.203264
0.230378
0.258928
0.288997
0.320663
0.353996
0.389049
0.425857
0.464427
0.504728
0.546677
0.590126
0.634842
0.680485
0.726582
0.772505
0.817438
0.860354
0.900002
0.9349
0.963357
0.983501
0.993407
0.991608
0.976811
0.943292
0.887742
-0.860194
-0.91712
-0.950435
-0.96369
-0.963257
-0.950973
-0.928807
-0.899091
-0.86398
-0.825321
-0.784641
-0.743156
-0.701797
-0.661246
-0.621985
-0.584328
-0.548462
-0.514476
-0.482388
-0.452161
-0.423723
-0.396977
-0.371809
-0.348098
-0.325718
-0.304543
-0.284447
-0.265311
-0.247017
-0.229452
-0.21251
-0.196088
-0.180088
-0.164417
-0.148986
-0.133708
-0.1185
-0.103281
-0.0879726
-0.0724973
-0.0567785
-0.04074
-0.0243057
-0.00739849
0.0100595
0.028148
0.0469486
0.0665455
0.087026
0.10848
0.131002
0.15469
0.179644
0.20597
0.233774
0.263168
0.294262
0.327163
0.361978
0.398802
0.437714
0.478774
0.522005
0.567386
0.614829
0.664161
0.715094
0.767195
0.819847
0.872209
0.923175
0.971335
1.01495
1.05197
1.08002
1.09656
1.09947
1.08679
1.05151
0.989688
-0.960073
-1.0249
-1.06035
-1.07091
-1.06471
-1.04456
-1.01328
-0.97396
-0.929321
-0.881596
-0.832552
-0.783527
-0.735491
-0.689114
-0.644824
-0.602868
-0.563355
-0.526298
-0.491636
-0.459267
-0.429054
-0.400846
-0.374483
-0.3498
-0.326638
-0.30484
-0.284256
-0.264742
-0.246165
-0.228395
-0.211314
-0.194807
-0.178766
-0.163092
-0.147686
-0.132457
-0.117315
-0.102177
-0.0869568
-0.0715746
-0.0559493
-0.0400008
-0.0236487
-0.00681172
0.0105928
0.0286498
0.0474466
0.0670743
0.0876275
0.109206
0.131913
0.15586
0.181162
0.207942
0.236327
0.266452
0.298456
0.332482
0.368673
0.407172
0.448113
0.491616
0.537773
0.58664
0.638214
0.692406
0.749016
0.807685
0.867851
0.928688
0.989047
1.04738
1.1017
1.14952
1.18788
1.21341
1.22312
1.214
1.1772
1.10785
-1.07783
-1.15227
-1.18939
-1.19518
-1.18041
-1.14934
-1.10598
-1.05438
-0.997955
-0.939344
-0.880525
-0.822911
-0.767454
-0.714747
-0.665116
-0.618693
-0.575471
-0.535354
-0.498186
-0.463775
-0.431911
-0.402378
-0.374961
-0.34945
-0.325647
-0.303363
-0.282421
-0.262656
-0.243914
-0.226053
-0.208939
-0.192447
-0.176462
-0.160874
-0.145581
-0.130484
-0.11549
-0.10051
-0.0854556
-0.070242
-0.0547853
-0.0390019
-0.0228078
-0.00611808
0.011154
0.0290977
0.0478059
0.0673753
0.0879078
0.109511
0.1323
0.156395
0.181928
0.209036
0.237871
0.268589
0.30136
0.336362
0.373784
0.413816
0.456654
0.50249
0.551499
0.603833
0.659596
0.718818
0.781425
0.847183
0.915643
0.986058
1.0573
1.12774
1.19515
1.25663
1.30846
1.34628
1.36582
1.36254
1.32489
1.24643
-1.21903
-1.30512
-1.34273
-1.34038
-1.31285
-1.26658
-1.20719
-1.13996
-1.06905
-0.997489
-0.927387
-0.860136
-0.796573
-0.737131
-0.681958
-0.631013
-0.584129
-0.541068
-0.50155
-0.465279
-0.431957
-0.401295
-0.373017
-0.346864
-0.322597
-0.299994
-0.278852
-0.258982
-0.240213
-0.222388
-0.20536
-0.188996
-0.173171
-0.15777
-0.142683
-0.127809
-0.113049
-0.0983099
-0.083502
-0.0685369
-0.0533279
-0.0377887
-0.0218326
-0.00537164
0.0116842
0.0294279
0.0479566
0.0673723
0.087783
0.109304
0.132058
0.156178
0.181808
0.209103
0.238232
0.269378
0.30274
0.338534
0.376991
0.418359
0.462898
0.510881
0.56258
0.61826
0.678161
0.742469
0.811281
0.884553
0.962023
1.04312
1.12684
1.21156
1.29493
1.37362
1.44311
1.49778
1.53164
1.53788
1.50081
1.41134
-1.39181
-1.49186
-1.52734
-1.51132
-1.46476
-1.3973
-1.31672
-1.22971
-1.14118
-1.05441
-0.971503
-0.893659
-0.821454
-0.755041
-0.694298
-0.638939
-0.588588
-0.542827
-0.501228
-0.463372
-0.428863
-0.397333
-0.368441
-0.341877
-0.317361
-0.294638
-0.273477
-0.25367
-0.235028
-0.217381
-0.200572
-0.184458
-0.168907
-0.153799
-0.139019
-0.124462
-0.110027
-0.0956169
-0.0811405
-0.0665073
-0.0516286
-0.0364162
-0.0207815
-0.00463457
0.0121171
0.0295694
0.0478227
0.0669831
0.0871636
0.108485
0.13108
0.155088
0.180667
0.207987
0.237234
0.268615
0.302359
0.338717
0.377965
0.420407
0.466376
0.516229
0.570347
0.629128
0.692971
0.762257
0.83731
0.918347
1.0054
1.09819
1.19598
1.29737
1.40002
1.5003
1.59293
1.67077
1.72561
1.7473
1.71378
1.61125
-1.60874
-1.72472
-1.7526
-1.71378
-1.6388
-1.54189
-1.43346
-1.32168
-1.21202
-1.10776
-1.01067
-0.921509
-0.840395
-0.767042
-0.700946
-0.641501
-0.588063
-0.540001
-0.496717
-0.457657
-0.42232
-0.390253
-0.361051
-0.334353
-0.309839
-0.287223
-0.26625
-0.246694
-0.228351
-0.211038
-0.194589
-0.178856
-0.1637
-0.148997
-0.13463
-0.120489
-0.106473
-0.0924832
-0.0784262
-0.064211
-0.0497477
-0.0349474
-0.0197204
-0.00397559
0.0123809
0.0294465
0.047324
0.0661223
0.0859578
0.106957
0.129256
0.153005
0.178371
0.205535
0.234702
0.266098
0.299979
0.33663
0.37637
0.419561
0.466604
0.517947
0.574087
0.635568
0.702972
0.77691
0.857991
0.946775
1.0437
1.14895
1.26229
1.38277
1.50837
1.6355
1.75828
1.86801
1.95373
2.00055
1.97658
1.85936
-1.89008
-2.02189
-2.03105
-1.95435
-1.83701
-1.69937
-1.55474
-1.41248
-1.27809
-1.15427
-1.042
-0.94125
-0.851386
-0.771508
-0.700608
-0.637676
-0.581755
-0.531973
-0.487545
-0.447777
-0.412059
-0.379857
-0.350704
-0.324193
-0.299967
-0.277714
-0.257158
-0.238057
-0.220196
-0.203382
-0.187446
-0.172231
-0.157597
-0.143416
-0.12957
-0.115948
-0.102448
-0.0889711
-0.0754234
-0.0617139
-0.047753
-0.0334516
-0.0187203
-0.00346785
0.0123999
0.028981
0.0463789
0.064704
0.0840749
0.10462
0.126482
0.149814
0.17479
0.201604
0.23047
0.261635
0.295376
0.332006
0.371887
0.415429
0.463102
0.515443
0.573066
0.636666
0.707026
0.785014
0.871576
0.967699
1.07436
1.19239
1.32233
1.46409
1.61646
1.77645
1.93814
2.09159
2.22282
2.31062
2.30812
2.17695
-2.27058
-2.41091
-2.37887
-2.23953
-2.05944
-1.8662
-1.67544
-1.49668
-1.33432
-1.18956
-1.06189
-0.949971
-0.852141
-0.766673
-0.691933
-0.626442
-0.5689
-0.518174
-0.473295
-0.433429
-0.397867
-0.366
-0.337308
-0.311344
-0.287722
-0.26611
-0.246216
-0.227789
-0.210604
-0.194465
-0.179197
-0.164642
-0.15066
-0.137121
-0.123907
-0.110908
-0.0980222
-0.0851517
-0.0722037
-0.0590884
-0.0457172
-0.0320024
-0.0178556
-0.00318652
0.0120978
0.0280948
0.0449073
0.0626455
0.0814282
0.101385
0.122659
0.145409
0.16981
0.196063
0.224393
0.255057
0.288349
0.324607
0.364223
0.407652
0.455423
0.508154
0.566566
0.631505
0.703955
0.785059
0.876132
0.978657
1.09427
1.22467
1.37151
1.53602
1.71858
1.91775
2.12876
2.34151
2.53955
2.69418
2.73691
2.60032
-2.81313
-2.93357
-2.81505
-2.57291
-2.30129
-2.03393
-1.78639
-1.56584
-1.37359
-1.20791
-1.06588
-0.944306
-0.840148
-0.750682
-0.673566
-0.606821
-0.548794
-0.498108
-0.453621
-0.414381
-0.379593
-0.348591
-0.320816
-0.295792
-0.273116
-0.252441
-0.233469
-0.215943
-0.199636
-0.18435
-0.169911
-0.156162
-0.142963
-0.130187
-0.117716
-0.105445
-0.0932708
-0.0811004
-0.0688426
-0.0564097
-0.0437155
-0.0306747
-0.0172012
-0.00320696
0.0113988
0.0267112
0.0428313
0.059867
0.0779357
0.0971657
0.117699
0.139693
0.163326
0.188799
0.21634
0.246214
0.278723
0.314222
0.353123
0.395912
0.443164
0.49556
0.553915
0.619202
0.692594
0.775496
0.869597
0.976914
1.09983
1.24109
1.40378
1.59109
1.80589
2.04981
2.32129
2.61265
2.90748
3.17069
3.30595
3.19487
-3.6321
-3.6503
-3.35764
-2.95028
-2.54885
-2.18662
-1.87296
-1.60794
-1.38661
-1.20242
-1.04898
-0.920707
-0.812916
-0.721807
-0.644321
-0.578008
-0.520903
-0.471429
-0.428312
-0.390512
-0.357183
-0.327624
-0.301254
-0.277586
-0.25621
-0.236779
-0.218996
-0.202602
-0.187377
-0.173126
-0.159676
-0.146877
-0.134592
-0.122698
-0.111081
-0.0996389
-0.0882743
-0.0768961
-0.0654172
-0.0537535
-0.0418223
-0.0295416
-0.0168289
-0.00359975
0.0102332
0.0247616
0.0400826
0.0563007
0.0735293
0.0918929
0.11153
0.132594
0.15526
0.179726
0.206219
0.235001
0.266377
0.300705
0.338404
0.379977
0.426023
0.477263
0.534572
0.599022
0.671927
0.754914
0.850004
0.959717
1.08719
1.23633
1.41189
1.61958
1.86588
2.15741
2.49909
2.89069
3.32213
3.75839
4.0768
4.07837
-4.93393
-4.64063
-4.01644
-3.35562
-2.77796
-2.30081
-1.9162
-1.60907
-1.36375
-1.16669
-1.0071
-0.876636
-0.768958
-0.679249
-0.603842
-0.539925
-0.485324
-0.438338
-0.397625
-0.362113
-0.330938
-0.303398
-0.278913
-0.257006
-0.237274
-0.219379
-0.203034
-0.187991
-0.174037
-0.160986
-0.148674
-0.136956
-0.125704
-0.114799
-0.104135
-0.0936141
-0.0831449
-0.072641
-0.0620201
-0.0512028
-0.040111
-0.0286673
-0.0167937
-0.00441045
0.00856504
0.0222194
0.0366446
0.0519398
0.0682126
0.0855814
0.104178
0.124149
0.145662
0.168907
0.194103
0.221502
0.251402
0.284152
0.320166
0.35994
0.404074
0.453297
0.508507
0.570817
0.64162
0.722681
0.816255
0.925253
1.05346
1.20584
1.38893
1.61128
1.88396
2.22079
2.63781
3.15048
3.76663
4.46678
5.12953
5.46078
-7.17813
-6.00421
-4.75335
-3.73051
-2.93576
-2.3356
-1.88772
-1.55091
-1.29372
-1.09405
-0.936451
-0.810104
-0.707349
-0.622705
-0.552182
-0.492825
-0.442409
-0.399232
-0.361971
-0.329586
-0.301246
-0.276279
-0.254138
-0.234372
-0.216602
-0.200514
-0.185837
-0.172343
-0.159831
-0.14813
-0.137087
-0.126568
-0.116452
-0.106632
-0.0970082
-0.0874895
-0.0779912
-0.0684333
-0.0587395
-0.048836
-0.0386504
-0.028111
-0.0171452
-0.0056791
0.00636396
0.0190644
0.0325076
0.0467856
0.0619983
0.0782558
0.0956803
0.114409
0.134597
0.156422
0.180087
0.205831
0.233931
0.264715
0.298574
0.33598
0.377503
0.423845
0.475874
0.534679
0.601643
0.678544
0.767704
0.872202
0.996185
1.14533
1.32756
1.55404
1.84066
2.2101
2.69466
3.33686
4.18014
5.25641
6.56566
7.80735
-11.5602
-7.80267
-5.29307
-3.81999
-2.84177
-2.17229
-1.71135
-1.38442
-1.14418
-0.96231
-0.821125
-0.709154
-0.618736
-0.544608
-0.483053
-0.43137
-0.387558
-0.350098
-0.317819
-0.289803
-0.265318
-0.243776
-0.224694
-0.207678
-0.192394
-0.178565
-0.165953
-0.154355
-0.143597
-0.133523
-0.124001
-0.11491
-0.106142
-0.0976019
-0.0892003
-0.0808559
-0.0724925
-0.0640384
-0.0554249
-0.0465858
-0.0374557
-0.0279702
-0.0180639
-0.00767038
0.00327934
0.0148575
0.0271407
0.0402114
0.0541592
0.0690823
0.0850899
0.102304
0.120863
0.140924
0.162669
0.186308
0.212088
0.240297
0.271284
0.305464
0.343343
0.385543
0.432833
0.486185
0.546836
0.616387
0.696952
0.791369
0.903539
1.03896
1.2056
1.41537
1.68652
2.04824
2.54904
3.26601
4.30364
5.85007
8.44989
12.3182
-18.9699
-9.55626
-5.06815
-3.24739
-2.28438
-1.70023
-1.32933
-1.07808
-0.896652
-0.75957
-0.652644
-0.567228
-0.497731
-0.44036
-0.392433
-0.351996
-0.317581
-0.288066
-0.262575
-0.240414
-0.221025
-0.203954
-0.188825
-0.175328
-0.163199
-0.152217
-0.14219
-0.132954
-0.124366
-0.116299
-0.108643
-0.101297
-0.0941717
-0.0871866
-0.0802665
-0.0733424
-0.0663495
-0.0592266
-0.051915
-0.0443578
-0.0364992
-0.0282837
-0.0196554
-0.0105572
-0.000930212
0.00928721
0.0201603
0.0317591
0.0441591
0.057443
0.0717024
0.0870391
0.103568
0.121418
0.14074
0.161703
0.184509
0.209391
0.236626
0.266546
0.29955
0.336124
0.376869
0.422532
0.474059
0.532664
0.599934
0.677984
0.769703
0.879161
1.01232
1.1783
1.39196
1.67955
2.09194
2.72596
3.75691
5.67365
10.2794
19.8164
)
;

boundaryField
{
    movingWall
    {
        type            zeroGradient;
    }
    fixedWalls
    {
        type            zeroGradient;
    }
    frontAndBack
    {
        type            empty;
    }
}


// ************************************************************************* //
