/*--------------------------------*- C++ -*----------------------------------*\
  =========                 |
  \\      /  F ield         | OpenFOAM: The Open Source CFD Toolbox
   \\    /   O peration     | Website:  https://openfoam.org
    \\  /    A nd           | Version:  7
     \\/     M anipulation  |
\*---------------------------------------------------------------------------*/
FoamFile
{
    version     2.0;
    format      ascii;
    class       volScalarField;
    location    "0.25";
    object      p;
}
// * * * * * * * * * * * * * * * * * * * * * * * * * * * * * * * * * * * * * //

dimensions      [0 2 -2 0 0 0 0];

internalField   nonuniform List<scalar> 
6400
(
6.83766e-07
1.31269e-05
-0.000494028
-0.00152713
-0.00296942
-0.00471079
-0.00665104
-0.0087007
-0.0107825
-0.012831
-0.0147912
-0.0166168
-0.0182696
-0.0197179
-0.0209357
-0.0219023
-0.0226017
-0.0230217
-0.0231538
-0.0229925
-0.0225355
-0.0217827
-0.0207366
-0.0194018
-0.0177848
-0.0158938
-0.0137386
-0.0113306
-0.00868223
-0.00580751
-0.00272141
0.000560019
0.00401979
0.00764004
0.0114021
0.0152866
0.0192736
0.0233424
0.027472
0.0316408
0.0358271
0.0400088
0.0441637
0.0482694
0.0523038
0.0562447
0.0600704
0.0637594
0.0672908
0.0706444
0.0738008
0.0767414
0.079449
0.0819074
0.084102
0.0860198
0.0876496
0.0889822
0.0900106
0.0907303
0.0911393
0.0912386
0.091032
0.0905271
0.0897349
0.0886703
0.0873527
0.0858062
0.0840603
0.0821501
0.0801174
0.0780113
0.0758893
0.0738184
0.0718761
0.0701508
0.0687397
0.0677467
0.0672785
0.0673157
-1.07214e-05
2.22955e-06
-0.000451663
-0.0013352
-0.0025491
-0.00401405
-0.00565423
-0.00739739
-0.00917837
-0.0109399
-0.0126322
-0.0142128
-0.0156458
-0.0169007
-0.0179527
-0.0187811
-0.0193699
-0.0197065
-0.0197819
-0.0195901
-0.0191277
-0.0183939
-0.0173901
-0.01612
-0.014589
-0.0128042
-0.0107743
-0.00850942
-0.00602101
-0.00332177
-0.000425507
0.00265292
0.00589776
0.00929241
0.0128195
0.0164609
0.0201978
0.0240112
0.0278811
0.0317874
0.0357098
0.0396275
0.0435197
0.0473657
0.0511446
0.0548359
0.0584192
0.0618746
0.0651828
0.0683249
0.0712831
0.0740405
0.076581
0.0788902
0.0809548
0.0827631
0.0843052
0.0855733
0.0865613
0.087266
0.0876862
0.0878236
0.0876829
0.0872719
0.0866018
0.0856877
0.0845486
0.0832078
0.0816935
0.0800387
0.0782825
0.0764697
0.0746519
0.0728873
0.0712414
0.0697856
0.068593
0.0677384
0.067315
0.0673532
0.000495383
0.000457175
3.22406e-06
-0.000812726
-0.0019034
-0.00320543
-0.00465757
-0.00619978
-0.00777654
-0.00933788
-0.0108395
-0.0122427
-0.013514
-0.0146252
-0.0155526
-0.0162765
-0.016781
-0.0170538
-0.0170857
-0.0168705
-0.0164043
-0.0156858
-0.0147158
-0.0134972
-0.0120347
-0.0103345
-0.00840451
-0.00625398
-0.00389344
-0.00133463
0.0014096
0.00432537
0.00739792
0.0106117
0.0139502
0.0173966
0.0209331
0.0245416
0.0282034
0.0318995
0.0356105
0.0393169
0.0429992
0.0466376
0.0502127
0.0537048
0.057095
0.0603646
0.0634952
0.0664695
0.0692706
0.0718828
0.0742913
0.0764827
0.0784446
0.0801666
0.0816397
0.0828568
0.083813
0.0845053
0.0849335
0.0850996
0.0850086
0.0846685
0.0840904
0.083289
0.0822825
0.0810933
0.0797478
0.078277
0.0767167
0.0751077
0.073496
0.0719324
0.0704729
0.0691767
0.0681031
0.0673125
0.0668901
0.0668873
0.0015281
0.00134285
0.000819065
-8.7363e-08
-0.00104797
-0.0022711
-0.00361767
-0.00503692
-0.00648126
-0.00790719
-0.00927556
-0.0105516
-0.011705
-0.0127096
-0.0135434
-0.0141878
-0.0146279
-0.0148518
-0.0148505
-0.0146177
-0.0141495
-0.0134444
-0.0125028
-0.011327
-0.0099212
-0.0082911
-0.0064439
-0.00438812
-0.00213359
0.000308701
0.00292671
0.00570741
0.00863685
0.0117003
0.0148823
0.0181666
0.0215366
0.024975
0.028464
0.0319857
0.0355215
0.039053
0.0425615
0.0460284
0.049435
0.0527629
0.055994
0.0591106
0.0620954
0.0649319
0.0676043
0.0700977
0.0723983
0.0744934
0.0763716
0.0780232
0.0794399
0.0806153
0.0815448
0.0822262
0.0826594
0.0828468
0.0827932
0.0825066
0.0819978
0.0812806
0.0803726
0.0792945
0.0780711
0.0767309
0.0753066
0.0738347
0.0723563
0.0709158
0.0695614
0.0683433
0.0673121
0.0665194
0.0660334
0.0658976
0.0029766
0.00256489
0.00191324
0.0010412
-1.40401e-05
-0.00120776
-0.00249609
-0.00383674
-0.0051894
-0.00651661
-0.00778421
-0.00896152
-0.0100214
-0.0109402
-0.0116977
-0.0122768
-0.0126638
-0.0128472
-0.0128188
-0.0125723
-0.0121039
-0.011412
-0.0104968
-0.00936042
-0.00800651
-0.00644029
-0.00466843
-0.00269886
-0.000540757
0.00179555
0.00429873
0.00695652
0.00975573
0.0126824
0.0157219
0.0188589
0.0220775
0.0253613
0.0286933
0.0320566
0.0354334
0.0388063
0.0421573
0.0454689
0.0487232
0.0519027
0.0549902
0.0579689
0.0608223
0.0635349
0.0660916
0.0684783
0.070682
0.0726908
0.074494
0.0760823
0.0774482
0.0785857
0.0794907
0.0801612
0.0805972
0.0808011
0.0807779
0.080535
0.0800826
0.0794339
0.0786051
0.0776155
0.0764879
0.0752483
0.0739259
0.0725534
0.0711669
0.0698049
0.0685085
0.0673201
0.0662829
0.0654405
0.0648343
0.0644864
0.00473855
0.00405017
0.00322763
0.0022624
0.00115836
-4.75161e-05
-0.00131803
-0.0026185
-0.00391538
-0.00517679
-0.00637327
-0.0074781
-0.00846736
-0.00932003
-0.0100179
-0.0105456
-0.0108904
-0.011042
-0.0109925
-0.0107362
-0.0102696
-0.00959096
-0.00870059
-0.00760031
-0.00629351
-0.00478507
-0.00308119
-0.00118931
0.000881954
0.00312286
0.00552269
0.00806985
0.0107519
0.0135555
0.0164669
0.0194714
0.0225538
0.0256987
0.0288898
0.0321108
0.0353451
0.0385758
0.041786
0.0449586
0.0480768
0.0511239
0.0540834
0.0569393
0.0596759
0.0622783
0.0647323
0.0670244
0.0691423
0.0710747
0.0728113
0.0743435
0.0756641
0.0767675
0.0776499
0.0783093
0.0787459
0.0789619
0.078962
0.0787532
0.0783449
0.0777495
0.0769817
0.0760594
0.0750031
0.0738362
0.0725849
0.0712779
0.0699467
0.0686243
0.0673456
0.0661458
0.0650618
0.0641304
0.0633612
0.0627502
0.00672329
0.00573
0.00470686
0.00361693
0.00243018
0.00117712
-0.000110459
-0.00140457
-0.00267771
-0.00390313
-0.00505578
-0.00611265
-0.00705299
-0.00785836
-0.0085127
-0.00900233
-0.00931576
-0.00944379
-0.00937932
-0.00911724
-0.00865433
-0.00798913
-0.00712188
-0.00605439
-0.0047899
-0.003333
-0.00168956
0.000133358
0.00212761
0.00428398
0.00659229
0.00904152
0.0116198
0.0143146
0.0171126
0.0199999
0.0229621
0.0259842
0.029051
0.0321467
0.0352554
0.0383609
0.0414472
0.0444978
0.0474967
0.0504278
0.0532753
0.0560238
0.0586585
0.061165
0.0635296
0.0657395
0.0677829
0.0696488
0.0713276
0.072811
0.0740919
0.0751651
0.0760269
0.0766753
0.0771104
0.0773342
0.0773508
0.0771668
0.0767909
0.0762341
0.07551
0.0746347
0.0736267
0.0725067
0.071298
0.0700257
0.0687169
0.0673999
0.0661037
0.0648574
0.063693
0.062641
0.0616789
0.0607756
0.0088517
0.00753998
0.00629713
0.00505938
0.00376392
0.00243599
0.00110304
-0.000212704
-0.00148903
-0.00270386
-0.0038362
-0.00486652
-0.00577705
-0.0065519
-0.0071771
-0.0076407
-0.00793266
-0.00804484
-0.00797105
-0.00770682
-0.00724942
-0.00659768
-0.005752
-0.00471421
-0.0034875
-0.00207628
-0.000486178
0.00127605
0.00320261
0.00528474
0.00751275
0.00987609
0.0123635
0.0149629
0.0176616
0.0204463
0.0233033
0.0262182
0.0291764
0.0321627
0.035162
0.0381586
0.0411372
0.0440819
0.0469774
0.049808
0.0525588
0.0552148
0.0577618
0.0601857
0.0624737
0.0646131
0.0665926
0.0684017
0.070031
0.0714724
0.0727192
0.073766
0.0746092
0.0752468
0.0756786
0.0759063
0.0759336
0.0757661
0.0754119
0.0748807
0.0741849
0.0733388
0.0723587
0.0712632
0.0700724
0.0688084
0.0674942
0.066154
0.0648116
0.0634908
0.0622196
0.0610236
0.0598489
0.0586389
0.0110568
0.0094227
0.007949
0.00654723
0.00512365
0.00369942
0.00229858
0.000938416
-0.000363473
-0.00158909
-0.00272114
-0.00374333
-0.00464067
-0.00539968
-0.00600847
-0.00645678
-0.00673601
-0.00683922
-0.00676113
-0.00649803
-0.00604769
-0.00540936
-0.0045837
-0.00357264
-0.00237937
-0.00100825
0.000535268
0.00224466
0.00411241
0.00613013
0.00828851
0.0105774
0.0129861
0.0155029
0.0181158
0.020812
0.0235781
0.0264006
0.0292652
0.0321574
0.0350627
0.0379659
0.0408522
0.0437064
0.0465136
0.0492588
0.0519273
0.0545049
0.0569776
0.059332
0.0615553
0.0636355
0.0655615
0.0673229
0.0689107
0.0703169
0.0715347
0.072559
0.0733858
0.0740131
0.0744403
0.0746687
0.0747014
0.0745433
0.0742014
0.0736845
0.0730034
0.0721709
0.0712013
0.0701107
0.0689169
0.0676388
0.066296
0.0649089
0.0634972
0.0620798
0.0606817
0.059325
0.057926
0.0564042
0.0132825
0.011328
0.00961806
0.0080414
0.00647552
0.00493859
0.00345212
0.00202915
0.000683302
-0.000571006
-0.00171972
-0.0027495
-0.00364798
-0.00440392
-0.0050074
-0.00544983
-0.00572404
-0.00582431
-0.00574631
-0.00548709
-0.00504506
-0.00441991
-0.0036126
-0.00262527
-0.00146121
-0.000124754
0.00137872
0.00304286
0.00486038
0.00682314
0.00892218
0.0111478
0.0134894
0.0159361
0.0184761
0.0210971
0.0237863
0.0265305
0.029316
0.0321289
0.034955
0.0377797
0.0405887
0.0433672
0.0461007
0.0487748
0.0513752
0.0538879
0.0562993
0.0585965
0.060767
0.0627989
0.0646812
0.066404
0.0679582
0.0693358
0.07053
0.0715357
0.0723486
0.0729665
0.0733883
0.0736148
0.0736486
0.0734937
0.0731562
0.0726437
0.0719656
0.0711331
0.0701588
0.0690566
0.0678419
0.0665308
0.0651402
0.063687
0.0621872
0.0606561
0.0591163
0.0575871
0.0559576
0.0541249
0.015482
0.0132125
0.0112647
0.00950632
0.00778809
0.00612615
0.0045402
0.00303975
0.00163498
0.000337225
-0.000842343
-0.00189303
-0.00280481
-0.00356861
-0.00417631
-0.00462096
-0.0048968
-0.00499927
-0.00492503
-0.00467195
-0.00423907
-0.00362658
-0.00283581
-0.00186915
-0.000730032
0.000577118
0.00204696
0.00367325
0.00544886
0.00736585
0.00941553
0.0115885
0.0138746
0.0162631
0.0187427
0.0213015
0.0239271
0.0266068
0.0293273
0.0320751
0.0348363
0.037597
0.040343
0.0430602
0.0457342
0.0483511
0.0508969
0.0533579
0.0557209
0.057973
0.060102
0.0620962
0.0639448
0.0656378
0.0671661
0.0685218
0.069698
0.0706891
0.0714909
0.0721007
0.0725169
0.0727398
0.0727712
0.0726145
0.0722746
0.071758
0.071073
0.0702291
0.0692372
0.0681093
0.0668587
0.065499
0.0640446
0.0625096
0.060907
0.0592488
0.0575563
0.0558471
0.0539844
0.0518453
0.0176162
0.0150385
0.0128536
0.0109097
0.00903232
0.00723629
0.00554024
0.00395073
0.00247502
0.00112178
-0.000100336
-0.00118299
-0.00211831
-0.00289912
-0.0035191
-0.00397283
-0.00425585
-0.00436479
-0.00429726
-0.00405196
-0.00362861
-0.00302793
-0.00225165
-0.00130246
-0.000183994
0.00109921
0.00254176
0.00413747
0.00587931
0.0077595
0.00976955
0.0119003
0.0141418
0.0164838
0.0189152
0.0214244
0.0239995
0.026628
0.0292971
0.0319935
0.0347039
0.0374145
0.0401117
0.0427814
0.0454097
0.047983
0.0504875
0.0529097
0.0552365
0.0574554
0.0595542
0.0615213
0.0633458
0.0650178
0.0665281
0.0678687
0.0690324
0.0700135
0.0708074
0.0714108
0.0718219
0.0720402
0.0720667
0.0719041
0.0715564
0.0710289
0.0703286
0.0694636
0.0684433
0.067278
0.0659789
0.0645577
0.0630265
0.061397
0.0596799
0.0578846
0.0560315
0.0541375
0.0520414
0.0496017
0.0196516
0.0167733
0.0143536
0.0122224
0.0101813
0.00824474
0.00643055
0.00474298
0.00318682
0.00176842
0.000494239
-0.000629439
-0.00159669
-0.00240213
-0.00304103
-0.00350944
-0.00380417
-0.00392294
-0.00386435
-0.00362789
-0.00321397
-0.00262385
-0.00185971
-0.000924601
0.000177619
0.00144226
0.00286386
0.00443618
0.00615229
0.00800449
0.00998443
0.0120831
0.014291
0.0165978
0.0189928
0.0214648
0.024002
0.0265923
0.0292232
0.0318818
0.0345549
0.0372291
0.039891
0.0425268
0.045123
0.0476659
0.050142
0.052538
0.054841
0.0570384
0.059118
0.0610683
0.0628785
0.0645383
0.0660386
0.067371
0.0685283
0.0695041
0.0702937
0.0708932
0.0713002
0.0715137
0.0715339
0.0713625
0.0710026
0.0704587
0.0697363
0.0688424
0.0677848
0.0665723
0.0652144
0.0637212
0.0621026
0.0603688
0.058528
0.0565878
0.0545686
0.0524867
0.0501585
0.0474247
0.0215595
0.0183882
0.0157368
0.0134177
0.0112103
0.00912863
0.00719041
0.0053979
0.00375385
0.00226263
0.000928797
-0.0002432
-0.00124917
-0.00208536
-0.00274854
-0.00323609
-0.00354601
-0.00367712
-0.00362894
-0.00340176
-0.00299665
-0.00241545
-0.00166081
-0.000736142
0.000354414
0.00160599
0.00301299
0.00456913
0.00626746
0.00810037
0.0100596
0.0121363
0.014321
0.0166037
0.018974
0.0214208
0.0239325
0.0264974
0.0291031
0.031737
0.0343861
0.0370373
0.0396774
0.0422927
0.0448699
0.0473955
0.049856
0.0522383
0.0545294
0.0567169
0.0587884
0.0607324
0.0625379
0.0641946
0.065693
0.0670245
0.0681815
0.0691575
0.0699468
0.0705454
0.0709502
0.0711594
0.0711726
0.0709906
0.0706156
0.0700509
0.0693011
0.0683719
0.0672699
0.0660024
0.0645774
0.0630035
0.0612892
0.0594429
0.0574714
0.0553807
0.0531914
0.0509199
0.0483614
0.0453398
0.023315
0.0198578
0.0169781
0.0144715
0.0120963
0.00986645
0.00779993
0.00589734
0.0041597
0.00258973
0.00119033
-3.57111e-05
-0.00108575
-0.0019575
-0.0026491
-0.00315915
-0.00348683
-0.00363193
-0.00359489
-0.00337678
-0.00297933
-0.00240498
-0.00165684
-0.0007387
0.000344977
0.00158911
0.00298796
0.00453514
0.00622366
0.00804593
0.00999375
0.0120583
0.0142304
0.0165
0.018857
0.0212903
0.0237888
0.0263407
0.028934
0.0315561
0.0341943
0.0368357
0.0394671
0.0420751
0.0446463
0.0471674
0.0496251
0.052006
0.0542974
0.0564864
0.058561
0.0605092
0.0623199
0.0639827
0.0654876
0.0668257
0.0679891
0.0689708
0.0697647
0.070366
0.0707711
0.0709774
0.0709839
0.0707905
0.0703984
0.06981
0.0690289
0.0680596
0.0669075
0.0655787
0.0640801
0.0624187
0.0606019
0.0586369
0.0565292
0.0542836
0.0519212
0.0494592
0.0466724
0.0433686
0.024896
0.0211593
0.0180547
0.0153615
0.0128178
0.0104379
0.00824009
0.00622367
0.0043882
0.00273499
0.00126549
-1.89436e-05
-0.0011171
-0.002028
-0.00275102
-0.00328595
-0.00363301
-0.00379296
-0.00376708
-0.0035572
-0.00316575
-0.00259572
-0.0018507
-0.000934885
0.000146942
0.00138945
0.00278671
0.00433222
0.00601893
0.0078392
0.00978485
0.0118472
0.0140169
0.0162843
0.0186392
0.0210708
0.0235681
0.0261193
0.0287127
0.0313358
0.0339761
0.0366206
0.0392563
0.04187
0.0444483
0.0469778
0.0494451
0.051837
0.0541406
0.0563429
0.0584316
0.0603947
0.0622208
0.0638989
0.0654191
0.0667718
0.0679487
0.0689423
0.069746
0.0703543
0.070763
0.0709688
0.0709698
0.0707652
0.0703552
0.0697414
0.0689262
0.0679132
0.0667068
0.065312
0.0637345
0.0619804
0.0600559
0.0579672
0.0557189
0.053315
0.0507775
0.0481244
0.0451112
0.0415298
0.0262826
0.022272
0.0189455
0.016067
0.0133547
0.0108236
0.00849254
0.00635969
0.00442336
0.00268364
0.00114073
-0.000205288
-0.00135446
-0.00230701
-0.00306346
-0.00362469
-0.0039919
-0.00416676
-0.00415136
-0.0039483
-0.00356063
-0.00299193
-0.00224627
-0.00132824
-0.000242975
0.00100392
0.00240632
0.00395759
0.00565054
0.00747748
0.00943021
0.0115
0.0136778
0.0159537
0.0183177
0.0207592
0.0232671
0.0258299
0.0284358
0.0310726
0.0337277
0.0363883
0.0390413
0.0416736
0.0442718
0.0468224
0.049312
0.0517273
0.0540551
0.0562825
0.0583967
0.0603856
0.0622373
0.0639406
0.065485
0.0668607
0.0680588
0.069071
0.0698904
0.0705108
0.0709271
0.0711355
0.0711332
0.0709184
0.0704908
0.0698509
0.0690002
0.0679413
0.0666776
0.0652132
0.063553
0.061702
0.0596656
0.0574494
0.0550572
0.0524924
0.0497782
0.0469335
0.0436951
0.0398397
0.0274567
0.0231768
0.0196312
0.0165686
0.013688
0.0110051
0.00853955
0.00628852
0.00424927
0.00242081
0.00080223
-0.000607513
-0.00180958
-0.00280531
-0.00359628
-0.00418434
-0.00457166
-0.00476075
-0.0047545
-0.00455622
-0.00416959
-0.00359876
-0.00284828
-0.00192317
-0.00082889
0.000428656
0.00184312
0.00340768
0.00511504
0.0069574
0.00892651
0.0110137
0.0132097
0.0155049
0.0178892
0.020352
0.0228824
0.0254689
0.0280997
0.0307627
0.0334453
0.0361348
0.0388181
0.0414819
0.0441128
0.0466974
0.049222
0.0516731
0.0540374
0.0563017
0.058453
0.0604787
0.0623666
0.0641052
0.0656835
0.067091
0.0683183
0.0693566
0.0701983
0.0708364
0.0712653
0.0714802
0.0714776
0.071255
0.0708109
0.0701452
0.0692586
0.0681526
0.0668298
0.0652936
0.0635478
0.0615969
0.0594456
0.0570989
0.05456
0.0518321
0.0489397
0.045903
0.0424401
0.038313
0.0284014
0.0238557
0.0200934
0.0168478
0.0137995
0.0109646
0.00836385
0.00599358
0.00385011
0.00193152
0.000235915
-0.00123876
-0.00249469
-0.00353424
-0.00435994
-0.00497459
-0.00538121
-0.00558315
-0.00558407
-0.00538795
-0.0049991
-0.0044222
-0.00366233
-0.00272489
-0.00161571
-0.000340982
0.00109268
0.00267826
0.00440831
0.00627493
0.00826977
0.0103841
0.0126087
0.0149339
0.0173496
0.0198452
0.0224099
0.0250321
0.0277002
0.0304019
0.0331248
0.035856
0.0385824
0.0412908
0.0439674
0.0465988
0.0491711
0.0516707
0.0540839
0.0563973
0.0585974
0.0606714
0.0626067
0.064391
0.066013
0.0674618
0.068727
0.0697995
0.0706707
0.0713331
0.0717801
0.0720064
0.0720074
0.07178
0.0713218
0.0706318
0.0697097
0.0685565
0.0671739
0.0655645
0.0637314
0.0616784
0.0594099
0.0569304
0.0542427
0.0513498
0.0482777
0.0450481
0.0413608
0.0369629
0.0291005
0.0242919
0.0203145
0.016887
0.0136713
0.0106847
0.00794845
0.00545843
0.00321009
0.00120071
-0.000572501
-0.00211253
-0.0034225
-0.00450569
-0.00536557
-0.00600578
-0.0064302
-0.00664295
-0.00664842
-0.00645127
-0.00605641
-0.00546906
-0.00469477
-0.0037394
-0.00260909
-0.00131039
0.000149852
0.00176438
0.00352559
0.00542543
0.00745547
0.00960689
0.0118704
0.0142364
0.0166946
0.0192346
0.0218453
0.0245154
0.0272331
0.0299861
0.032762
0.0355477
0.0383303
0.0410961
0.0438315
0.0465226
0.0491556
0.0517165
0.0541913
0.0565661
0.0588273
0.0609614
0.0629553
0.0647965
0.0664728
0.0679726
0.0692852
0.0704005
0.0713092
0.0720031
0.0724749
0.0727181
0.0727277
0.0724995
0.0720304
0.0713184
0.0703626
0.0691631
0.0677208
0.0660377
0.0641164
0.0619601
0.0595727
0.0569585
0.0541202
0.0510606
0.0478073
0.0443835
0.040471
0.0358021
0.0295386
0.0244688
0.0202776
0.0166689
0.0132863
0.0101481
0.00727651
0.00466668
0.00231339
0.000213167
-0.00163757
-0.00324268
-0.00460613
-0.00573207
-0.00662484
-0.0072889
-0.00772894
-0.00794983
-0.00795664
-0.0077547
-0.00734952
-0.00674684
-0.0059527
-0.00497338
-0.00381541
-0.00248562
-0.000991173
0.000660459
0.00246147
0.00440367
0.00647851
0.00867704
0.0109899
0.0134074
0.0159194
0.0185153
0.0211839
0.023914
0.0266936
0.0295105
0.0323521
0.0352054
0.0380571
0.0408935
0.0437008
0.046465
0.0491719
0.051807
0.0543563
0.0568053
0.05914
0.0613464
0.063411
0.0653205
0.0670621
0.0686236
0.0699935
0.071161
0.0721161
0.0728496
0.0733533
0.0736202
0.0736442
0.0734201
0.0729442
0.0722136
0.0712266
0.0699825
0.0684817
0.0667254
0.0647156
0.0624553
0.0599481
0.0571979
0.0542073
0.0509793
0.0475431
0.0439236
0.0397843
0.0348427
0.0297003
0.0243702
0.019966
0.0161766
0.0126276
0.00933804
0.00633129
0.00360193
0.00114402
-0.00104657
-0.00297417
-0.00464343
-0.00605915
-0.00722629
-0.00815
-0.00883554
-0.00928838
-0.00951411
-0.00951849
-0.00930745
-0.00888712
-0.00826377
-0.0074439
-0.00643422
-0.00524166
-0.00387338
-0.00233681
-0.000639686
0.00120999
0.00320386
0.00533323
0.00758904
0.00996186
0.0124419
0.0150188
0.0176821
0.0204206
0.0232229
0.0260769
0.0289704
0.0318906
0.0348244
0.0377584
0.0406787
0.0435713
0.0464219
0.0492159
0.0519388
0.0545757
0.057112
0.0595332
0.0618247
0.0639723
0.0659621
0.0677807
0.0694152
0.0708532
0.072083
0.073094
0.073876
0.07442
0.074718
0.074763
0.0745491
0.0740715
0.0733266
0.0723118
0.0710259
0.0694684
0.0676401
0.0655426
0.0631782
0.0605504
0.0576631
0.0545189
0.0511208
0.0474998
0.0436824
0.0393139
0.0340968
0.0295705
0.0239802
0.019363
0.0153932
0.0116779
0.00823744
0.00509596
0.00224762
-0.000314176
-0.00259421
-0.0045975
-0.00632945
-0.00779562
-0.00900178
-0.00995387
-0.0106579
-0.0111201
-0.0113468
-0.0113444
-0.0111194
-0.0106786
-0.0100287
-0.00917679
-0.00812996
-0.00689552
-0.00548098
-0.00389409
-0.0021428
-0.000235356
0.0018197
0.00401351
0.00633691
0.00878035
0.0113339
0.0139873
0.0167297
0.01955
0.0224367
0.0253776
0.0283604
0.0313722
0.0343998
0.0374294
0.0404471
0.0434386
0.0463892
0.049284
0.0521082
0.0548464
0.0574836
0.0600046
0.0623943
0.0646379
0.0667208
0.0686288
0.0703481
0.0718657
0.0731689
0.0742462
0.0750865
0.0756799
0.0760174
0.0760911
0.0758941
0.0754209
0.074667
0.0736289
0.0723048
0.0706934
0.0687951
0.0666108
0.0641429
0.0613945
0.0583694
0.0550702
0.0515002
0.047692
0.0436742
0.0390732
0.0335765
0.0291339
0.0232826
0.0184521
0.0143017
0.0104203
0.00682919
0.00355351
0.000586953
-0.00207771
-0.00444586
-0.00652318
-0.00831581
-0.00983007
-0.0110725
-0.0120498
-0.0127688
-0.0132363
-0.0134595
-0.0134453
-0.013201
-0.0127338
-0.0120511
-0.0111604
-0.0100692
-0.00878519
-0.0073163
-0.00567053
-0.00385614
-0.00188157
0.000244407
0.00251279
0.00491425
0.00743915
0.0100774
0.0128187
0.0156521
0.0185663
0.0215498
0.0245903
0.0276753
0.0307919
0.0339265
0.0370653
0.040194
0.0432981
0.0463626
0.0493723
0.0523117
0.0551654
0.0579174
0.0605521
0.0630538
0.065407
0.0675963
0.0696066
0.0714235
0.073033
0.0744214
0.0755763
0.0764856
0.0771385
0.0775249
0.0776359
0.0774639
0.0770021
0.0762452
0.0751892
0.0738312
0.0721696
0.0702039
0.0679349
0.0653644
0.0624955
0.0593321
0.0558767
0.0521328
0.048135
0.0439136
0.0390762
0.0332945
0.0283746
0.0222611
0.0172163
0.0128849
0.00883744
0.00509588
0.00168661
-0.00139721
-0.00416342
-0.00661798
-0.00876727
-0.0106181
-0.0121776
-0.013453
-0.0144518
-0.0151815
-0.0156498
-0.0158643
-0.0158329
-0.0155633
-0.0150634
-0.014341
-0.0134042
-0.012261
-0.0109194
-0.00938767
-0.00767418
-0.00578743
-0.00373612
-0.00152922
0.000824075
0.00331429
0.00593164
0.00866598
0.0115068
0.0144431
0.0174635
0.0205563
0.0237092
0.0269095
0.030144
0.0333992
0.0366608
0.0399145
0.0431454
0.046338
0.0494768
0.052546
0.0555293
0.0584107
0.0611736
0.0638016
0.0662786
0.0685882
0.0707148
0.0726428
0.0743572
0.0758437
0.0770884
0.0780784
0.0788018
0.0792475
0.0794056
0.0792673
0.078825
0.0780724
0.0770047
0.0756182
0.0739107
0.0718811
0.0695297
0.0668582
0.0638695
0.0605674
0.0569545
0.0530348
0.0488445
0.0444159
0.0393371
0.033264
0.0272768
0.0208988
0.0156385
0.0111254
0.0069115
0.00301974
-0.000522456
-0.00372242
-0.00658859
-0.00912755
-0.0113463
-0.0132524
-0.0148537
-0.0161583
-0.0171742
-0.0179099
-0.0183737
-0.018574
-0.0185193
-0.0182179
-0.0176783
-0.016909
-0.0159184
-0.014715
-0.0133073
-0.0117039
-0.00991346
-0.00794479
-0.00580684
-0.00350877
-0.00105998
0.00152989
0.00425091
0.0070928
0.0100449
0.0130962
0.0162353
0.01945
0.0227282
0.026057
0.029423
0.0328124
0.0362109
0.0396037
0.0429755
0.0463108
0.0495935
0.0528072
0.0559353
0.0589608
0.0618669
0.0646362
0.0672519
0.0696967
0.0719541
0.0740075
0.075841
0.077439
0.0787868
0.0798703
0.0806764
0.0811928
0.0814087
0.081314
0.0809003
0.0801603
0.0790881
0.0776794
0.0759311
0.0738418
0.0714112
0.0686407
0.0655331
0.0620922
0.0583208
0.0542229
0.049837
0.0451971
0.0398713
0.033499
0.0258237
0.0191784
0.0137008
0.00900508
0.00462433
0.000582506
-0.0030919
-0.00640674
-0.00937107
-0.0119921
-0.0142775
-0.0162355
-0.0178747
-0.019204
-0.0202322
-0.0209686
-0.0214221
-0.0216019
-0.0215172
-0.0211769
-0.0205902
-0.0197661
-0.0187135
-0.0174413
-0.0159586
-0.0142742
-0.0123972
-0.0103367
-0.00810188
-0.00570213
-0.00314703
-0.000446379
0.00238973
0.00535089
0.00842633
0.0116049
0.014875
0.0182246
0.0216413
0.0251119
0.028623
0.0321605
0.03571
0.0392563
0.0427838
0.0462766
0.0497182
0.0530917
0.0563799
0.0595652
0.0626299
0.0655563
0.0683262
0.0709218
0.0733254
0.0755195
0.077487
0.0792113
0.0806765
0.0818672
0.0827691
0.0833689
0.0836544
0.0836145
0.0832396
0.0825213
0.0814529
0.0800292
0.0782462
0.0761021
0.073596
0.0707291
0.0675039
0.0639244
0.0599934
0.055715
0.05113
0.0462742
0.0406949
0.0340149
0.0239982
0.0170822
0.0113849
0.00650528
0.00195709
-0.00223471
-0.00604058
-0.00946888
-0.0125293
-0.0152297
-0.0175784
-0.0195845
-0.0212572
-0.0226063
-0.0236414
-0.0243724
-0.0248093
-0.0249618
-0.0248397
-0.024453
-0.0238111
-0.0229237
-0.0218003
-0.0204503
-0.0188832
-0.0171081
-0.0151346
-0.0129719
-0.0106297
-0.00811742
-0.00544492
-0.00262214
0.000340678
0.003433
0.00664392
0.0099622
0.0133761
0.0168735
0.0204418
0.0240678
0.0277379
0.0314377
0.0351526
0.038867
0.0425653
0.0462308
0.0498467
0.0533957
0.0568598
0.060221
0.0634607
0.0665603
0.0695009
0.0722637
0.0748298
0.0771808
0.0792983
0.0811646
0.0827625
0.0840753
0.0850875
0.0857844
0.0861526
0.0861797
0.0858549
0.0851688
0.0841135
0.0826829
0.0808723
0.0786791
0.076102
0.0731418
0.0698008
0.0660831
0.0619913
0.0575302
0.0527422
0.0476653
0.0418255
0.0348279
0.0217821
0.0145913
0.00867174
0.00360661
-0.00110977
-0.00545152
-0.00938805
-0.0129282
-0.0160825
-0.0188593
-0.0212676
-0.0233174
-0.0250187
-0.0263821
-0.027418
-0.0281371
-0.0285502
-0.0286679
-0.0285007
-0.028059
-0.0273533
-0.0263937
-0.0251902
-0.0237528
-0.0220913
-0.0202154
-0.0181349
-0.0158595
-0.0133989
-0.010763
-0.00796168
-0.00500516
-0.00190378
0.00133179
0.00469055
0.00816114
0.0117317
0.0153901
0.0191235
0.0229186
0.0267616
0.0306381
0.0345329
0.0384306
0.0423147
0.0461685
0.0499747
0.0537153
0.0573718
0.0609255
0.0643571
0.067647
0.0707754
0.0737225
0.0764685
0.0789935
0.0812781
0.0833033
0.0850503
0.0865014
0.0876395
0.0884486
0.0889137
0.0890213
0.0887592
0.0881168
0.0870851
0.0856569
0.0838267
0.081591
0.0789481
0.0758983
0.0724438
0.0685884
0.0643351
0.0596886
0.0546936
0.0493902
0.0432819
0.0359558
0.0191565
0.0116862
0.00554127
0.000288834
-0.00459667
-0.00908842
-0.0131547
-0.0168051
-0.0200506
-0.0229004
-0.0253643
-0.027453
-0.0291774
-0.0305488
-0.0315788
-0.0322788
-0.0326605
-0.0327351
-0.0325141
-0.0320086
-0.0312297
-0.0301882
-0.0288947
-0.0273596
-0.0255934
-0.023606
-0.0214077
-0.0190084
-0.0164182
-0.0136472
-0.0107054
-0.00760328
-0.00435125
-0.000960122
0.00255901
0.00619469
0.00993502
0.0137677
0.0176798
0.0216579
0.0256881
0.0297557
0.0338454
0.0379414
0.042027
0.0460851
0.0500978
0.0540466
0.0579125
0.061676
0.0653169
0.0688149
0.0721491
0.0752987
0.0782427
0.08096
0.0834299
0.0856318
0.0875458
0.0891526
0.0904335
0.091371
0.0919488
0.0921518
0.0919664
0.0913805
0.090384
0.0889686
0.0871278
0.0848572
0.0821545
0.0790196
0.0754542
0.0714622
0.0670465
0.0622121
0.0570059
0.0514699
0.0450845
0.0374181
0.0161015
0.00834639
0.00197256
-0.00346927
-0.00852497
-0.0131668
-0.017362
-0.0211206
-0.0244545
-0.0273735
-0.0298884
-0.0320106
-0.0337519
-0.0351248
-0.0361414
-0.0368143
-0.037156
-0.0371787
-0.0368945
-0.0363155
-0.0354534
-0.0343197
-0.0329256
-0.0312821
-0.0294001
-0.0272901
-0.0249626
-0.022428
-0.0196965
-0.0167785
-0.0136843
-0.0104243
-0.00700931
-0.00345009
0.000242143
0.00405587
0.00797913
0.0119995
0.0161041
0.0202793
0.024511
0.0287845
0.0330842
0.037394
0.041697
0.0459756
0.0502115
0.0543857
0.0584784
0.0624695
0.066338
0.0700626
0.0736214
0.0769926
0.0801537
0.0830826
0.0857571
0.0881551
0.0902551
0.0920363
0.0934783
0.0945621
0.0952697
0.0955843
0.0954908
0.0949758
0.0940276
0.0926366
0.0907954
0.0884985
0.085743
0.082528
0.078855
0.0747278
0.0701492
0.0651243
0.0597023
0.0539274
0.0472557
0.039236
0.0125961
0.00455032
-0.00205641
-0.00769001
-0.0129172
-0.0177091
-0.0220321
-0.0258968
-0.0293159
-0.0323001
-0.0348608
-0.0370105
-0.0387621
-0.0401287
-0.0411239
-0.041761
-0.0420534
-0.0420143
-0.0416569
-0.0409939
-0.0400378
-0.0388008
-0.0372948
-0.0355315
-0.0335221
-0.0312777
-0.0288091
-0.0261271
-0.0232423
-0.0201651
-0.0169061
-0.0134759
-0.00988536
-0.00614532
-0.00226705
0.00173785
0.0058574
0.0100791
0.01439
0.0187765
0.0232243
0.0277186
0.0322436
0.0367829
0.0413195
0.0458352
0.0503114
0.0547284
0.059066
0.0633032
0.0674181
0.0713886
0.0751918
0.0788045
0.0822031
0.085364
0.0882636
0.0908782
0.0931847
0.0951604
0.0967834
0.0980328
0.0988888
0.0993329
0.0993482
0.0989197
0.0980343
0.0966808
0.0948506
0.0925372
0.0897367
0.0864476
0.082671
0.0784104
0.0736685
0.0684506
0.0628082
0.0567875
0.0498195
0.0414327
0.00861825
0.000275176
-0.00656888
-0.0123969
-0.0177969
-0.0227391
-0.0271887
-0.0311572
-0.0346579
-0.0377025
-0.0403034
-0.0424739
-0.0442282
-0.0455804
-0.0465451
-0.0471367
-0.0473696
-0.0472582
-0.0468165
-0.0460581
-0.0449963
-0.0436442
-0.0420143
-0.0401189
-0.0379699
-0.0355787
-0.0329566
-0.0301148
-0.027064
-0.0238151
-0.0203787
-0.0167655
-0.0129865
-0.00905271
-0.00497531
-0.000765939
0.00356338
0.00800018
0.0125314
0.0171435
0.0218221
0.0265522
0.031318
0.0361028
0.0408893
0.0456591
0.050393
0.0550709
0.0596718
0.0641741
0.0685551
0.0727916
0.0768597
0.0807349
0.0843923
0.0878069
0.0909533
0.0938064
0.0963412
0.0985332
0.100359
0.101795
0.102819
0.103412
0.103555
0.10323
0.102424
0.101122
0.0993159
0.096997
0.0941606
0.0908043
0.0869287
0.0825372
0.077632
0.0722186
0.0663509
0.0600774
0.0528025
0.0440335
0.00414453
-0.00450312
-0.0115894
-0.0176147
-0.023189
-0.0282817
-0.0328566
-0.0369261
-0.0405045
-0.0436043
-0.046239
-0.048423
-0.0501716
-0.0515001
-0.0524243
-0.0529599
-0.0531222
-0.0529269
-0.0523888
-0.0515226
-0.0503426
-0.0488627
-0.047096
-0.0450556
-0.0427538
-0.0402028
-0.0374143
-0.0343996
-0.0311699
-0.0277361
-0.0241093
-0.0203001
-0.0163196
-0.0121788
-0.00788896
-0.00346169
0.00109102
0.00575673
0.0105224
0.0153745
0.0202987
0.0252798
0.030302
0.0353484
0.0404015
0.0454425
0.0504519
0.055409
0.0602924
0.0650794
0.0697467
0.0742701
0.0786244
0.0827841
0.0867228
0.0904138
0.0938303
0.0969452
0.0997317
0.102163
0.104214
0.105859
0.107075
0.107838
0.108129
0.107927
0.107217
0.105984
0.104216
0.101904
0.0990415
0.095626
0.091657
0.0871375
0.0820695
0.0764583
0.0703605
0.0638266
0.0562334
0.0470662
-0.000849782
-0.00981006
-0.017144
-0.0233698
-0.0291202
-0.0343633
-0.0390621
-0.0432296
-0.0468812
-0.0500303
-0.0526917
-0.0548809
-0.0566145
-0.0579092
-0.0587819
-0.0592496
-0.0593291
-0.059037
-0.0583894
-0.0574021
-0.0560903
-0.0544687
-0.0525515
-0.0503523
-0.0478841
-0.0451595
-0.0421907
-0.0389895
-0.0355673
-0.0319353
-0.0281046
-0.024086
-0.0198906
-0.0155295
-0.0110138
-0.00635506
-0.00156524
0.0033433
0.00835764
0.0134642
0.0186487
0.0238961
0.0291904
0.0345148
0.0398512
0.0451809
0.0504838
0.055739
0.0609242
0.0660162
0.0709907
0.0758226
0.0804856
0.0849527
0.0891962
0.0931877
0.0968988
0.1003
0.103364
0.10606
0.108361
0.11024
0.11167
0.112627
0.113088
0.11303
0.112437
0.111289
0.109576
0.107285
0.104408
0.100943
0.096887
0.0922432
0.0870132
0.0812022
0.0748692
0.0680671
0.0601437
0.0505612
-0.00639093
-0.0156727
-0.0232603
-0.0296903
-0.0356185
-0.0410121
-0.045833
-0.050095
-0.0538147
-0.0570066
-0.0596867
-0.0618719
-0.0635801
-0.0648295
-0.0656385
-0.0660254
-0.0660086
-0.0656057
-0.0648343
-0.0637113
-0.0622529
-0.0604749
-0.0583923
-0.0560194
-0.0533701
-0.0504574
-0.047294
-0.043892
-0.0402633
-0.0364191
-0.0323707
-0.028129
-0.0237051
-0.01911
-0.0143548
-0.00945098
-0.00441029
0.00075504
0.00603221
0.0114078
0.0168675
0.0223965
0.0279787
0.0335972
0.039234
0.0448699
0.0504848
0.056057
0.0615639
0.0669816
0.072285
0.0774477
0.0824425
0.087241
0.091814
0.0961315
0.100163
0.103878
0.107244
0.110232
0.11281
0.11495
0.116621
0.117797
0.118452
0.118562
0.118106
0.117065
0.115424
0.113169
0.110292
0.106787
0.102652
0.0978889
0.0924983
0.0864858
0.0799126
0.0728342
0.0645679
0.0545518
-0.0125068
-0.02212
-0.0299679
-0.0366059
-0.0427138
-0.0482579
-0.0531989
-0.0575516
-0.0613336
-0.0645609
-0.0672506
-0.0694214
-0.0710926
-0.0722841
-0.0730157
-0.0733075
-0.0731793
-0.0726503
-0.0717393
-0.0704646
-0.0688436
-0.0668932
-0.0646292
-0.0620669
-0.0592207
-0.0561045
-0.0527313
-0.0491137
-0.0452637
-0.0411929
-0.0369126
-0.0324338
-0.0277675
-0.0229246
-0.0179162
-0.0127535
-0.00744814
-0.00201208
0.00354208
0.00920109
0.0149509
0.0207767
0.0266626
0.0325916
0.0385457
0.0445057
0.050451
0.0563597
0.0622086
0.0679731
0.0736274
0.0791441
0.0844948
0.0896497
0.0945781
0.0992482
0.103628
0.107683
0.111382
0.11469
0.117574
0.120003
0.121943
0.123366
0.124242
0.124545
0.124251
0.123339
0.12179
0.11959
0.116727
0.113195
0.108989
0.104112
0.0985631
0.0923475
0.0855292
0.0781661
0.0695435
0.0590744
-0.0192271
-0.0291826
-0.0372982
-0.0441485
-0.0504383
-0.0561328
-0.0611915
-0.0656303
-0.0694681
-0.0727223
-0.0754115
-0.0775562
-0.0791773
-0.0802966
-0.0809357
-0.0811164
-0.0808602
-0.080188
-0.0791202
-0.0776764
-0.0758754
-0.0737351
-0.0712725
-0.0685037
-0.0654441
-0.062108
-0.0585089
-0.05466
-0.0505735
-0.0462611
-0.0417342
-0.0370039
-0.0320811
-0.0269765
-0.0217011
-0.0162657
-0.0106818
-0.00496109
0.000884161
0.00684097
0.0128956
0.0190334
0.0252386
0.0314944
0.0377829
0.0440846
0.050379
0.0566437
0.0628552
0.0689882
0.0750161
0.0809106
0.086642
0.0921793
0.0974901
0.102541
0.107297
0.111723
0.115784
0.119443
0.122665
0.125413
0.127654
0.129354
0.130481
0.131005
0.130899
0.13014
0.128706
0.12658
0.123749
0.120203
0.115938
0.110953
0.105249
0.0988294
0.0917612
0.0841047
0.0751116
0.0641687
-0.0265836
-0.0368936
-0.045285
-0.0523524
-0.0588264
-0.064671
-0.0698446
-0.0743642
-0.0782504
-0.0815218
-0.0841991
-0.0863043
-0.0878607
-0.0888918
-0.0894213
-0.0894732
-0.0890706
-0.0882364
-0.0869927
-0.0853606
-0.0833604
-0.0810114
-0.0783316
-0.0753381
-0.0720471
-0.0684737
-0.0646319
-0.0605352
-0.0561961
-0.0516266
-0.0468381
-0.0418416
-0.0366479
-0.0312675
-0.0257111
-0.0199893
-0.0141131
-0.00809386
-0.00194355
0.00432526
0.0106992
0.0171639
0.023704
0.0303028
0.0369425
0.0436038
0.0502659
0.0569064
0.0635012
0.0700246
0.0764492
0.0827459
0.0888838
0.0948303
0.100552
0.106012
0.111176
0.116004
0.12046
0.124503
0.128095
0.131197
0.133771
0.135781
0.13719
0.137967
0.138079
0.137501
0.136207
0.134178
0.131397
0.127853
0.123541
0.118457
0.112601
0.105977
0.0986546
0.0906957
0.0813173
0.0698786
-0.0346101
-0.0452884
-0.0539647
-0.0612544
-0.0679151
-0.0739094
-0.0791945
-0.083789
-0.0877147
-0.0909924
-0.0936446
-0.0956954
-0.0971703
-0.0980952
-0.0984962
-0.0983992
-0.0978297
-0.0968126
-0.0953719
-0.0935306
-0.0913103
-0.0887319
-0.0858147
-0.0825769
-0.0790354
-0.0752061
-0.0711037
-0.0667419
-0.0621336
-0.0572909
-0.0522252
-0.0469474
-0.0414682
-0.0357977
-0.0299464
-0.0239243
-0.0177422
-0.0114108
-0.00494173
0.00165305
0.00836057
0.0151669
0.0220571
0.0290149
0.0360226
0.043061
0.0501095
0.0571453
0.0641444
0.0710804
0.0779253
0.0846491
0.0912198
0.0976035
0.103765
0.109666
0.115269
0.120533
0.125417
0.129879
0.133877
0.137369
0.140313
0.142668
0.144396
0.145459
0.145822
0.145455
0.144329
0.142422
0.139714
0.136191
0.131844
0.126672
0.12067
0.113842
0.10626
0.0979894
0.0882098
0.0762517
-0.0433431
-0.054405
-0.0633765
-0.0708944
-0.0777443
-0.0838876
-0.0892804
-0.0939426
-0.097898
-0.101169
-0.103781
-0.105761
-0.107135
-0.107934
-0.108184
-0.107916
-0.107157
-0.105934
-0.104273
-0.102199
-0.0997357
-0.0969055
-0.093729
-0.0902255
-0.086413
-0.082308
-0.0779259
-0.0732808
-0.0683859
-0.0632533
-0.0578944
-0.05232
-0.0465404
-0.0405655
-0.0344052
-0.0280693
-0.0215677
-0.0149108
-0.00810945
-0.00117507
0.00587996
0.0130423
0.0202976
0.0276298
0.0350219
0.0424548
0.049908
0.0573589
0.0647831
0.0721541
0.0794431
0.0866194
0.09365
0.1005
0.107131
0.113505
0.119581
0.125315
0.130664
0.135583
0.140026
0.143947
0.1473
0.15004
0.152124
0.153511
0.154161
0.154039
0.153113
0.151356
0.148745
0.145263
0.1409
0.13565
0.129508
0.122477
0.114632
0.106041
0.0958433
0.0833404
-0.052822
-0.0642847
-0.073563
-0.0813155
-0.0883573
-0.0946486
-0.100144
-0.104866
-0.10884
-0.11209
-0.114645
-0.116533
-0.117786
-0.118434
-0.118511
-0.118046
-0.117072
-0.115616
-0.113709
-0.111377
-0.108646
-0.105539
-0.10208
-0.0982875
-0.0941818
-0.0897801
-0.0850982
-0.0801507
-0.0749509
-0.069511
-0.0638424
-0.0579557
-0.0518607
-0.045567
-0.0390839
-0.0324206
-0.0255863
-0.0185908
-0.011444
-0.00415685
0.00325918
0.0107914
0.0184261
0.026148
0.0339404
0.0417847
0.0496608
0.0575461
0.0654163
0.0732445
0.0810017
0.0886563
0.0961743
0.103519
0.110652
0.117533
0.124116
0.130358
0.136211
0.141626
0.146555
0.150946
0.154751
0.157919
0.160402
0.162154
0.16313
0.163292
0.162601
0.161026
0.158541
0.155124
0.150763
0.145448
0.139175
0.131943
0.123831
0.114909
0.104277
0.0912022
-0.0630891
-0.0749724
-0.0845703
-0.0925647
-0.0998014
-0.106239
-0.111832
-0.116604
-0.120582
-0.123795
-0.126272
-0.128047
-0.129153
-0.129626
-0.129501
-0.128811
-0.127592
-0.125876
-0.123694
-0.121076
-0.118048
-0.114639
-0.11087
-0.106764
-0.102342
-0.0976208
-0.0926177
-0.0873475
-0.0818238
-0.0760587
-0.0700635
-0.0638484
-0.0574229
-0.050796
-0.0439762
-0.0369722
-0.0297923
-0.0224454
-0.0149408
-0.0072881
0.000501799
0.00841719
0.0164451
0.0245711
0.0327792
0.0410514
0.0493679
0.0577067
0.0660434
0.0743511
0.0826005
0.0907594
0.098793
0.106664
0.114331
0.121751
0.12888
0.135668
0.142065
0.14802
0.153478
0.158386
0.162688
0.16633
0.169258
0.171421
0.172768
0.173255
0.172838
0.171482
0.169154
0.165831
0.161493
0.156131
0.149736
0.142307
0.133924
0.124662
0.113576
0.0999
-0.0741908
-0.086517
-0.0964493
-0.104693
-0.112128
-0.118711
-0.124394
-0.129204
-0.133171
-0.136326
-0.138703
-0.140339
-0.141271
-0.141538
-0.14118
-0.140234
-0.138738
-0.136729
-0.13424
-0.131303
-0.12795
-0.124207
-0.120101
-0.115655
-0.11089
-0.105826
-0.100479
-0.0948645
-0.0889969
-0.0828881
-0.0765488
-0.0699891
-0.0632178
-0.0562433
-0.0490733
-0.0417156
-0.0341776
-0.0264672
-0.0185926
-0.0105625
-0.00238655
0.00592451
0.0143587
0.0229026
0.031541
0.0402568
0.0490308
0.0578415
0.0666648
0.075474
0.0842395
0.0929289
0.101506
0.109933
0.118168
0.126165
0.133876
0.141251
0.148236
0.154775
0.16081
0.166283
0.171132
0.175299
0.178723
0.181347
0.183114
0.183973
0.183875
0.182778
0.180644
0.177445
0.173157
0.167766
0.161261
0.15364
0.144984
0.135372
0.123811
0.109503
-0.0861775
-0.0989722
-0.109255
-0.117758
-0.125394
-0.132119
-0.137885
-0.142719
-0.146657
-0.149731
-0.151982
-0.153448
-0.154173
-0.154201
-0.153574
-0.152335
-0.150527
-0.148187
-0.145356
-0.142066
-0.138353
-0.134245
-0.129771
-0.124955
-0.119821
-0.114387
-0.108672
-0.102692
-0.0964595
-0.0899875
-0.0832865
-0.0763656
-0.0692332
-0.0618969
-0.0543634
-0.0466394
-0.0387314
-0.030646
-0.0223901
-0.0139713
-0.00539801
0.00332032
0.0121729
0.0211475
0.03023
0.0394042
0.0486519
0.0579522
0.0672817
0.0766138
0.0859192
0.0951649
0.104315
0.113329
0.122165
0.130775
0.13911
0.147114
0.154732
0.161903
0.168566
0.174656
0.180107
0.184853
0.188828
0.191968
0.19421
0.195494
0.195764
0.194972
0.193074
0.190035
0.185826
0.180429
0.173829
0.166022
0.157092
0.147119
0.135063
0.120088
-0.0991046
-0.112397
-0.12305
-0.131822
-0.139662
-0.146526
-0.152364
-0.157206
-0.161092
-0.16406
-0.166153
-0.167416
-0.167897
-0.167646
-0.16671
-0.165137
-0.162974
-0.160265
-0.157051
-0.15337
-0.149259
-0.144751
-0.139875
-0.134658
-0.129124
-0.123294
-0.117186
-0.110815
-0.104197
-0.0973419
-0.0902609
-0.0829623
-0.0754536
-0.0677413
-0.0598314
-0.0517291
-0.0434397
-0.0349685
-0.0263209
-0.0175032
-0.00852228
0.000613872
0.0098959
0.0193129
0.028852
0.0384985
0.0482351
0.0580419
0.0678961
0.077772
0.0876403
0.0974682
0.107219
0.116853
0.126324
0.135585
0.144584
0.153262
0.161561
0.169415
0.176759
0.183522
0.189633
0.195019
0.199607
0.203324
0.2061
0.207867
0.208563
0.208128
0.206513
0.203674
0.199579
0.194202
0.187525
0.179541
0.170335
0.159992
0.147418
0.131739
-0.113033
-0.126857
-0.137902
-0.146954
-0.155002
-0.161999
-0.167897
-0.172729
-0.176537
-0.179367
-0.181265
-0.182285
-0.18248
-0.181904
-0.180614
-0.178661
-0.176097
-0.172972
-0.16933
-0.165215
-0.160666
-0.155719
-0.150405
-0.144753
-0.138787
-0.132531
-0.126002
-0.119217
-0.11219
-0.104932
-0.0974524
-0.0897594
-0.0818593
-0.0737575
-0.0654587
-0.0569667
-0.0482855
-0.0394186
-0.03037
-0.0211442
-0.0117465
-0.00218321
0.00753798
0.0174078
0.027415
0.0375462
0.0477856
0.0581145
0.0685112
0.0789507
0.0894044
0.0998396
0.11022
0.120504
0.130646
0.140597
0.150302
0.159701
0.16873
0.177321
0.185403
0.192901
0.199735
0.205826
0.211093
0.215455
0.218832
0.221149
0.222331
0.222313
0.221035
0.218445
0.214502
0.209177
0.202445
0.194294
0.184814
0.17409
0.160972
0.144549
-0.128032
-0.142426
-0.153887
-0.163231
-0.17149
-0.178615
-0.184558
-0.189355
-0.193056
-0.19571
-0.197372
-0.198102
-0.19796
-0.19701
-0.195311
-0.192925
-0.189908
-0.186315
-0.182197
-0.177601
-0.172568
-0.167139
-0.161347
-0.155222
-0.148792
-0.142078
-0.1351
-0.127875
-0.120416
-0.112734
-0.104837
-0.0967331
-0.0884268
-0.0799223
-0.0712228
-0.0623307
-0.0532481
-0.0439768
-0.0345189
-0.0248772
-0.015055
-0.00505672
0.00511189
0.0154434
0.0259284
0.0365554
0.0473101
0.0581754
0.0691309
0.0801528
0.0912133
0.10228
0.113317
0.124283
0.135132
0.145812
0.156266
0.166433
0.176246
0.185631
0.194512
0.202808
0.210434
0.217301
0.22332
0.228401
0.232455
0.235394
0.237135
0.237601
0.236721
0.234434
0.230692
0.225455
0.218693
0.21039
0.200637
0.189521
0.175834
0.15862
-0.144176
-0.159185
-0.171091
-0.18074
-0.189213
-0.196458
-0.202427
-0.207162
-0.210718
-0.213153
-0.214529
-0.214915
-0.21438
-0.212994
-0.210828
-0.207948
-0.204419
-0.200301
-0.195651
-0.19052
-0.184954
-0.178996
-0.172683
-0.166047
-0.159114
-0.15191
-0.144454
-0.136762
-0.128847
-0.120719
-0.112387
-0.103855
-0.0951282
-0.0862085
-0.0770974
-0.0677956
-0.0583031
-0.0486199
-0.0387461
-0.0286822
-0.0184293
-0.00798976
0.00263283
0.0134332
0.0244042
0.0355362
0.0468169
0.0582312
0.0697603
0.0813818
0.0930692
0.104791
0.116513
0.128191
0.139781
0.15123
0.162479
0.173464
0.184114
0.194353
0.204098
0.213262
0.221752
0.229473
0.236325
0.242208
0.247021
0.250665
0.253044
0.25407
0.253659
0.251739
0.248251
0.243146
0.236386
0.227948
0.217925
0.206408
0.192123
0.174068
-0.16155
-0.177228
-0.18961
-0.199581
-0.208269
-0.215624
-0.221595
-0.226234
-0.229602
-0.231765
-0.232797
-0.232776
-0.23178
-0.229892
-0.227188
-0.223746
-0.219637
-0.21493
-0.209686
-0.203962
-0.197808
-0.191272
-0.18439
-0.177199
-0.169726
-0.161997
-0.154031
-0.145844
-0.137449
-0.128854
-0.120067
-0.111092
-0.101931
-0.0925842
-0.0830517
-0.0733319
-0.0634226
-0.0533216
-0.0430266
-0.0325357
-0.0218478
-0.0109627
0.00011847
0.0113929
0.0228559
0.0345001
0.0463157
0.0582896
0.0704052
0.0826419
0.0949749
0.107374
0.119805
0.132227
0.144593
0.156851
0.16894
0.180793
0.192338
0.203493
0.214171
0.224277
0.233712
0.24237
0.250143
0.256918
0.262583
0.267024
0.270133
0.271806
0.271945
0.270466
0.267295
0.262373
0.255652
0.247102
0.236816
0.224887
0.209971
0.19102
-0.180253
-0.196659
-0.209555
-0.219864
-0.228768
-0.236218
-0.242164
-0.246665
-0.249792
-0.251622
-0.252241
-0.251738
-0.250205
-0.247734
-0.244414
-0.240332
-0.235568
-0.230199
-0.224292
-0.21791
-0.211109
-0.203938
-0.196438
-0.188646
-0.180592
-0.172301
-0.163793
-0.155082
-0.146182
-0.137099
-0.12784
-0.118406
-0.108797
-0.0990132
-0.0890507
-0.0789059
-0.0685744
-0.0580513
-0.0473318
-0.0364114
-0.0252862
-0.0139532
-0.002411
0.0093405
0.0212992
0.0334606
0.0458176
0.0583595
0.0710723
0.0839377
0.0969329
0.11003
0.123195
0.13639
0.149566
0.162672
0.175646
0.188421
0.200919
0.213055
0.224738
0.235866
0.246332
0.256019
0.26481
0.272578
0.279197
0.28454
0.288481
0.2909
0.291684
0.29073
0.287951
0.283273
0.276637
0.268002
0.257462
0.24511
0.22953
0.20962
-0.200394
-0.217599
-0.231052
-0.241716
-0.250837
-0.258363
-0.264248
-0.26856
-0.271383
-0.272807
-0.272931
-0.271859
-0.269698
-0.266553
-0.262527
-0.257715
-0.252211
-0.246098
-0.239452
-0.232342
-0.224827
-0.216962
-0.20879
-0.200348
-0.19167
-0.182778
-0.173694
-0.164432
-0.155001
-0.14541
-0.13566
-0.125752
-0.115685
-0.105454
-0.0950548
-0.08448
-0.0737227
-0.0627753
-0.05163
-0.0402795
-0.028717
-0.0169363
-0.00493303
0.00729597
0.0197517
0.0324327
0.0453349
0.0584507
0.0717689
0.0852741
0.098946
0.112759
0.126681
0.140675
0.154695
0.168689
0.182595
0.196343
0.209855
0.223042
0.235806
0.24804
0.259628
0.270445
0.280359
0.289231
0.29692
0.303282
0.308172
0.311451
0.312988
0.312659
0.310359
0.305998
0.299501
0.290816
0.280035
0.267252
0.250967
0.230027
-0.2221
-0.240186
-0.254246
-0.265284
-0.274618
-0.282197
-0.287976
-0.292037
-0.294478
-0.295407
-0.29494
-0.293198
-0.290304
-0.286379
-0.281542
-0.275901
-0.269559
-0.262612
-0.255142
-0.247225
-0.238926
-0.230302
-0.221399
-0.212257
-0.202909
-0.193378
-0.183684
-0.17384
-0.163855
-0.153734
-0.143477
-0.133083
-0.122547
-0.111862
-0.10102
-0.0900122
-0.0788277
-0.067456
-0.0558862
-0.0441076
-0.0321101
-0.0198845
-0.00742285
0.00528134
0.0182325
0.0314327
0.0448811
0.0585738
0.0725028
0.086656
0.101016
0.115561
0.130261
0.14508
0.159975
0.174895
0.189778
0.204554
0.219141
0.23345
0.247375
0.260805
0.273615
0.285669
0.296822
0.306922
0.31581
0.323322
0.329295
0.333565
0.335979
0.336392
0.334674
0.330717
0.324425
0.315734
0.30473
0.291506
0.274475
0.252424
-0.245518
-0.264582
-0.279304
-0.290738
-0.300278
-0.307876
-0.313494
-0.317227
-0.319194
-0.319522
-0.318348
-0.315815
-0.312065
-0.307239
-0.301471
-0.294886
-0.287599
-0.279716
-0.271329
-0.26252
-0.253359
-0.243907
-0.234212
-0.224316
-0.21425
-0.204039
-0.193701
-0.183247
-0.172684
-0.162014
-0.151236
-0.140343
-0.12933
-0.118185
-0.106899
-0.0954567
-0.0838461
-0.0720527
-0.060062
-0.04786
-0.035433
-0.0227682
-0.00985378
0.00332025
0.0167622
0.0304778
0.0444704
0.0587396
0.0732816
0.0880879
0.103145
0.118434
0.133929
0.149597
0.165397
0.18128
0.197185
0.213041
0.228768
0.244271
0.259442
0.274163
0.288301
0.301709
0.314229
0.325693
0.335924
0.344736
0.351941
0.357354
0.360792
0.362082
0.361069
0.357619
0.351614
0.34297
0.331767
0.318096
0.300272
0.277017
-0.270817
-0.290973
-0.306422
-0.318273
-0.328008
-0.335583
-0.340968
-0.344278
-0.345657
-0.345257
-0.343239
-0.339772
-0.335024
-0.329155
-0.32232
-0.314661
-0.306308
-0.297376
-0.287969
-0.278175
-0.268069
-0.257715
-0.247164
-0.236457
-0.225626
-0.214695
-0.203678
-0.192586
-0.181423
-0.170187
-0.158873
-0.147473
-0.135977
-0.12437
-0.112638
-0.100764
-0.0887312
-0.0765214
-0.0641168
-0.0514991
-0.0386511
-0.0255558
-0.0121976
0.00143757
0.0153621
0.0295862
0.0441171
0.058959
0.0741124
0.0895733
0.105332
0.121375
0.137679
0.154217
0.170949
0.187829
0.204799
0.22179
0.238719
0.255491
0.271996
0.288109
0.303687
0.318576
0.332602
0.345582
0.357316
0.367596
0.376209
0.382937
0.387568
0.389897
0.389735
0.386918
0.381298
0.372768
0.361399
0.347276
0.328605
0.304039
-0.298198
-0.31958
-0.33583
-0.348118
-0.358029
-0.365524
-0.370586
-0.373357
-0.374009
-0.372726
-0.3697
-0.365133
-0.359218
-0.352144
-0.344086
-0.335206
-0.32565
-0.315546
-0.305006
-0.294126
-0.282987
-0.271653
-0.260179
-0.248604
-0.236959
-0.225267
-0.213539
-0.201783
-0.189998
-0.178181
-0.166321
-0.154408
-0.142425
-0.130356
-0.118182
-0.105881
-0.0934332
-0.080816
-0.0680074
-0.0549852
-0.0417279
-0.0282145
-0.0144251
-0.000341088
0.0140543
0.0287758
0.0438355
0.0592423
0.0750016
0.0911143
0.107576
0.124378
0.141502
0.158925
0.176613
0.194522
0.212599
0.230775
0.248971
0.26709
0.285018
0.302627
0.319768
0.336274
0.351959
0.36662
0.380038
0.391977
0.402195
0.41044
0.416463
0.42002
0.420884
0.418851
0.413739
0.405408
0.393916
0.379341
0.359763
0.333762
-0.327897
-0.350664
-0.3678
-0.380545
-0.390602
-0.397942
-0.402567
-0.404651
-0.404405
-0.402052
-0.397823
-0.391957
-0.38468
-0.376212
-0.366754
-0.356489
-0.345578
-0.334165
-0.32237
-0.310297
-0.298029
-0.285635
-0.273168
-0.260667
-0.248161
-0.235669
-0.223199
-0.210755
-0.198331
-0.18592
-0.173508
-0.161077
-0.148609
-0.136082
-0.123471
-0.110753
-0.0979004
-0.0848881
-0.0716892
-0.0582773
-0.0446264
-0.030711
-0.0165066
-0.00198999
0.0128604
0.0280643
0.0436389
0.0595984
0.0759537
0.0927112
0.109873
0.127434
0.145384
0.163705
0.182367
0.201335
0.220556
0.239968
0.259493
0.279034
0.29848
0.317695
0.336526
0.354796
0.372305
0.388833
0.404135
0.417949
0.429998
0.439993
0.447641
0.452652
0.454752
0.453688
0.449233
0.44121
0.429653
0.414629
0.394078
0.366497
-0.360196
-0.384535
-0.402655
-0.415873
-0.42603
-0.433116
-0.437157
-0.438371
-0.437017
-0.433366
-0.427701
-0.4203
-0.411435
-0.401357
-0.390296
-0.378459
-0.366026
-0.353154
-0.339973
-0.326592
-0.313098
-0.29956
-0.286031
-0.272547
-0.259133
-0.245804
-0.232564
-0.219411
-0.206335
-0.193322
-0.180354
-0.167408
-0.154459
-0.141481
-0.128445
-0.115321
-0.102079
-0.0886881
-0.0751167
-0.0613339
-0.047309
-0.0330117
-0.0184128
-0.00348406
0.0118013
0.0274681
0.0435391
0.0600345
0.0769708
0.0943609
0.112213
0.130529
0.149306
0.168531
0.188184
0.208233
0.228633
0.249328
0.270241
0.291283
0.312339
0.333274
0.35393
0.374121
0.393635
0.412231
0.429642
0.445576
0.459717
0.471732
0.481278
0.488012
0.4916
0.491732
0.488122
0.480543
0.469
0.453538
0.431939
0.402607
-0.395432
-0.421568
-0.440781
-0.454481
-0.464674
-0.471373
-0.474641
-0.474753
-0.47203
-0.466807
-0.459423
-0.450213
-0.439493
-0.427555
-0.414663
-0.401047
-0.386908
-0.372415
-0.357707
-0.342898
-0.328077
-0.313311
-0.298651
-0.284128
-0.269764
-0.255565
-0.241532
-0.227655
-0.213917
-0.2003
-0.186777
-0.173321
-0.159901
-0.146485
-0.133039
-0.119528
-0.105915
-0.0921664
-0.0782446
-0.064114
-0.049739
-0.0350843
-0.0201157
-0.00479971
0.0108958
0.0270013
0.0435455
0.0605546
0.0780518
0.0960568
0.114585
0.133646
0.153244
0.173375
0.194027
0.215175
0.236783
0.258802
0.281162
0.303777
0.326538
0.34931
0.371931
0.39421
0.415922
0.43681
0.456581
0.47491
0.49144
0.50579
0.517558
0.526336
0.531719
0.533325
0.530796
0.523837
0.512412
0.496536
0.473805
0.44252
-0.434014
-0.462214
-0.482647
-0.496827
-0.506958
-0.513093
-0.515343
-0.514061
-0.509649
-0.502516
-0.493077
-0.481731
-0.468848
-0.454766
-0.439784
-0.42416
-0.408113
-0.391825
-0.375443
-0.359082
-0.342831
-0.326755
-0.310897
-0.295285
-0.279932
-0.264837
-0.249992
-0.235381
-0.22098
-0.206761
-0.192691
-0.178738
-0.164862
-0.151026
-0.13719
-0.123314
-0.109355
-0.0952739
-0.0810285
-0.0665778
-0.0518812
-0.0368983
-0.0215894
-0.00591588
0.0101601
0.0266751
0.0436638
0.0611592
0.0791914
0.0977875
0.116971
0.13676
0.157167
0.178198
0.19985
0.222108
0.244947
0.268325
0.292184
0.316444
0.341002
0.365728
0.390461
0.415003
0.439122
0.462544
0.484952
0.505987
0.525249
0.542299
0.556671
0.567878
0.575431
0.578856
0.577704
0.571592
0.560426
0.544177
0.52022
0.486741
-0.476441
-0.507028
-0.52882
-0.54346
-0.553391
-0.558722
-0.559638
-0.556592
-0.550088
-0.540636
-0.528739
-0.51487
-0.499467
-0.482917
-0.465556
-0.447672
-0.429501
-0.411234
-0.393024
-0.374986
-0.357205
-0.339738
-0.322623
-0.305877
-0.289503
-0.273493
-0.257827
-0.24248
-0.22742
-0.212609
-0.198008
-0.183575
-0.169266
-0.155034
-0.140835
-0.126621
-0.112346
-0.0979636
-0.0834263
-0.0686883
-0.0537034
-0.0384262
-0.0228115
-0.00681505
0.00960678
0.0264966
0.0438957
0.061844
0.080379
0.099536
0.119347
0.139839
0.161036
0.182953
0.205598
0.228969
0.253052
0.277818
0.30322
0.32919
0.355634
0.38243
0.409421
0.43641
0.463158
0.489378
0.51473
0.538821
0.561204
0.581381
0.598808
0.612908
0.623088
0.628763
0.629363
0.624394
0.613678
0.597123
0.571838
0.535873
-0.52333
-0.556691
-0.58
-0.595047
-0.604578
-0.608783
-0.607952
-0.60267
-0.593576
-0.581303
-0.566462
-0.54962
-0.531284
-0.511898
-0.49184
-0.471421
-0.450894
-0.430458
-0.410265
-0.390426
-0.371019
-0.35209
-0.333665
-0.315749
-0.298334
-0.281398
-0.264911
-0.248836
-0.23313
-0.217747
-0.202638
-0.187752
-0.173038
-0.158442
-0.143912
-0.129396
-0.114839
-0.100192
-0.0853996
-0.070412
-0.0551774
-0.0396448
-0.0237638
-0.00748431
0.00924325
0.0264677
0.0442372
0.0625988
0.081598
0.101278
0.121681
0.142845
0.164802
0.187581
0.211203
0.23568
0.261011
0.287182
0.314163
0.341898
0.370311
0.399289
0.428684
0.458308
0.487918
0.517219
0.545851
0.57339
0.599341
0.623139
0.644155
0.661706
0.675077
0.683539
0.686373
0.682935
0.672931
0.656174
0.629451
0.590649
-0.575446
-0.612056
-0.63705
-0.652406
-0.661247
-0.663889
-0.660768
-0.652648
-0.640341
-0.624635
-0.606273
-0.585927
-0.564186
-0.541554
-0.518446
-0.495198
-0.472074
-0.449275
-0.426947
-0.405191
-0.38407
-0.363617
-0.343843
-0.324735
-0.30627
-0.288411
-0.271115
-0.254331
-0.238004
-0.222077
-0.206492
-0.191189
-0.176106
-0.161184
-0.146364
-0.131585
-0.11679
-0.101919
-0.0869147
-0.0717208
-0.0562802
-0.0405366
-0.024434
-0.00791659
0.00907106
0.0265843
0.044678
0.0634067
0.0828243
0.102983
0.123935
0.145727
0.168407
0.192015
0.216586
0.242148
0.268718
0.2963
0.324881
0.354427
0.384878
0.416141
0.448085
0.48053
0.513244
0.545926
0.578205
0.609627
0.63965
0.667642
0.692879
0.714558
0.731811
0.743738
0.749427
0.748034
0.739103
0.722306
0.694029
0.651963
-0.633758
-0.674194
-0.701051
-0.716541
-0.724276
-0.724758
-0.718632
-0.706901
-0.690604
-0.670719
-0.648147
-0.62368
-0.597999
-0.571663
-0.545126
-0.518741
-0.492775
-0.467422
-0.442815
-0.419036
-0.396131
-0.37411
-0.352961
-0.332655
-0.313147
-0.294384
-0.276304
-0.258843
-0.241932
-0.225502
-0.209484
-0.193807
-0.178403
-0.163202
-0.148138
-0.133145
-0.118157
-0.103112
-0.0879443
-0.0725929
-0.0569955
-0.0410904
-0.0248163
-0.0081117
0.00908475
0.0268348
0.0452002
0.0642432
0.0840259
0.10461
0.126058
0.148428
0.171781
0.196172
0.221652
0.248265
0.27605
0.305031
0.335219
0.366603
0.399148
0.432787
0.46741
0.502862
0.538921
0.575298
0.611615
0.647399
0.682065
0.714913
0.745117
0.771737
0.79373
0.809979
0.819327
0.820665
0.813308
0.796722
0.766778
0.720921
-0.699498
-0.744475
-0.773367
-0.788696
-0.794722
-0.792225
-0.782148
-0.765817
-0.744557
-0.719586
-0.691987
-0.662691
-0.632466
-0.60193
-0.571563
-0.541724
-0.512674
-0.484587
-0.457574
-0.431689
-0.406947
-0.383334
-0.36081
-0.33932
-0.318796
-0.299163
-0.280343
-0.262252
-0.244809
-0.227929
-0.211532
-0.195537
-0.179865
-0.164441
-0.149189
-0.134036
-0.118911
-0.103745
-0.0884686
-0.0730141
-0.0573145
-0.0413029
-0.0249129
-0.00807735
0.00927086
0.0271997
0.0457779
0.0650751
0.085162
0.10611
0.127991
0.150878
0.174843
0.199958
0.22629
0.253906
0.282864
0.313214
0.344994
0.378222
0.412896
0.448979
0.486398
0.525025
0.564668
0.605058
0.645827
0.686491
0.726436
0.764897
0.800946
0.833489
0.86128
0.88294
0.896997
0.901991
0.896912
0.880923
0.849217
0.798918
-0.774267
-0.824668
-0.85574
-0.870425
-0.873864
-0.867258
-0.851973
-0.829768
-0.802335
-0.771179
-0.737596
-0.702659
-0.667226
-0.631958
-0.597348
-0.563745
-0.531384
-0.500408
-0.470888
-0.44284
-0.416242
-0.391042
-0.367168
-0.344532
-0.323042
-0.302598
-0.283098
-0.264443
-0.246533
-0.22927
-0.212561
-0.196313
-0.18044
-0.164856
-0.149479
-0.134228
-0.119028
-0.103802
-0.0884769
-0.0729793
-0.0572375
-0.0411798
-0.0247347
-0.00782994
0.00960723
0.0276508
0.0463761
0.0658603
0.0861824
0.107423
0.129666
0.152996
0.177499
0.203264
0.230377
0.258927
0.288996
0.320662
0.353994
0.389046
0.425854
0.464424
0.504725
0.546673
0.590122
0.634838
0.68048
0.726577
0.7725
0.817433
0.860349
0.899996
0.934894
0.963351
0.983494
0.9934
0.9916
0.976802
0.943283
0.887731
-0.860174
-0.917101
-0.950416
-0.963672
-0.96324
-0.950957
-0.928791
-0.899075
-0.863965
-0.825307
-0.784628
-0.743143
-0.701784
-0.661234
-0.621974
-0.584317
-0.548452
-0.514467
-0.482379
-0.452153
-0.423715
-0.396969
-0.371801
-0.348091
-0.325711
-0.304536
-0.284441
-0.265305
-0.24701
-0.229446
-0.212504
-0.196082
-0.180083
-0.164412
-0.148981
-0.133703
-0.118495
-0.103276
-0.0879681
-0.072493
-0.0567744
-0.0407361
-0.0243021
-0.00739522
0.0100624
0.0281505
0.0469508
0.0665475
0.0870276
0.108482
0.131003
0.154691
0.179644
0.20597
0.233774
0.263167
0.29426
0.327162
0.361976
0.398799
0.437711
0.47877
0.522001
0.567382
0.614825
0.664156
0.715089
0.76719
0.819842
0.872204
0.92317
0.971329
1.01495
1.05197
1.08001
1.09655
1.09946
1.08678
1.0515
0.989678
-0.960054
-1.02488
-1.06033
-1.07089
-1.06469
-1.04454
-1.01327
-0.973945
-0.929306
-0.881582
-0.832538
-0.783514
-0.735479
-0.689102
-0.644813
-0.602857
-0.563346
-0.526288
-0.491627
-0.459258
-0.429046
-0.400838
-0.374475
-0.349793
-0.326631
-0.304833
-0.284249
-0.264736
-0.246159
-0.22839
-0.211308
-0.194801
-0.178761
-0.163087
-0.147681
-0.132452
-0.117311
-0.102172
-0.0869524
-0.0715704
-0.0559454
-0.0399971
-0.0236453
-0.0068086
0.0105956
0.0286522
0.0474487
0.067076
0.0876289
0.109207
0.131914
0.15586
0.181162
0.207942
0.236326
0.266451
0.298454
0.33248
0.368671
0.407169
0.44811
0.491612
0.537769
0.586636
0.638209
0.692402
0.749011
0.807679
0.867845
0.928683
0.989041
1.04737
1.10169
1.14952
1.18787
1.21341
1.22311
1.21399
1.17719
1.10784
-1.07782
-1.15225
-1.18937
-1.19516
-1.18039
-1.14932
-1.10596
-1.05437
-0.99794
-0.93933
-0.880511
-0.822898
-0.767442
-0.714736
-0.665105
-0.618682
-0.575461
-0.535345
-0.498177
-0.463766
-0.431903
-0.40237
-0.374953
-0.349443
-0.32564
-0.303357
-0.282415
-0.26265
-0.243908
-0.226047
-0.208933
-0.192442
-0.176457
-0.160869
-0.145576
-0.130479
-0.115486
-0.100506
-0.0854513
-0.070238
-0.0547815
-0.0389983
-0.0228045
-0.00611508
0.0111566
0.0291001
0.0478079
0.067377
0.0879092
0.109512
0.1323
0.156395
0.181928
0.209036
0.23787
0.268587
0.301358
0.33636
0.373781
0.413813
0.456651
0.502486
0.551495
0.603829
0.659591
0.718813
0.78142
0.847178
0.915637
0.986053
1.05729
1.12773
1.19515
1.25662
1.30845
1.34627
1.36581
1.36254
1.32489
1.24642
-1.21901
-1.3051
-1.34272
-1.34037
-1.31283
-1.26656
-1.20717
-1.13995
-1.06904
-0.997475
-0.927373
-0.860123
-0.796561
-0.73712
-0.681947
-0.631002
-0.584119
-0.541059
-0.501541
-0.465271
-0.431949
-0.401287
-0.373009
-0.346857
-0.32259
-0.299988
-0.278845
-0.258976
-0.240207
-0.222382
-0.205354
-0.188991
-0.173166
-0.157765
-0.142679
-0.127804
-0.113044
-0.0983056
-0.0834979
-0.068533
-0.0533242
-0.0377852
-0.0218294
-0.00536874
0.0116867
0.0294301
0.0479585
0.0673738
0.0877842
0.109305
0.132058
0.156178
0.181808
0.209102
0.238231
0.269377
0.302739
0.338532
0.376988
0.418356
0.462895
0.510877
0.562576
0.618256
0.678156
0.742464
0.811276
0.884547
0.962018
1.04312
1.12683
1.21156
1.29493
1.37361
1.44311
1.49778
1.53164
1.53788
1.5008
1.41133
-1.3918
-1.49184
-1.52733
-1.5113
-1.46474
-1.39729
-1.31671
-1.2297
-1.14116
-1.0544
-0.97149
-0.893646
-0.821442
-0.75503
-0.694287
-0.638929
-0.588579
-0.542818
-0.501219
-0.463363
-0.428855
-0.397325
-0.368433
-0.34187
-0.317354
-0.294631
-0.27347
-0.253664
-0.235023
-0.217376
-0.200567
-0.184453
-0.168903
-0.153794
-0.139015
-0.124458
-0.110022
-0.0956128
-0.0811365
-0.0665035
-0.0516249
-0.0364128
-0.0207784
-0.00463174
0.0121196
0.0295716
0.0478245
0.0669846
0.0871647
0.108486
0.13108
0.155088
0.180667
0.207986
0.237233
0.268614
0.302357
0.338714
0.377962
0.420404
0.466373
0.516225
0.570343
0.629124
0.692966
0.762252
0.837304
0.918341
1.00539
1.09818
1.19597
1.29737
1.40001
1.50029
1.59292
1.67076
1.7256
1.74729
1.71377
1.61124
-1.60873
-1.7247
-1.75259
-1.71377
-1.63879
-1.54188
-1.43344
-1.32166
-1.21201
-1.10775
-1.01065
-0.921497
-0.840383
-0.767031
-0.700936
-0.64149
-0.588053
-0.539992
-0.496708
-0.457649
-0.422312
-0.390245
-0.361044
-0.334346
-0.309832
-0.287217
-0.266244
-0.246688
-0.228345
-0.211032
-0.194584
-0.178851
-0.163695
-0.148993
-0.134625
-0.120485
-0.106469
-0.0924791
-0.0784224
-0.0642072
-0.0497441
-0.034944
-0.0197173
-0.00397281
0.0123833
0.0294486
0.0473258
0.0661236
0.0859589
0.106957
0.129256
0.153005
0.17837
0.205534
0.2347
0.266097
0.299977
0.336627
0.376368
0.419558
0.4666
0.517943
0.574083
0.635563
0.702967
0.776905
0.857985
0.946769
1.04369
1.14894
1.26228
1.38276
1.50836
1.63549
1.75827
1.868
1.95372
2.00054
1.97657
1.85936
-1.89007
-2.02187
-2.03104
-1.95434
-1.837
-1.69936
-1.55473
-1.41247
-1.27808
-1.15426
-1.04199
-0.941237
-0.851374
-0.771497
-0.700597
-0.637665
-0.581745
-0.531964
-0.487536
-0.447769
-0.412051
-0.379849
-0.350697
-0.324186
-0.299961
-0.277707
-0.257152
-0.238051
-0.22019
-0.203377
-0.18744
-0.172226
-0.157592
-0.143411
-0.129566
-0.115944
-0.102444
-0.0889672
-0.0754197
-0.0617103
-0.0477495
-0.0334484
-0.0187173
-0.0034651
0.0124023
0.0289831
0.0463806
0.0647054
0.0840759
0.104621
0.126482
0.149814
0.17479
0.201603
0.230469
0.261634
0.295374
0.332004
0.371884
0.415426
0.463098
0.515439
0.573062
0.636661
0.70702
0.785009
0.87157
0.967693
1.07435
1.19239
1.32233
1.46408
1.61645
1.77644
1.93814
2.09159
2.22281
2.31061
2.30812
2.17694
-2.27056
-2.4109
-2.37886
-2.23952
-2.05943
-1.86618
-1.67543
-1.49667
-1.33431
-1.18955
-1.06187
-0.949958
-0.852129
-0.766661
-0.691922
-0.626432
-0.56889
-0.518165
-0.473286
-0.433421
-0.397859
-0.365993
-0.337301
-0.311337
-0.287716
-0.266104
-0.24621
-0.227783
-0.210598
-0.194459
-0.179191
-0.164637
-0.150655
-0.137117
-0.123903
-0.110904
-0.0980183
-0.0851479
-0.0722001
-0.0590849
-0.0457138
-0.0319992
-0.0178526
-0.00318379
0.0121002
0.0280969
0.044909
0.0626468
0.0814292
0.101386
0.12266
0.145409
0.16981
0.196063
0.224392
0.255055
0.288347
0.324605
0.364221
0.407649
0.45542
0.50815
0.566562
0.6315
0.70395
0.785054
0.876126
0.978651
1.09426
1.22467
1.3715
1.53601
1.71857
1.91775
2.12876
2.34151
2.53954
2.69418
2.73691
2.60031
-2.81312
-2.93355
-2.81504
-2.57289
-2.30128
-2.03392
-1.78638
-1.56583
-1.37358
-1.20789
-1.06586
-0.944294
-0.840136
-0.750671
-0.673555
-0.606811
-0.548784
-0.498099
-0.453612
-0.414372
-0.379585
-0.348584
-0.320809
-0.295786
-0.273109
-0.252435
-0.233463
-0.215937
-0.19963
-0.184345
-0.169906
-0.156158
-0.142959
-0.130182
-0.117712
-0.105441
-0.0932671
-0.0810968
-0.0688391
-0.0564062
-0.0437122
-0.0306716
-0.0171982
-0.00320425
0.0114012
0.0267133
0.042833
0.0598684
0.0779368
0.0971664
0.117699
0.139693
0.163326
0.188798
0.216339
0.246212
0.278721
0.31422
0.353121
0.395909
0.443161
0.495556
0.55391
0.619198
0.692589
0.775491
0.869592
0.976908
1.09982
1.24108
1.40377
1.59108
1.80589
2.04981
2.32128
2.61264
2.90748
3.17068
3.30594
3.19486
-3.63208
-3.65029
-3.35763
-2.95026
-2.54883
-2.1866
-1.87294
-1.60793
-1.3866
-1.20241
-1.04897
-0.920694
-0.812904
-0.721796
-0.64431
-0.577997
-0.520893
-0.47142
-0.428303
-0.390504
-0.357175
-0.327617
-0.301247
-0.277579
-0.256204
-0.236773
-0.21899
-0.202596
-0.187372
-0.17312
-0.159671
-0.146873
-0.134588
-0.122694
-0.111077
-0.0996352
-0.0882707
-0.0768926
-0.0654138
-0.0537501
-0.041819
-0.0295385
-0.016826
-0.00359704
0.0102357
0.0247637
0.0400844
0.0563021
0.0735304
0.0918937
0.11153
0.132594
0.15526
0.179726
0.206218
0.235
0.266376
0.300702
0.338402
0.379974
0.42602
0.477259
0.534568
0.599017
0.671922
0.754909
0.849999
0.959711
1.08719
1.23632
1.41188
1.61958
1.86588
2.1574
2.49908
2.89068
3.32212
3.75839
4.0768
4.07836
-4.93391
-4.64062
-4.01642
-3.3556
-2.77795
-2.3008
-1.91618
-1.60906
-1.36373
-1.16667
-1.00708
-0.876623
-0.768946
-0.679237
-0.603831
-0.539915
-0.485314
-0.438329
-0.397616
-0.362105
-0.330931
-0.30339
-0.278906
-0.256999
-0.237267
-0.219373
-0.203028
-0.187985
-0.174031
-0.160981
-0.148669
-0.136952
-0.125699
-0.114795
-0.104131
-0.0936104
-0.0831413
-0.0726375
-0.0620168
-0.0511995
-0.0401078
-0.0286642
-0.0167908
-0.00440773
0.00856752
0.0222216
0.0366465
0.0519413
0.0682138
0.0855823
0.104178
0.124149
0.145662
0.168907
0.194102
0.221501
0.251401
0.28415
0.320163
0.359937
0.404071
0.453294
0.508503
0.570812
0.641615
0.722676
0.81625
0.925247
1.05346
1.20584
1.38893
1.61128
1.88395
2.22078
2.6378
3.15048
3.76662
4.46677
5.12952
5.46077
-7.17811
-6.00419
-4.75334
-3.7305
-2.93575
-2.33558
-1.8877
-1.5509
-1.29371
-1.09403
-0.936438
-0.810091
-0.707337
-0.622693
-0.552171
-0.492814
-0.442399
-0.399222
-0.361963
-0.329578
-0.301238
-0.276272
-0.254131
-0.234365
-0.216596
-0.200508
-0.185832
-0.172337
-0.159826
-0.148125
-0.137082
-0.126563
-0.116448
-0.106628
-0.0970044
-0.0874859
-0.0779877
-0.0684299
-0.0587362
-0.0488327
-0.0386473
-0.0281079
-0.0171423
-0.00567637
0.00636646
0.0190666
0.0325095
0.0467872
0.0619995
0.0782567
0.0956809
0.114409
0.134597
0.156421
0.180086
0.20583
0.233929
0.264713
0.298572
0.335977
0.3775
0.423842
0.47587
0.534675
0.601638
0.678539
0.767699
0.872197
0.996179
1.14533
1.32755
1.55403
1.84065
2.2101
2.69465
3.33685
4.18014
5.2564
6.56566
7.80734
-11.5602
-7.80266
-5.29305
-3.81998
-2.84175
-2.17227
-1.71134
-1.3844
-1.14417
-0.962296
-0.821112
-0.709141
-0.618724
-0.544597
-0.483042
-0.43136
-0.387548
-0.350089
-0.31781
-0.289794
-0.26531
-0.243768
-0.224688
-0.207671
-0.192388
-0.178559
-0.165947
-0.15435
-0.143591
-0.133518
-0.123996
-0.114905
-0.106138
-0.097598
-0.0891966
-0.0808523
-0.0724891
-0.064035
-0.0554216
-0.0465825
-0.0374526
-0.0279671
-0.018061
-0.00766764
0.00328186
0.0148597
0.0271427
0.0402131
0.0541605
0.0690832
0.0850905
0.102304
0.120863
0.140924
0.162669
0.186307
0.212086
0.240295
0.271282
0.305461
0.34334
0.385539
0.432829
0.486181
0.546831
0.616383
0.696947
0.791363
0.903533
1.03895
1.2056
1.41536
1.68652
2.04823
2.54903
3.266
4.30364
5.85007
8.44989
12.3182
-18.9699
-9.55625
-5.06813
-3.24737
-2.28437
-1.70021
-1.32932
-1.07806
-0.896638
-0.759556
-0.652631
-0.567216
-0.497719
-0.440348
-0.392422
-0.351986
-0.317571
-0.288057
-0.262567
-0.240406
-0.221018
-0.203947
-0.188818
-0.175321
-0.163193
-0.152211
-0.142185
-0.132949
-0.124361
-0.116294
-0.108638
-0.101292
-0.0941677
-0.0871827
-0.0802628
-0.0733389
-0.0663461
-0.0592232
-0.0519117
-0.0443545
-0.036496
-0.0282806
-0.0196524
-0.0105544
-0.00092763
0.00928954
0.0201624
0.0317608
0.0441604
0.0574441
0.0717031
0.0870395
0.103568
0.121418
0.140739
0.161702
0.184507
0.209389
0.236624
0.266543
0.299547
0.336121
0.376865
0.422528
0.474054
0.532659
0.599929
0.677978
0.769697
0.879155
1.01231
1.17829
1.39195
1.67955
2.09193
2.72595
3.7569
5.67364
10.2794
19.8164
)
;

boundaryField
{
    movingWall
    {
        type            zeroGradient;
    }
    fixedWalls
    {
        type            zeroGradient;
    }
    frontAndBack
    {
        type            empty;
    }
}


// ************************************************************************* //
