/*--------------------------------*- C++ -*----------------------------------*\
  =========                 |
  \\      /  F ield         | OpenFOAM: The Open Source CFD Toolbox
   \\    /   O peration     | Website:  https://openfoam.org
    \\  /    A nd           | Version:  7
     \\/     M anipulation  |
\*---------------------------------------------------------------------------*/
FoamFile
{
    version     2.0;
    format      ascii;
    class       volScalarField;
    location    "0.4";
    object      p;
}
// * * * * * * * * * * * * * * * * * * * * * * * * * * * * * * * * * * * * * //

dimensions      [0 2 -2 0 0 0 0];

internalField   nonuniform List<scalar> 
6400
(
5.80656e-06
2.26257e-05
-0.000483
-0.00151559
-0.00295785
-0.00469944
-0.00664012
-0.00869039
-0.0107729
-0.0128223
-0.0147833
-0.0166098
-0.0182635
-0.0197127
-0.0209314
-0.021899
-0.0225993
-0.0230201
-0.0231529
-0.0229924
-0.022536
-0.0217839
-0.0207384
-0.0194041
-0.0177876
-0.0158969
-0.0137421
-0.0113343
-0.00868632
-0.00581191
-0.00272609
0.000555081
0.00401462
0.00763467
0.0113966
0.0152809
0.0192677
0.0233363
0.0274658
0.0316345
0.0358206
0.0400022
0.0441569
0.0482625
0.0522967
0.0562376
0.0600631
0.063752
0.0672834
0.0706369
0.0737932
0.0767338
0.0794413
0.0818996
0.084094
0.0860116
0.0876412
0.0889736
0.0900017
0.090721
0.0911295
0.0912282
0.0910211
0.0905155
0.0897225
0.0886571
0.0873387
0.0857913
0.0840445
0.0821335
0.0800999
0.077993
0.0758701
0.0737984
0.0718555
0.0701299
0.0687185
0.0677255
0.0672577
0.0672954
-1.55961e-06
1.24916e-05
-0.000440832
-0.00132398
-0.00253774
-0.00400285
-0.00564345
-0.00738721
-0.00916882
-0.010931
-0.012624
-0.0142055
-0.0156393
-0.0168952
-0.017948
-0.0187773
-0.0193668
-0.0197042
-0.0197804
-0.0195892
-0.0191275
-0.0183943
-0.0173912
-0.0161216
-0.0145911
-0.0128067
-0.0107771
-0.00851256
-0.00602449
-0.00332559
-0.000429664
0.00264847
0.00589305
0.00928745
0.0128143
0.0164554
0.0201922
0.0240053
0.027875
0.0317811
0.0357032
0.0396207
0.0435128
0.0473586
0.0511373
0.0548284
0.0584116
0.0618668
0.0651748
0.0683169
0.071275
0.0740322
0.0765727
0.0788817
0.0809461
0.0827542
0.0842962
0.0855639
0.0865517
0.0872559
0.0876756
0.0878125
0.0876712
0.0872595
0.0865888
0.085674
0.0845341
0.0831925
0.0816773
0.0800218
0.0782647
0.0764512
0.0746327
0.0728676
0.0712212
0.069765
0.0685721
0.0677172
0.0672939
0.0673326
0.000505794
0.000467956
1.42616e-05
-0.000801473
-0.00189208
-0.00319424
-0.00464675
-0.00618953
-0.0077669
-0.00932885
-0.0108311
-0.012235
-0.0135072
-0.0146193
-0.0155475
-0.0162722
-0.0167774
-0.017051
-0.0170837
-0.0168691
-0.0164035
-0.0156857
-0.0147163
-0.0134982
-0.0120362
-0.0103364
-0.00840681
-0.00625664
-0.00389647
-0.00133803
0.00140583
0.00432126
0.00739352
0.010607
0.0139453
0.0173914
0.0209277
0.0245359
0.0281974
0.0318931
0.0356039
0.0393101
0.0429922
0.0466304
0.0502051
0.0536971
0.0570871
0.0603564
0.0634869
0.066461
0.069262
0.0718741
0.0742824
0.0764736
0.0784354
0.0801572
0.08163
0.0828469
0.0838027
0.0844946
0.0849223
0.0850879
0.0849963
0.0846556
0.0840769
0.0832747
0.0822675
0.0810776
0.0797313
0.0782598
0.0766988
0.0750891
0.0734767
0.0719126
0.0704527
0.0691562
0.0680825
0.0672916
0.0668691
0.0668665
0.00153905
0.00135417
0.000830632
1.15203e-05
-0.00103651
-0.00225988
-0.00360679
-0.00502651
-0.00647141
-0.00789795
-0.00926696
-0.0105437
-0.0116979
-0.0127034
-0.013538
-0.0141832
-0.014624
-0.0148486
-0.014848
-0.0146159
-0.0141484
-0.0134439
-0.0125028
-0.0113276
-0.00992226
-0.0082926
-0.00644579
-0.00439041
-0.00213628
0.00030562
0.00292325
0.00570357
0.00863268
0.0116958
0.0148775
0.0181615
0.0215312
0.0249693
0.028458
0.0319793
0.0355148
0.0390461
0.0425543
0.0460209
0.0494272
0.0527549
0.0559858
0.0591021
0.0620868
0.0649231
0.0675953
0.0700885
0.0723889
0.0744838
0.0763619
0.0780133
0.0794297
0.0806048
0.081534
0.082215
0.0826477
0.0828345
0.0827804
0.0824932
0.0819837
0.0812659
0.0803572
0.0792784
0.0780543
0.0767134
0.0752884
0.0738159
0.0723368
0.0708958
0.0695408
0.0683224
0.0672911
0.0664984
0.0660123
0.0658766
0.00298812
0.00257671
0.00192531
0.00105323
-2.27044e-06
-0.00119634
-0.00248506
-0.00382611
-0.00517927
-0.00650708
-0.00777536
-0.0089534
-0.010014
-0.0109336
-0.0116919
-0.0122719
-0.0126595
-0.0128437
-0.0128159
-0.01257
-0.0121023
-0.0114111
-0.0104965
-0.00936066
-0.00800722
-0.00644145
-0.00467
-0.00270085
-0.000543181
0.00179272
0.00429551
0.0069529
0.00975176
0.0126781
0.0157173
0.0188539
0.0220722
0.0253556
0.0286873
0.0320502
0.0354267
0.0387992
0.04215
0.0454612
0.0487153
0.0518945
0.0549817
0.0579602
0.0608134
0.0635257
0.0660822
0.0684687
0.0706723
0.0726808
0.0744838
0.0760719
0.0774375
0.0785747
0.0794794
0.0801494
0.0805849
0.0807883
0.0807646
0.0805211
0.0800681
0.0794187
0.0785892
0.077599
0.0764707
0.0752303
0.0739073
0.0725343
0.0711472
0.0697847
0.0684878
0.067299
0.0662615
0.0654191
0.0648128
0.0644651
0.00475096
0.00406264
0.00324017
0.00227485
0.00117052
-3.57354e-05
-0.00130668
-0.0026076
-0.00390496
-0.00516696
-0.00636414
-0.00746974
-0.0084598
-0.00931325
-0.0100119
-0.0105404
-0.0108858
-0.0110381
-0.0109893
-0.0107337
-0.0102677
-0.00958977
-0.0087
-0.00760026
-0.00629395
-0.00478596
-0.00308251
-0.00119106
0.000879745
0.00312021
0.00551963
0.00806639
0.010748
0.0135513
0.0164623
0.0194664
0.0225485
0.025693
0.0288837
0.0321044
0.0353383
0.0385687
0.0417785
0.0449508
0.0480687
0.0511155
0.0540747
0.0569303
0.0596666
0.0622688
0.0647226
0.0670145
0.0691322
0.0710643
0.0728007
0.0743326
0.075653
0.076756
0.077638
0.078297
0.0787331
0.0789486
0.0789482
0.0787388
0.0783299
0.0777339
0.0769654
0.0760424
0.0749854
0.0738178
0.0725659
0.0712583
0.0699265
0.0686036
0.0673245
0.0661242
0.0650399
0.0641083
0.063339
0.0627282
0.00673677
0.00574335
0.00472003
0.00362988
0.00244282
0.00118938
-9.8662e-05
-0.0013933
-0.00266699
-0.00389304
-0.0050464
-0.00610406
-0.00704519
-0.00785135
-0.00850646
-0.00899679
-0.00931093
-0.00943967
-0.00937589
-0.00911449
-0.00865224
-0.0079877
-0.00712107
-0.00605413
-0.00479014
-0.0033337
-0.00169071
0.000131762
0.00212555
0.00428146
0.00658933
0.00903814
0.011616
0.0143104
0.017108
0.0199949
0.0229567
0.0259785
0.0290448
0.0321401
0.0352484
0.0383537
0.0414395
0.0444898
0.0474883
0.0504191
0.0532663
0.0560146
0.058649
0.0611552
0.0635195
0.0657292
0.0677723
0.069638
0.0713166
0.0727997
0.0740803
0.0751532
0.0760146
0.0766625
0.0770971
0.0773204
0.0773365
0.0771519
0.0767753
0.076218
0.0754933
0.0746173
0.0736085
0.0724879
0.0712785
0.0700056
0.0686962
0.0673786
0.066082
0.0648353
0.0636704
0.0626181
0.0616559
0.0607527
0.00886622
0.0075543
0.00631108
0.00507298
0.00377713
0.00244878
0.00111534
-0.000200999
-0.00147798
-0.00269352
-0.00382661
-0.00485772
-0.00576905
-0.00654468
-0.00717065
-0.00763496
-0.00792762
-0.00804052
-0.00796743
-0.0077039
-0.00724716
-0.00659608
-0.00575102
-0.0047138
-0.00348759
-0.00207685
-0.000487224
0.00127454
0.00320064
0.0052823
0.00750984
0.00987275
0.0123597
0.0149587
0.017657
0.0204413
0.0232979
0.0262124
0.0291701
0.0321561
0.0351549
0.0381512
0.0411293
0.0440737
0.0469688
0.0497991
0.0525496
0.0552053
0.0577519
0.0601757
0.0624633
0.0646025
0.0665818
0.0683906
0.0700196
0.0714608
0.0727072
0.0737536
0.0745964
0.0752336
0.0756649
0.0758921
0.0759188
0.0757507
0.0753958
0.0748641
0.0741677
0.0733209
0.0723401
0.0712439
0.0700524
0.0687878
0.067473
0.0661321
0.0647892
0.0634679
0.0621962
0.0609998
0.0598249
0.0586148
0.0110724
0.00943803
0.00796385
0.00656161
0.00513752
0.00371276
0.00231136
0.000950539
-0.000352081
-0.00157849
-0.00271133
-0.00373432
-0.00463246
-0.00539227
-0.00600181
-0.00645085
-0.0067308
-0.00683474
-0.00675737
-0.00649496
-0.00604531
-0.00540765
-0.00458261
-0.00357213
-0.00237938
-0.00100875
0.000534279
0.00224319
0.00411047
0.0061277
0.0082856
0.0105741
0.0129823
0.0154987
0.0181112
0.0208069
0.0235726
0.0263946
0.0292588
0.0321506
0.0350554
0.0379583
0.0408442
0.043698
0.0465048
0.0492496
0.0519179
0.0544951
0.0569675
0.0593216
0.0615447
0.0636246
0.0655503
0.0673115
0.068899
0.0703048
0.0715223
0.0725462
0.0733726
0.0739994
0.0744262
0.0746541
0.0746862
0.0745275
0.0741849
0.0736674
0.0729856
0.0721524
0.0711821
0.0700908
0.0688963
0.0676175
0.0662741
0.0648864
0.063474
0.0620561
0.0606575
0.0593003
0.0579009
0.0563787
0.0132994
0.0113445
0.00963387
0.00805665
0.00649013
0.00495252
0.00346536
0.00204165
0.000695015
-0.00056012
-0.00170966
-0.00274027
-0.00363956
-0.0043963
-0.00500055
-0.00544374
-0.00571871
-0.00581971
-0.00574244
-0.00548393
-0.0050426
-0.00441813
-0.00361146
-0.00262472
-0.00146119
-0.000125239
0.00137774
0.00304138
0.00485841
0.00682067
0.00891922
0.0111443
0.0134856
0.0159318
0.0184713
0.0210919
0.0237806
0.0265244
0.0293094
0.0321219
0.0349475
0.0377719
0.0405804
0.0433585
0.0460917
0.0487654
0.0513654
0.0538778
0.056289
0.0585859
0.0607561
0.0627877
0.0646698
0.0663923
0.0679461
0.0693234
0.0705173
0.0715225
0.072335
0.0729524
0.0733737
0.0735997
0.0736329
0.0734774
0.0731392
0.072626
0.0719473
0.0711141
0.070139
0.0690361
0.0678207
0.0665089
0.0651176
0.0636637
0.0621632
0.0606314
0.059091
0.0575614
0.0559312
0.054098
0.0155004
0.0132301
0.0112815
0.00952243
0.00780345
0.00614068
0.0045539
0.00305262
0.00164701
0.000348392
-0.000832031
-0.00188356
-0.00279618
-0.00356079
-0.00416929
-0.00461474
-0.00489136
-0.00499459
-0.00492109
-0.00466873
-0.00423656
-0.00362475
-0.00283463
-0.00186858
-0.000730035
0.000576594
0.00204593
0.00367171
0.0054468
0.00736329
0.00941247
0.0115849
0.0138705
0.0162586
0.0187377
0.0212961
0.0239213
0.0266005
0.0293205
0.0320678
0.0348286
0.0375889
0.0403345
0.0430513
0.0457249
0.0483415
0.0508869
0.0533476
0.0557103
0.0579621
0.0600908
0.0620848
0.063933
0.0656257
0.0671537
0.068509
0.0696849
0.0706756
0.0714769
0.0720861
0.0725018
0.0727242
0.0727551
0.0725977
0.0722571
0.0717399
0.0710542
0.0702095
0.0692168
0.0680882
0.0668368
0.0654764
0.0640212
0.0624855
0.0608821
0.0592232
0.05753
0.0558202
0.0539567
0.0518168
0.0176361
0.0150574
0.0128715
0.0109267
0.00904836
0.00725139
0.0055544
0.00396397
0.00248737
0.00113323
-8.97666e-05
-0.00117328
-0.00210946
-0.00289113
-0.00351195
-0.0039665
-0.00425033
-0.00436005
-0.00429329
-0.00404873
-0.0036261
-0.00302611
-0.00225049
-0.00130194
-0.000184065
0.00109859
0.00254062
0.0041358
0.00587712
0.00775678
0.00976632
0.0118965
0.0141376
0.0164791
0.01891
0.0214188
0.0239934
0.0266215
0.02929
0.031986
0.0346959
0.0374062
0.0401029
0.0427722
0.0454002
0.0479731
0.0504772
0.0528991
0.0552257
0.0574443
0.0595427
0.0615095
0.0633337
0.0650053
0.0665153
0.0678555
0.0690189
0.0699996
0.070793
0.0713959
0.0718064
0.0720241
0.0720501
0.0718868
0.0715384
0.0710103
0.0703092
0.0694435
0.0684224
0.0672563
0.0659564
0.0645344
0.0630024
0.0613722
0.0596542
0.057858
0.0560041
0.0541093
0.0520124
0.0495716
0.019673
0.0167934
0.0143725
0.0122401
0.010198
0.00826037
0.00644517
0.0047566
0.00319948
0.00178014
0.000505056
-0.000619521
-0.00158768
-0.00239402
-0.00303381
-0.00350306
-0.00379863
-0.0039182
-0.00386039
-0.00362469
-0.0032115
-0.0026221
-0.00185865
-0.000924192
0.000177417
0.00144149
0.00286253
0.00443432
0.00614989
0.00800155
0.00998096
0.0120791
0.0142865
0.0165928
0.0189873
0.0214588
0.0239956
0.0265854
0.0292159
0.031874
0.0345466
0.0372204
0.0398819
0.0425173
0.0451131
0.0476557
0.0501314
0.0525271
0.0548298
0.0570269
0.0591062
0.0610562
0.062866
0.0645255
0.0660255
0.0673575
0.0685144
0.0694899
0.0702789
0.0708779
0.0712843
0.0714972
0.0715167
0.0713447
0.0709842
0.0704395
0.0697164
0.0688217
0.0677633
0.06655
0.0651914
0.0636972
0.0620778
0.0603431
0.0585014
0.0565603
0.0545401
0.0524573
0.0501281
0.047393
0.0215822
0.0184094
0.0157566
0.0134362
0.0112276
0.00914477
0.00720545
0.00541188
0.0037668
0.0022746
0.000939819
-0.000233123
-0.00124006
-0.0020772
-0.0027413
-0.00322973
-0.00354052
-0.00367245
-0.00362506
-0.00339865
-0.00299429
-0.00241383
-0.00165991
-0.000735911
0.000354016
0.00160499
0.00301142
0.004567
0.00626478
0.00809714
0.0100558
0.012132
0.0143162
0.0165984
0.0189682
0.0214145
0.0239258
0.0264902
0.0290954
0.0317288
0.0343775
0.0370283
0.0396679
0.0422829
0.0448597
0.0473849
0.0498451
0.0522271
0.0545179
0.056705
0.0587763
0.06072
0.0625252
0.0641815
0.0656796
0.0670107
0.0681673
0.0691428
0.0699317
0.0705297
0.0709339
0.0711425
0.071155
0.0709724
0.0705967
0.0700313
0.0692808
0.0683508
0.0672479
0.0659796
0.0645538
0.062979
0.0612637
0.0594165
0.057444
0.0553523
0.0531618
0.0508892
0.0483296
0.0453065
0.023339
0.01988
0.0169987
0.0144907
0.0121142
0.00988307
0.00781538
0.00591166
0.00417294
0.00260192
0.0012015
-2.55441e-05
-0.0010766
-0.00194934
-0.00264189
-0.00315285
-0.00348141
-0.00362736
-0.00359113
-0.0033738
-0.00297713
-0.00240355
-0.00165615
-0.000738713
0.000344318
0.00158784
0.00298609
0.00453269
0.00622065
0.00804235
0.0099896
0.0120537
0.0142252
0.0164943
0.0188508
0.0212836
0.0237816
0.0263331
0.0289259
0.0315475
0.0341853
0.0368263
0.0394572
0.0420648
0.0446357
0.0471565
0.0496138
0.0519944
0.0542855
0.0564742
0.0585485
0.0604964
0.0623068
0.0639692
0.0654738
0.0668115
0.0679746
0.0689558
0.0697492
0.0703499
0.0707544
0.0709601
0.0709659
0.0707719
0.0703791
0.06979
0.0690081
0.068038
0.066885
0.0655554
0.0640559
0.0623935
0.0605758
0.0586097
0.0565009
0.0542542
0.0518907
0.0494274
0.0466393
0.0433338
0.0249211
0.0211824
0.018076
0.0153813
0.0128362
0.0104549
0.00825589
0.00623829
0.00440168
0.00274735
0.00127676
-8.74939e-06
-0.00110796
-0.0020199
-0.00274391
-0.00327977
-0.00362773
-0.00378853
-0.00376348
-0.00355443
-0.00316378
-0.00259454
-0.00185029
-0.000935204
0.000145954
0.00138783
0.00278448
0.0043294
0.00601551
0.0078352
0.00978028
0.011842
0.0140113
0.0162782
0.0186326
0.0210637
0.0235604
0.0261112
0.0287041
0.0313268
0.0339666
0.0366108
0.0392461
0.0418594
0.0444373
0.0469664
0.0494334
0.0518251
0.0541283
0.0563303
0.0584188
0.0603816
0.0622073
0.0638851
0.0654049
0.0667573
0.0679338
0.0689269
0.0697301
0.0703379
0.0707459
0.0709511
0.0709515
0.0707461
0.0703355
0.0697209
0.068905
0.0678912
0.0666839
0.0652882
0.0637098
0.0619547
0.0600291
0.0579393
0.0556898
0.0532848
0.0507461
0.0480916
0.0450768
0.0414936
0.0263088
0.0222959
0.0189675
0.0160874
0.0133736
0.0108411
0.00850864
0.00637451
0.00443697
0.00269607
0.00115201
-0.000195133
-0.0013454
-0.00229902
-0.00305649
-0.00361867
-0.00398679
-0.00416253
-0.00414799
-0.00394577
-0.00355894
-0.00299105
-0.00224619
-0.00132892
-0.000244343
0.0010019
0.00240368
0.00395433
0.00564667
0.00747302
0.00942517
0.0114944
0.0136716
0.0159471
0.0183106
0.0207516
0.023259
0.0258213
0.0284268
0.0310631
0.0337178
0.036378
0.0390306
0.0416626
0.0442604
0.0468106
0.0493
0.051715
0.0540425
0.0562695
0.0583835
0.060372
0.0622234
0.0639264
0.0654705
0.0668458
0.0680434
0.0690552
0.0698741
0.070494
0.0709097
0.0711175
0.0711145
0.0708991
0.0704708
0.0698301
0.0689785
0.0679188
0.0666542
0.065189
0.0635278
0.0616757
0.0596383
0.057421
0.0550275
0.0524614
0.0497458
0.0468998
0.0436597
0.0398023
0.0274838
0.0232014
0.0196538
0.0165894
0.0137072
0.0110229
0.00855585
0.00630346
0.00426291
0.00243321
0.000813432
-0.000597472
-0.00180067
-0.00279749
-0.00358949
-0.00417853
-0.00456677
-0.00475676
-0.0047514
-0.00455398
-0.00416823
-0.00359824
-0.00284859
-0.00192425
-0.000830686
0.000426197
0.00184002
0.00340395
0.00511068
0.00695243
0.00892095
0.0110075
0.013203
0.0154977
0.0178815
0.0203438
0.0228737
0.0254597
0.0280901
0.0307527
0.0334349
0.036124
0.0388069
0.0414703
0.0441009
0.0466852
0.0492095
0.0516603
0.0540244
0.0562883
0.0584393
0.0604647
0.0623524
0.0640907
0.0656686
0.0670757
0.0683026
0.0693405
0.0701816
0.0708193
0.0712476
0.0714619
0.0714586
0.0712353
0.0707905
0.0701241
0.0692366
0.0681297
0.0668061
0.0652689
0.0635221
0.0615702
0.0594178
0.0570699
0.0545297
0.0518005
0.0489066
0.0458684
0.0424037
0.0382744
0.0284292
0.0238809
0.0201164
0.016869
0.0138189
0.0109825
0.00838021
0.00600852
0.00386369
0.0019438
0.000246966
-0.00122891
-0.002486
-0.00352664
-0.00435339
-0.00496902
-0.0053766
-0.00557947
-0.0055813
-0.00538607
-0.00499812
-0.00442211
-0.00366307
-0.00272643
-0.00161798
-0.000343947
0.00108906
0.002674
0.00440341
0.00626941
0.00826366
0.0103774
0.0126014
0.0149261
0.0173413
0.0198365
0.0224006
0.0250224
0.0276901
0.0303914
0.0331139
0.0358447
0.0385708
0.0412787
0.043955
0.0465861
0.0491581
0.0516575
0.0540704
0.0563835
0.0585833
0.060657
0.062592
0.0643761
0.0659978
0.0674461
0.068711
0.069783
0.0706537
0.0713155
0.071762
0.0719877
0.0719881
0.07176
0.0713011
0.0706103
0.0696874
0.0685334
0.0671499
0.0655394
0.0637053
0.0616513
0.0593817
0.0569009
0.0542119
0.0513177
0.048244
0.0450127
0.0413235
0.0369234
0.0291288
0.0243174
0.0203378
0.0169083
0.0136908
0.0107025
0.00796474
0.00547325
0.00322352
0.00121281
-0.000561675
-0.00210293
-0.00341407
-0.00449838
-0.00535931
-0.00600053
-0.00642593
-0.00663964
-0.00664605
-0.00644982
-0.00605588
-0.00546944
-0.00469601
-0.00374144
-0.0026119
-0.00131391
0.000145654
0.00175953
0.00352009
0.0054193
0.00744875
0.00959958
0.0118625
0.0142279
0.0166857
0.0192251
0.0218354
0.0245051
0.0272223
0.0299749
0.0327504
0.0355358
0.038318
0.0410834
0.0438185
0.0465094
0.0491422
0.0517028
0.0541773
0.0565519
0.0588127
0.0609465
0.0629402
0.0647811
0.0664571
0.0679566
0.0692688
0.0703836
0.0712918
0.0719852
0.0724564
0.0726991
0.0727081
0.0724793
0.0720094
0.0712967
0.07034
0.0691396
0.0676965
0.0660124
0.06409
0.0619326
0.0595441
0.0569287
0.054089
0.051028
0.0477731
0.0443476
0.0404331
0.0357618
0.0295671
0.0244944
0.0203009
0.0166902
0.0133058
0.0101658
0.00729261
0.00468128
0.00232656
0.000224977
-0.00162706
-0.0032334
-0.00459803
-0.00572511
-0.00661894
-0.00728404
-0.00772508
-0.00794695
-0.00795474
-0.00775375
-0.0073495
-0.00674775
-0.0059545
-0.004976
-0.0038188
-0.00248975
-0.000995999
0.000654963
0.00245532
0.00439688
0.00647111
0.00866905
0.0109814
0.0133984
0.0159098
0.0185051
0.0211734
0.023903
0.0266822
0.0294987
0.0323399
0.0351929
0.0380442
0.0408803
0.0436874
0.0464513
0.0491578
0.0517928
0.0543418
0.0567906
0.059125
0.0613312
0.0633954
0.0653046
0.0670459
0.0686072
0.0699767
0.0711438
0.0720984
0.0728314
0.0733346
0.0736009
0.0736243
0.0733996
0.072923
0.0721917
0.0712039
0.0699589
0.0684572
0.0666999
0.0646891
0.0624277
0.0599192
0.0571677
0.0541758
0.0509464
0.0475086
0.0438873
0.0397459
0.0348019
0.0297288
0.0243957
0.019989
0.0161976
0.0126467
0.00935545
0.00634706
0.00361617
0.00115683
-0.00103514
-0.00296405
-0.00463456
-0.00605148
-0.00721977
-0.00814457
-0.00883117
-0.00928503
-0.00951176
-0.00951713
-0.00930707
-0.00888769
-0.00826528
-0.00744631
-0.00643748
-0.00524571
-0.00387818
-0.00234233
-0.000645884
0.00120313
0.00319635
0.0053251
0.00758033
0.00995259
0.0124321
0.0150085
0.0176713
0.0204094
0.0232111
0.0260648
0.0289579
0.0318777
0.0348112
0.0377449
0.0406649
0.0435572
0.0464075
0.0492013
0.0519239
0.0545606
0.0570968
0.0595177
0.061809
0.0639563
0.0659458
0.0677641
0.0693983
0.070836
0.0720655
0.073076
0.0738575
0.074401
0.0746985
0.0747429
0.0745283
0.0740501
0.0733045
0.072289
0.0710022
0.0694438
0.0676145
0.0655159
0.0631504
0.0605214
0.0576329
0.0544873
0.0510877
0.047465
0.0436458
0.0392752
0.0340556
0.0295987
0.0240054
0.0193857
0.0154138
0.0116966
0.00825438
0.00511125
0.00226137
-0.000301875
-0.00258329
-0.00458789
-0.00632109
-0.00778848
-0.0089958
-0.00994899
-0.0106541
-0.0111174
-0.011345
-0.0113436
-0.0111196
-0.0106798
-0.0100309
-0.00917987
-0.0081339
-0.00690027
-0.0054865
-0.00390034
-0.00214975
-0.000242987
0.00181142
0.00400462
0.00632743
0.00877031
0.0113233
0.0139762
0.0167181
0.019538
0.0224242
0.0253648
0.0283472
0.0313587
0.0343859
0.0374152
0.0404327
0.0434239
0.0463742
0.0492688
0.0520928
0.0548308
0.0574678
0.0599886
0.0623782
0.0646215
0.0667041
0.0686118
0.0703309
0.0718481
0.073151
0.0742279
0.0750677
0.0756607
0.0759976
0.0760708
0.0758733
0.0753994
0.0746448
0.073606
0.072281
0.0706688
0.0687694
0.0665842
0.0641151
0.0613655
0.0583391
0.0550385
0.051467
0.0476572
0.0436375
0.0390345
0.0335352
0.0291614
0.0233072
0.0184742
0.0143217
0.0104384
0.00684551
0.00356818
0.000600085
-0.00206602
-0.00443554
-0.00651419
-0.00830808
-0.00982357
-0.0110672
-0.0120456
-0.0127656
-0.0132342
-0.0134584
-0.0134452
-0.0132019
-0.0127357
-0.012054
-0.0111642
-0.0100738
-0.00879069
-0.00732258
-0.00567756
-0.00386388
-0.00189002
0.000235307
0.00250308
0.00490396
0.0074283
0.0100661
0.0128068
0.0156397
0.0185535
0.0215366
0.0245767
0.0276614
0.0307776
0.0339119
0.0370504
0.0401789
0.0432827
0.046347
0.0493565
0.0522958
0.0551492
0.0579011
0.0605356
0.0630371
0.0653901
0.0675792
0.0695893
0.0714059
0.073015
0.0744032
0.0755576
0.0764666
0.077119
0.0775049
0.0776155
0.0774428
0.0769805
0.076223
0.0751663
0.0738075
0.072145
0.0701783
0.0679083
0.0653367
0.0624666
0.0593019
0.055845
0.0520997
0.0481003
0.043877
0.0390374
0.0332532
0.0284014
0.0222849
0.0172376
0.0129042
0.00885476
0.00511143
0.00170053
-0.00138482
-0.00415247
-0.0066084
-0.008759
-0.0106111
-0.0121718
-0.0134484
-0.0144483
-0.0151791
-0.0156484
-0.015864
-0.0158336
-0.015565
-0.0150661
-0.0143447
-0.0134088
-0.0122665
-0.0109257
-0.00939476
-0.00768203
-0.005796
-0.00374541
-0.00153917
0.000813509
0.00330315
0.00591996
0.00865378
0.0114941
0.0144299
0.0174499
0.0205423
0.0236948
0.0268948
0.030129
0.0333838
0.0366452
0.0398987
0.0431293
0.0463217
0.0494604
0.0525294
0.0555126
0.0583938
0.0611565
0.0637844
0.0662612
0.0685707
0.0706971
0.0726248
0.074339
0.0758251
0.0770694
0.0780591
0.0787821
0.0792274
0.079385
0.0792461
0.0788033
0.0780502
0.0769818
0.0755945
0.0738861
0.0718556
0.0695032
0.0668306
0.0638407
0.0605373
0.0569231
0.0530018
0.0488099
0.0443795
0.0392986
0.0332229
0.0273025
0.0209215
0.0156588
0.0111437
0.00692788
0.00303438
-0.000509433
-0.00371091
-0.00657851
-0.00911883
-0.0113389
-0.0132463
-0.0148488
-0.0161545
-0.0171716
-0.0179084
-0.0183732
-0.0185745
-0.0185208
-0.0182204
-0.0176818
-0.0169135
-0.0159238
-0.0147213
-0.0133145
-0.0117119
-0.00992217
-0.00795423
-0.00581698
-0.00351959
-0.00107142
0.00151788
0.00423836
0.00707974
0.0100314
0.0130822
0.0162208
0.0194352
0.0227131
0.0260415
0.0294072
0.0327963
0.0361946
0.0395871
0.0429588
0.0462939
0.0495765
0.05279
0.055918
0.0589434
0.0618493
0.0646185
0.067234
0.0696787
0.071936
0.0739892
0.0758224
0.0774202
0.0787676
0.0798508
0.0806565
0.0811726
0.081388
0.0812929
0.0808786
0.0801381
0.0790652
0.0776558
0.0759067
0.0738164
0.0713849
0.0686133
0.0655045
0.0620624
0.0582897
0.0541903
0.0498028
0.0451611
0.0398332
0.0334584
0.0258481
0.0191999
0.0137199
0.00902218
0.00463959
0.000596061
-0.00307993
-0.00639626
-0.009362
-0.0119843
-0.014271
-0.0162303
-0.0178707
-0.0192011
-0.0202305
-0.0209679
-0.0214225
-0.0216033
-0.0215196
-0.0211803
-0.0205946
-0.0197714
-0.0187197
-0.0174485
-0.0159666
-0.014283
-0.0124068
-0.010347
-0.00811292
-0.00571383
-0.00315934
-0.000459275
0.00237629
0.00533694
0.00841191
0.01159
0.0148597
0.018209
0.0216253
0.0250956
0.0286064
0.0321437
0.0356929
0.039239
0.0427664
0.0462591
0.0497005
0.0530739
0.056362
0.0595472
0.0626118
0.065538
0.0683078
0.0709034
0.0733069
0.0755009
0.0774682
0.0791922
0.0806571
0.0818474
0.082749
0.0833485
0.0836336
0.0835933
0.0832179
0.0824991
0.0814301
0.0800057
0.078222
0.076077
0.07357
0.0707021
0.0674757
0.063895
0.0599626
0.0556829
0.0510963
0.0462387
0.0406574
0.0339749
0.024021
0.0171022
0.0114026
0.00652102
0.00197104
-0.00222241
-0.00602982
-0.00945957
-0.0125214
-0.0152231
-0.0175731
-0.0195803
-0.0212542
-0.0226044
-0.0236406
-0.0243727
-0.0248106
-0.0249641
-0.0248431
-0.0244573
-0.0238164
-0.0229299
-0.0218075
-0.0204584
-0.0188921
-0.0171178
-0.0151451
-0.0129832
-0.0106416
-0.00813003
-0.00545813
-0.00263593
0.000326347
0.00341815
0.00662861
0.00994644
0.01336
0.016857
0.020425
0.0240507
0.0277205
0.0314201
0.0351347
0.038849
0.0425471
0.0462125
0.0498284
0.0533773
0.0568414
0.0602024
0.0634421
0.0665416
0.0694821
0.0722448
0.0748109
0.0771618
0.0792792
0.0811453
0.0827429
0.0840554
0.0850673
0.085764
0.0861318
0.0861585
0.0858333
0.0851467
0.0840909
0.0826596
0.0808483
0.0786543
0.0760763
0.0731151
0.0697731
0.0660541
0.0619611
0.0574986
0.0527091
0.0476305
0.0417887
0.0347887
0.021803
0.0146095
0.0086878
0.0036208
-0.00109731
-0.00544066
-0.00937866
-0.0129203
-0.0160758
-0.0188539
-0.0212635
-0.0233144
-0.0250169
-0.0263813
-0.0274183
-0.0281385
-0.0285526
-0.0286712
-0.028505
-0.0280643
-0.0273596
-0.0264009
-0.0251983
-0.0237618
-0.0221011
-0.0202261
-0.0181463
-0.0158717
-0.0134118
-0.0107765
-0.00797581
-0.00501986
-0.00191902
0.00131604
0.00467433
0.00814448
0.0117147
0.0153727
0.0191058
0.0229007
0.0267434
0.0306197
0.0345143
0.0384118
0.0422958
0.0461495
0.0499557
0.0536962
0.0573528
0.0609064
0.0643379
0.0676277
0.0707561
0.0737032
0.0764491
0.0789741
0.0812587
0.0832836
0.0850305
0.0864814
0.0876192
0.088428
0.0888929
0.0890002
0.0887378
0.0880949
0.0870627
0.0856338
0.0838029
0.0815665
0.0789228
0.0758721
0.0724165
0.0685601
0.0643055
0.0596576
0.0546612
0.0493562
0.043246
0.0359176
0.0191753
0.0117025
0.00555549
0.000301277
-0.00458587
-0.00907913
-0.0131469
-0.0167986
-0.0200453
-0.0228963
-0.0253614
-0.0274512
-0.0291767
-0.0305492
-0.0315803
-0.0322813
-0.0326639
-0.0327395
-0.0325195
-0.032015
-0.031237
-0.0301964
-0.0289038
-0.0273696
-0.0256042
-0.0236176
-0.0214201
-0.0190215
-0.016432
-0.0136616
-0.0107205
-0.0076189
-0.00436742
-0.00097679
0.00254188
0.00617713
0.00991708
0.0137494
0.0176612
0.0216391
0.025669
0.0297364
0.033826
0.0379219
0.0420074
0.0460654
0.0500781
0.0540269
0.0578928
0.0616563
0.0652972
0.0687951
0.0721294
0.075279
0.0782229
0.0809402
0.08341
0.0856119
0.0875258
0.0891324
0.0904131
0.0913505
0.0919281
0.0921308
0.091945
0.0913588
0.0903618
0.0889458
0.0871044
0.0848332
0.0821297
0.0789939
0.0754275
0.0714345
0.0670176
0.0621819
0.0569743
0.0514368
0.0450496
0.037381
0.016118
0.00836054
0.00198476
-0.00345874
-0.00851599
-0.0131592
-0.0173557
-0.0211156
-0.0244507
-0.0273709
-0.0298869
-0.0320101
-0.0337525
-0.0351264
-0.036144
-0.0368179
-0.0371605
-0.0371842
-0.036901
-0.0363229
-0.0354617
-0.0343289
-0.0329357
-0.0312931
-0.0294119
-0.0273027
-0.0249759
-0.022442
-0.0197112
-0.0167938
-0.0137002
-0.0104409
-0.00702639
-0.00346768
0.000224103
0.00403742
0.00796031
0.0119804
0.0160846
0.0202596
0.0244911
0.0287644
0.033064
0.0373738
0.0416767
0.0459552
0.0501911
0.0543653
0.0584581
0.0624492
0.0663177
0.0700423
0.0736013
0.0769724
0.0801336
0.0830625
0.085737
0.0881349
0.0902349
0.092016
0.0934579
0.0945416
0.095249
0.0955634
0.0954696
0.0949543
0.0940057
0.0926142
0.0907724
0.0884749
0.0857187
0.0825029
0.078829
0.0747008
0.0701211
0.065095
0.0596717
0.0538953
0.0472219
0.0392002
0.0126101
0.00456213
-0.0020464
-0.00768153
-0.0129101
-0.0177034
-0.0220276
-0.0258935
-0.0293137
-0.0322989
-0.0348607
-0.0370114
-0.038764
-0.0401316
-0.0411277
-0.0417658
-0.0420591
-0.042021
-0.0416644
-0.0410023
-0.0400471
-0.038811
-0.0373059
-0.0355434
-0.0335348
-0.0312912
-0.0288234
-0.0261421
-0.0232579
-0.0201813
-0.016923
-0.0134934
-0.00990335
-0.00616381
-0.002286
0.0017185
0.00583769
0.0100591
0.0143697
0.0187559
0.0232036
0.0276977
0.0322226
0.0367619
0.0412985
0.0458142
0.0502903
0.0547074
0.059045
0.0632822
0.0673973
0.0713679
0.0751712
0.0787839
0.0821826
0.0853436
0.0882432
0.0908578
0.0931643
0.09514
0.096763
0.0980123
0.0988682
0.0993121
0.0993272
0.0988985
0.0980127
0.0966588
0.0948281
0.0925141
0.089713
0.0864231
0.0826457
0.0783842
0.0736413
0.0684223
0.0627787
0.0567567
0.0497871
0.0413983
0.00862955
0.000284488
-0.0065612
-0.0123906
-0.0177919
-0.0227353
-0.0271861
-0.0311556
-0.0346574
-0.0377029
-0.0403048
-0.0424763
-0.0442315
-0.0455846
-0.0465502
-0.0471426
-0.0473765
-0.047266
-0.0468251
-0.0460676
-0.0450067
-0.0436555
-0.0420265
-0.0401319
-0.0379836
-0.0355932
-0.0329718
-0.0301307
-0.0270806
-0.0238323
-0.0203964
-0.0167839
-0.0130054
-0.00907209
-0.00499514
-0.000786179
0.0035428
0.0079793
0.0125103
0.0171221
0.0218005
0.0265305
0.0312962
0.0360811
0.0408676
0.0456374
0.0503713
0.0550492
0.0596502
0.0641526
0.0685337
0.0727704
0.0768386
0.0807139
0.0843714
0.0877861
0.0909326
0.0937858
0.0963206
0.0985127
0.100338
0.101774
0.102799
0.103392
0.103534
0.103209
0.102402
0.101101
0.0992939
0.0969745
0.0941375
0.0907805
0.0869042
0.0825118
0.0776058
0.0721914
0.0663226
0.0600479
0.0527715
0.0440007
0.00415297
-0.00449644
-0.0115842
-0.0176107
-0.0231862
-0.0282799
-0.0328559
-0.0369264
-0.0405057
-0.0436064
-0.0462419
-0.0484269
-0.0501763
-0.0515057
-0.0524307
-0.0529671
-0.0531303
-0.0529358
-0.0523985
-0.0515332
-0.0503541
-0.0488749
-0.0471091
-0.0450695
-0.0427685
-0.0402183
-0.0374304
-0.0344164
-0.0311873
-0.0277542
-0.0241279
-0.0203193
-0.0163393
-0.012199
-0.00790965
-0.00348279
0.00106957
0.00573501
0.0105005
0.0153524
0.0202763
0.0252573
0.0302794
0.0353259
0.040379
0.0454201
0.0504295
0.0553867
0.0602702
0.0650573
0.0697248
0.0742483
0.0786029
0.0827627
0.0867016
0.0903928
0.0938094
0.0969244
0.099711
0.102143
0.104194
0.105839
0.107054
0.107818
0.108108
0.107906
0.107196
0.105963
0.104194
0.101882
0.0990191
0.095603
0.0916334
0.0871131
0.0820443
0.0764323
0.0703334
0.0637984
0.0562039
0.0470352
-0.000844346
-0.00980614
-0.0171413
-0.0233683
-0.0291196
-0.0343637
-0.0390634
-0.0432317
-0.0468841
-0.0500341
-0.0526962
-0.0548863
-0.0566207
-0.0579161
-0.0587896
-0.0592581
-0.0593384
-0.0590471
-0.0584003
-0.0574138
-0.0561028
-0.0544821
-0.0525656
-0.0503671
-0.0478997
-0.0451758
-0.0422078
-0.0390072
-0.0355856
-0.0319543
-0.0281241
-0.0241061
-0.0199112
-0.0155505
-0.0110353
-0.00637698
-0.00158751
0.00332075
0.00833488
0.0134413
0.0186257
0.023873
0.0291672
0.0344915
0.039828
0.0451578
0.0504609
0.0557161
0.0609014
0.0659936
0.0709683
0.0758004
0.0804636
0.0849309
0.0891746
0.0931664
0.0968776
0.100279
0.103343
0.106039
0.108341
0.11022
0.11165
0.112607
0.113067
0.11301
0.112416
0.111269
0.109555
0.107263
0.104387
0.100921
0.0968643
0.0922199
0.0869892
0.0811774
0.0748435
0.0680405
0.0601159
0.050532
-0.00638862
-0.0156717
-0.0232603
-0.0296912
-0.0356202
-0.0410147
-0.0458363
-0.0500991
-0.0538195
-0.0570122
-0.0596929
-0.0618788
-0.0635878
-0.0648379
-0.0656476
-0.0660352
-0.0660191
-0.065617
-0.0648463
-0.0637241
-0.0622665
-0.0604892
-0.0584073
-0.0560352
-0.0533866
-0.0504746
-0.0473119
-0.0439106
-0.0402824
-0.0364389
-0.032391
-0.0281499
-0.0237265
-0.0191318
-0.0143771
-0.00947367
-0.00443333
0.00073171
0.00600867
0.0113841
0.0168438
0.0223727
0.0279548
0.0335733
0.0392101
0.0448462
0.0504612
0.0560336
0.0615407
0.0669586
0.0722621
0.0774251
0.0824201
0.0872189
0.0917922
0.0961099
0.100142
0.103856
0.107223
0.110211
0.11279
0.114929
0.116601
0.117777
0.118432
0.118542
0.118086
0.117045
0.115403
0.113149
0.110271
0.106766
0.102631
0.0978666
0.0924755
0.0864623
0.0798883
0.0728091
0.0645418
0.0545245
-0.0125077
-0.0221219
-0.0299706
-0.0366093
-0.042718
-0.0482628
-0.0532044
-0.0575576
-0.0613403
-0.0645682
-0.0672585
-0.06943
-0.0711018
-0.0722939
-0.0730261
-0.0733186
-0.073191
-0.0726627
-0.0717525
-0.0704785
-0.0688582
-0.0669085
-0.0646452
-0.0620836
-0.0592381
-0.0561226
-0.0527501
-0.0491331
-0.0452837
-0.0412135
-0.0369337
-0.0324555
-0.0277897
-0.0229472
-0.0179393
-0.0127769
-0.0074719
-0.00203612
0.00351782
0.00917669
0.0149265
0.0207522
0.0266381
0.0325671
0.0385213
0.0444814
0.0504268
0.0563357
0.0621848
0.0679496
0.0736041
0.0791211
0.084472
0.0896273
0.094556
0.0992264
0.103606
0.107662
0.111361
0.114669
0.117554
0.119982
0.121923
0.123346
0.124223
0.124526
0.124232
0.123319
0.12177
0.11957
0.116707
0.113174
0.108969
0.104091
0.0985415
0.0923254
0.0855065
0.0781426
0.0695192
0.0590491
-0.0192313
-0.0291876
-0.0373037
-0.0441546
-0.0504449
-0.05614
-0.0611991
-0.0656384
-0.0694767
-0.0727314
-0.0754212
-0.0775663
-0.079188
-0.0803078
-0.0809475
-0.0811288
-0.0808732
-0.0802017
-0.0791345
-0.0776914
-0.075891
-0.0737514
-0.0712894
-0.0685213
-0.0654624
-0.0621269
-0.0585285
-0.0546802
-0.0505943
-0.0462825
-0.0417561
-0.0370264
-0.032104
-0.0269999
-0.0217248
-0.0162898
-0.0107062
-0.00498579
0.000859236
0.0068159
0.0128705
0.0190082
0.0252135
0.0314694
0.0377579
0.0440598
0.0503543
0.0566192
0.062831
0.0689643
0.0749924
0.0808872
0.0866189
0.0921566
0.0974677
0.102519
0.107275
0.111702
0.115763
0.119422
0.122644
0.125393
0.127634
0.129334
0.130461
0.130986
0.13088
0.130121
0.128687
0.126561
0.12373
0.120183
0.115918
0.110933
0.105229
0.0988087
0.09174
0.0840829
0.0750892
0.0641456
-0.0265911
-0.0369016
-0.0452934
-0.0523611
-0.0588355
-0.0646805
-0.0698544
-0.0743744
-0.0782609
-0.0815327
-0.0842104
-0.0863161
-0.0878729
-0.0889045
-0.0894345
-0.0894869
-0.0890848
-0.0882512
-0.0870081
-0.0853766
-0.0833771
-0.0810286
-0.0783494
-0.0753566
-0.0720662
-0.0684934
-0.0646523
-0.0605562
-0.0562177
-0.0516487
-0.0468608
-0.0418648
-0.0366715
-0.0312915
-0.0257355
-0.020014
-0.0141381
-0.00811914
-0.00196906
0.00429959
0.0106734
0.0171382
0.0236783
0.0302773
0.0369171
0.0435786
0.0502408
0.0568815
0.0634765
0.0700003
0.0764252
0.0827222
0.0888604
0.0948074
0.100529
0.10599
0.111154
0.115983
0.120439
0.124482
0.128074
0.131177
0.133751
0.135761
0.137171
0.137948
0.138061
0.137482
0.136189
0.134159
0.131379
0.127835
0.123522
0.118438
0.112582
0.105958
0.098635
0.0906758
0.0812969
0.0698576
-0.0346209
-0.0452994
-0.0539759
-0.0612658
-0.0679266
-0.0739211
-0.0792065
-0.0838011
-0.0877272
-0.0910051
-0.0936576
-0.0957088
-0.0971841
-0.0981094
-0.0985107
-0.0984142
-0.0978452
-0.0968286
-0.0953884
-0.0935476
-0.0913279
-0.0887501
-0.0858335
-0.0825962
-0.0790553
-0.0752266
-0.0711248
-0.0667636
-0.0621558
-0.0573137
-0.0522485
-0.0469712
-0.0414924
-0.0358224
-0.0299713
-0.0239496
-0.0177677
-0.0114366
-0.00496774
0.00162689
0.00833433
0.0151407
0.022031
0.0289889
0.0359968
0.0430354
0.050084
0.0571201
0.0641194
0.0710557
0.077901
0.0846252
0.0911962
0.0975804
0.103742
0.109644
0.115247
0.120511
0.125396
0.129858
0.133857
0.137349
0.140294
0.142649
0.144377
0.145441
0.145804
0.145437
0.144312
0.142404
0.139696
0.136173
0.131827
0.126654
0.120652
0.113824
0.106242
0.0979713
0.0881914
0.0762329
-0.0433573
-0.0544191
-0.0633905
-0.0709084
-0.0777582
-0.0839016
-0.0892945
-0.0939568
-0.0979123
-0.101184
-0.103796
-0.105776
-0.10715
-0.107949
-0.1082
-0.107932
-0.107174
-0.105951
-0.10429
-0.102217
-0.0997542
-0.0969245
-0.0937485
-0.0902456
-0.0864336
-0.0823292
-0.0779477
-0.0733032
-0.0684088
-0.0632767
-0.0579183
-0.0523444
-0.0465652
-0.0405907
-0.0344307
-0.0280951
-0.0215938
-0.0149371
-0.0081359
-0.00120165
0.00585331
0.0130157
0.020271
0.0276034
0.0349957
0.0424288
0.0498822
0.0573334
0.0647579
0.0721291
0.0794186
0.0865953
0.0936263
0.100476
0.107108
0.113483
0.119559
0.125294
0.130643
0.135563
0.140006
0.143927
0.147281
0.150021
0.152106
0.153493
0.154143
0.154022
0.153096
0.151339
0.148728
0.145247
0.140884
0.135633
0.129492
0.122461
0.114616
0.106024
0.0958269
0.0833239
-0.0528395
-0.0643018
-0.0735798
-0.0813321
-0.0883737
-0.0946649
-0.100161
-0.104882
-0.108856
-0.112106
-0.114661
-0.116549
-0.117802
-0.118451
-0.118528
-0.118064
-0.117089
-0.115634
-0.113728
-0.111396
-0.108665
-0.105559
-0.1021
-0.0983083
-0.0942032
-0.089802
-0.0851207
-0.0801737
-0.0749744
-0.069535
-0.0638669
-0.0579805
-0.051886
-0.0455927
-0.0391099
-0.0324468
-0.0256128
-0.0186175
-0.0114709
-0.00418378
0.0032322
0.0107645
0.0183992
0.0261212
0.0339138
0.0417584
0.0496347
0.0575203
0.0653908
0.0732194
0.080977
0.088632
0.0961506
0.103496
0.11063
0.11751
0.124094
0.130337
0.13619
0.141606
0.146535
0.150927
0.154732
0.157901
0.160384
0.162136
0.163114
0.163275
0.162584
0.16101
0.158525
0.155109
0.150748
0.145434
0.13916
0.131929
0.123817
0.114895
0.104263
0.091188
-0.0631099
-0.0749925
-0.0845899
-0.0925838
-0.0998202
-0.106258
-0.111851
-0.116622
-0.1206
-0.123813
-0.12629
-0.128065
-0.129171
-0.129644
-0.129519
-0.12883
-0.127611
-0.125895
-0.123714
-0.121096
-0.118069
-0.114659
-0.110891
-0.106786
-0.102364
-0.0976433
-0.0926407
-0.0873711
-0.0818478
-0.0760832
-0.0700884
-0.0638737
-0.0574486
-0.050822
-0.0440026
-0.0369988
-0.0298192
-0.0224725
-0.0149679
-0.0073153
0.000474577
0.00839
0.016418
0.0245441
0.0327524
0.0410249
0.0493417
0.0576808
0.0660178
0.074326
0.0825758
0.0907352
0.0987692
0.10664
0.114308
0.121729
0.128858
0.135647
0.142045
0.148
0.153459
0.158367
0.16267
0.166312
0.169241
0.171404
0.172752
0.173239
0.172823
0.171467
0.16914
0.165816
0.161479
0.156117
0.149722
0.142294
0.133912
0.12465
0.113564
0.0998882
-0.0742148
-0.0865401
-0.0964715
-0.104715
-0.112149
-0.118732
-0.124415
-0.129224
-0.133191
-0.136346
-0.138723
-0.140358
-0.14129
-0.141558
-0.141199
-0.140254
-0.138758
-0.136749
-0.13426
-0.131324
-0.127971
-0.124228
-0.120123
-0.115677
-0.110913
-0.105849
-0.100502
-0.0948885
-0.0890214
-0.082913
-0.0765741
-0.0700148
-0.0632438
-0.0562696
-0.0491
-0.0417425
-0.0342048
-0.0264946
-0.01862
-0.0105899
-0.00241394
0.00589717
0.0143315
0.0228755
0.0315141
0.0402302
0.0490045
0.0578155
0.0666392
0.0754489
0.0842148
0.0929047
0.101483
0.10991
0.118145
0.126143
0.133855
0.14123
0.148216
0.154756
0.160791
0.166265
0.171115
0.175282
0.178707
0.181331
0.183099
0.183958
0.183861
0.182764
0.180631
0.177432
0.173144
0.167754
0.161249
0.153628
0.144973
0.135362
0.123801
0.109494
-0.0862046
-0.0989981
-0.10928
-0.117782
-0.125418
-0.132142
-0.137907
-0.142741
-0.146678
-0.149753
-0.152003
-0.153469
-0.154194
-0.154222
-0.153595
-0.152356
-0.150548
-0.148209
-0.145377
-0.142088
-0.138375
-0.134267
-0.129794
-0.124978
-0.119844
-0.114411
-0.108696
-0.102716
-0.0964843
-0.0900128
-0.0833121
-0.0763916
-0.0692596
-0.0619235
-0.0543903
-0.0466665
-0.0387587
-0.0306734
-0.0224176
-0.0139988
-0.0054255
0.00329292
0.0121456
0.0211204
0.0302031
0.0393776
0.0486256
0.0579263
0.0672562
0.0765888
0.0858946
0.0951408
0.104291
0.113306
0.122143
0.130754
0.139088
0.147094
0.154712
0.161884
0.168547
0.174638
0.180089
0.184836
0.188813
0.191953
0.194195
0.195479
0.195751
0.194959
0.193062
0.190023
0.185814
0.180418
0.173819
0.166012
0.157083
0.147111
0.135055
0.120081
-0.0991347
-0.112426
-0.123078
-0.131848
-0.139688
-0.146551
-0.152388
-0.15723
-0.161116
-0.164083
-0.166175
-0.167438
-0.167919
-0.167667
-0.166732
-0.165159
-0.162996
-0.160287
-0.157073
-0.153392
-0.149282
-0.144774
-0.139898
-0.134682
-0.129148
-0.123318
-0.11721
-0.11084
-0.104222
-0.0973674
-0.0902867
-0.0829885
-0.0754801
-0.0677681
-0.0598584
-0.0517564
-0.0434671
-0.034996
-0.0263485
-0.0175308
-0.00854981
0.00058646
0.00986865
0.0192858
0.0288252
0.038472
0.0482089
0.0580161
0.0678708
0.0777472
0.087616
0.0974444
0.107196
0.11683
0.126302
0.135564
0.144563
0.153242
0.161541
0.169397
0.176741
0.183505
0.189617
0.195003
0.199592
0.20331
0.206086
0.207854
0.20855
0.208116
0.206502
0.203664
0.199569
0.194193
0.187517
0.179533
0.170328
0.159986
0.147412
0.131734
-0.113066
-0.126889
-0.137932
-0.146982
-0.155029
-0.162026
-0.167923
-0.172754
-0.176562
-0.179391
-0.181289
-0.182308
-0.182503
-0.181927
-0.180636
-0.178683
-0.17612
-0.172994
-0.169353
-0.165238
-0.160689
-0.155742
-0.150428
-0.144776
-0.138811
-0.132555
-0.126027
-0.119242
-0.112215
-0.104958
-0.0974784
-0.0897857
-0.0818859
-0.0737844
-0.0654857
-0.056994
-0.0483129
-0.0394461
-0.0303976
-0.0211718
-0.011774
-0.00221055
0.00751084
0.0173809
0.0273883
0.0375199
0.0477596
0.0580889
0.0684861
0.0789261
0.0893803
0.0998161
0.110197
0.120482
0.130625
0.140576
0.150281
0.159681
0.168711
0.177303
0.185386
0.192884
0.199719
0.20581
0.211078
0.215441
0.218819
0.221136
0.222319
0.222302
0.221024
0.218435
0.214494
0.209169
0.202438
0.194288
0.184808
0.174085
0.160969
0.144546
-0.128067
-0.14246
-0.153919
-0.163261
-0.171519
-0.178644
-0.184585
-0.189382
-0.193082
-0.195735
-0.197397
-0.198126
-0.197984
-0.197033
-0.195335
-0.192948
-0.189931
-0.186339
-0.18222
-0.177624
-0.172592
-0.167162
-0.16137
-0.155246
-0.148816
-0.142102
-0.135125
-0.1279
-0.120442
-0.11276
-0.104863
-0.0967594
-0.0884534
-0.0799492
-0.0712499
-0.0623579
-0.0532754
-0.0440041
-0.0345464
-0.0249046
-0.0150823
-0.00508388
0.00508495
0.0154167
0.0259021
0.0365294
0.0472845
0.0581502
0.0691062
0.0801286
0.0911896
0.102257
0.113295
0.124262
0.135111
0.145791
0.156247
0.166414
0.176227
0.185614
0.194496
0.202792
0.210418
0.217286
0.223306
0.228388
0.232443
0.235382
0.237124
0.237591
0.236711
0.234426
0.230684
0.225448
0.218688
0.210385
0.200633
0.189518
0.175833
0.15862
-0.144214
-0.159221
-0.171125
-0.180773
-0.189244
-0.196489
-0.202456
-0.20719
-0.210746
-0.21318
-0.214555
-0.214941
-0.214405
-0.213019
-0.210852
-0.207972
-0.204443
-0.200325
-0.195675
-0.190543
-0.184978
-0.17902
-0.172707
-0.166071
-0.159139
-0.151935
-0.144479
-0.136787
-0.128872
-0.120745
-0.112413
-0.103881
-0.0951546
-0.0862352
-0.0771243
-0.0678226
-0.0583302
-0.0486471
-0.0387733
-0.0287093
-0.0184563
-0.00801663
0.00260619
0.0134069
0.0243782
0.0355105
0.0467917
0.0582064
0.069736
0.081358
0.093046
0.104769
0.116491
0.12817
0.139761
0.15121
0.16246
0.173445
0.184096
0.194336
0.204082
0.213247
0.221738
0.229459
0.236312
0.242196
0.247009
0.250654
0.253034
0.254061
0.253651
0.251732
0.248244
0.243141
0.236382
0.227945
0.217923
0.206407
0.192123
0.17407
-0.161591
-0.177266
-0.189646
-0.199615
-0.208302
-0.215656
-0.221626
-0.226263
-0.22963
-0.231793
-0.232825
-0.232802
-0.231807
-0.229917
-0.227213
-0.223771
-0.219662
-0.214954
-0.20971
-0.203986
-0.197833
-0.191296
-0.184414
-0.177223
-0.169751
-0.162022
-0.154056
-0.145869
-0.137474
-0.12888
-0.120093
-0.111118
-0.101957
-0.0926107
-0.0830784
-0.0733586
-0.0634494
-0.0533484
-0.0430534
-0.0325625
-0.0218745
-0.0109892
9.22433e-05
0.011367
0.0228303
0.0344749
0.0462909
0.0582653
0.0703814
0.0826187
0.0949522
0.107352
0.119784
0.132207
0.144573
0.156832
0.168921
0.180775
0.192321
0.203477
0.214155
0.224262
0.233698
0.242358
0.250131
0.256907
0.262572
0.267014
0.270124
0.271798
0.271938
0.27046
0.26729
0.262369
0.25565
0.247101
0.236816
0.224888
0.209974
0.191024
-0.180296
-0.196699
-0.209593
-0.2199
-0.228803
-0.236252
-0.242197
-0.246696
-0.249822
-0.251651
-0.25227
-0.251766
-0.250232
-0.24776
-0.24444
-0.240357
-0.235593
-0.230223
-0.224316
-0.217934
-0.211133
-0.203962
-0.196462
-0.18867
-0.180617
-0.172326
-0.163817
-0.155107
-0.146207
-0.137125
-0.127865
-0.118431
-0.108823
-0.0990393
-0.089077
-0.0789324
-0.0686009
-0.0580778
-0.0473583
-0.0364377
-0.0253124
-0.0139792
-0.00243673
0.0093151
0.0212742
0.033436
0.0457934
0.0583358
0.0710491
0.0839151
0.096911
0.110009
0.123175
0.13637
0.149547
0.162653
0.175629
0.188404
0.200903
0.21304
0.224724
0.235852
0.246319
0.256007
0.264799
0.272568
0.279187
0.284531
0.288473
0.290893
0.291678
0.290725
0.287947
0.283271
0.276636
0.268002
0.257464
0.245113
0.229534
0.209626
-0.200439
-0.21764
-0.231092
-0.241754
-0.250873
-0.258398
-0.264282
-0.268592
-0.271413
-0.272837
-0.27296
-0.271888
-0.269726
-0.26658
-0.262553
-0.257741
-0.252236
-0.246123
-0.239477
-0.232366
-0.224852
-0.216986
-0.208814
-0.200373
-0.191694
-0.182803
-0.173719
-0.164456
-0.155026
-0.145435
-0.135685
-0.125778
-0.115711
-0.10548
-0.0950807
-0.084506
-0.0737487
-0.0628013
-0.051656
-0.0403054
-0.0287426
-0.0169618
-0.00495818
0.00727116
0.0197273
0.0324087
0.0453114
0.0584277
0.0717465
0.0852523
0.0989247
0.112738
0.126661
0.140656
0.154677
0.168671
0.182578
0.196327
0.20984
0.223027
0.235792
0.248027
0.259616
0.270434
0.280348
0.289222
0.296912
0.303274
0.308165
0.311446
0.312983
0.312655
0.310356
0.305997
0.299501
0.290818
0.280038
0.267256
0.250974
0.230036
-0.222146
-0.240229
-0.254287
-0.265323
-0.274655
-0.282232
-0.28801
-0.29207
-0.29451
-0.295438
-0.29497
-0.293227
-0.290332
-0.286407
-0.281568
-0.275927
-0.269585
-0.262637
-0.255167
-0.247249
-0.23895
-0.230326
-0.221423
-0.212281
-0.202932
-0.193402
-0.183708
-0.173864
-0.16388
-0.153759
-0.143502
-0.133108
-0.122572
-0.111887
-0.101046
-0.0900377
-0.0788532
-0.0674815
-0.0559115
-0.0441328
-0.0321351
-0.0199093
-0.00744735
0.00525719
0.0182087
0.0314094
0.0448583
0.0585515
0.0724811
0.086635
0.100996
0.115541
0.130242
0.145062
0.159958
0.174878
0.189762
0.204539
0.219127
0.233436
0.247363
0.260794
0.273604
0.285659
0.296813
0.306914
0.315803
0.323316
0.329289
0.333561
0.335976
0.33639
0.334673
0.330717
0.324427
0.315737
0.304734
0.291512
0.274483
0.252434
-0.245565
-0.264626
-0.279346
-0.290778
-0.300316
-0.307913
-0.313529
-0.317261
-0.319227
-0.319553
-0.318378
-0.315844
-0.312093
-0.307267
-0.301498
-0.294912
-0.287625
-0.279741
-0.271354
-0.262544
-0.253383
-0.24393
-0.234236
-0.224339
-0.214274
-0.204063
-0.193725
-0.183271
-0.172708
-0.162038
-0.15126
-0.140368
-0.129354
-0.11821
-0.106923
-0.0954816
-0.083871
-0.0720775
-0.0600867
-0.0478846
-0.0354574
-0.0227923
-0.00987758
0.00329682
0.0167392
0.0304553
0.0444484
0.0587182
0.0732607
0.0880676
0.103125
0.118415
0.133911
0.14958
0.165381
0.181264
0.19717
0.213027
0.228755
0.244258
0.259431
0.274153
0.288291
0.301699
0.314221
0.325686
0.335917
0.34473
0.351937
0.357351
0.360789
0.362081
0.361069
0.357621
0.351617
0.342974
0.331772
0.318104
0.300281
0.277028
-0.270865
-0.291018
-0.306465
-0.318313
-0.328047
-0.33562
-0.341003
-0.344313
-0.34569
-0.345288
-0.34327
-0.339802
-0.335052
-0.329183
-0.322347
-0.314687
-0.306333
-0.297401
-0.287994
-0.278199
-0.268093
-0.257738
-0.247187
-0.23648
-0.225649
-0.214718
-0.203701
-0.19261
-0.181446
-0.17021
-0.158897
-0.147497
-0.136001
-0.124394
-0.112662
-0.100788
-0.0887553
-0.0765456
-0.0641408
-0.051523
-0.0386747
-0.0255791
-0.0122206
0.00141492
0.0153399
0.0295645
0.0440959
0.0589385
0.0740925
0.0895539
0.105314
0.121357
0.137662
0.1542
0.170933
0.187814
0.204785
0.221776
0.238707
0.25548
0.271986
0.288099
0.303678
0.318568
0.332595
0.345576
0.35731
0.367592
0.376205
0.382935
0.387567
0.389897
0.389736
0.38692
0.381302
0.372774
0.361406
0.347285
0.328616
0.304053
-0.298247
-0.319626
-0.335874
-0.34816
-0.358068
-0.365562
-0.370623
-0.373392
-0.374043
-0.372758
-0.369731
-0.365162
-0.359247
-0.352171
-0.344113
-0.335232
-0.325676
-0.315571
-0.305031
-0.29415
-0.28301
-0.271676
-0.260201
-0.248626
-0.236982
-0.225289
-0.213562
-0.201806
-0.190021
-0.178204
-0.166344
-0.154431
-0.142449
-0.13038
-0.118205
-0.105905
-0.0934567
-0.0808394
-0.0680306
-0.0550083
-0.0417508
-0.0282371
-0.0144473
-0.000362898
0.014033
0.028755
0.0438152
0.0592226
0.0749826
0.091096
0.107559
0.124361
0.141486
0.15891
0.176598
0.194508
0.212586
0.230763
0.24896
0.267079
0.285009
0.302619
0.31976
0.336267
0.351953
0.366615
0.380033
0.391974
0.402193
0.410439
0.416463
0.420021
0.420886
0.418855
0.413744
0.405415
0.393924
0.379351
0.359775
0.333777
-0.327946
-0.35071
-0.367844
-0.380587
-0.390641
-0.39798
-0.402603
-0.404686
-0.404439
-0.402084
-0.397854
-0.391986
-0.384709
-0.37624
-0.366781
-0.356514
-0.345603
-0.334189
-0.322394
-0.31032
-0.298052
-0.285658
-0.27319
-0.260689
-0.248183
-0.235691
-0.223221
-0.210777
-0.198353
-0.185942
-0.17353
-0.1611
-0.148632
-0.136105
-0.123494
-0.110775
-0.0979231
-0.0849107
-0.0717116
-0.0582996
-0.0446484
-0.0307327
-0.016528
-0.00201093
0.01284
0.0280444
0.0436196
0.0595797
0.0759356
0.0926938
0.109856
0.127418
0.145369
0.16369
0.182354
0.201322
0.220544
0.239957
0.259483
0.279025
0.298471
0.317688
0.336519
0.35479
0.3723
0.388829
0.404132
0.417947
0.429997
0.439993
0.447642
0.452654
0.454755
0.453692
0.449239
0.441218
0.429663
0.41464
0.394091
0.366513
-0.360245
-0.384582
-0.402699
-0.415914
-0.42607
-0.433154
-0.437194
-0.438406
-0.43705
-0.433398
-0.427731
-0.42033
-0.411463
-0.401384
-0.390322
-0.378484
-0.366051
-0.353178
-0.339996
-0.326615
-0.31312
-0.299582
-0.286052
-0.272568
-0.259154
-0.245825
-0.232585
-0.219432
-0.206357
-0.193344
-0.180375
-0.167429
-0.154481
-0.141503
-0.128467
-0.115343
-0.102101
-0.0887099
-0.0751384
-0.0613554
-0.0473302
-0.0330326
-0.0184333
-0.00350409
0.0117817
0.0274491
0.0435208
0.0600167
0.0769537
0.0943445
0.112197
0.130514
0.149292
0.168518
0.188172
0.208221
0.228622
0.249318
0.270232
0.291275
0.312331
0.333268
0.353925
0.374116
0.393631
0.412228
0.42964
0.445575
0.459716
0.471733
0.48128
0.488015
0.491604
0.491737
0.48813
0.480552
0.469011
0.453551
0.431953
0.402625
-0.395481
-0.421614
-0.440825
-0.454523
-0.464714
-0.471411
-0.474677
-0.474787
-0.472063
-0.466839
-0.459454
-0.450242
-0.439521
-0.427582
-0.414689
-0.401072
-0.386932
-0.372438
-0.35773
-0.34292
-0.328099
-0.313333
-0.298672
-0.284149
-0.269784
-0.255586
-0.241553
-0.227675
-0.213938
-0.200321
-0.186798
-0.173342
-0.159922
-0.146506
-0.13306
-0.119549
-0.105936
-0.0921874
-0.0782654
-0.0641346
-0.0497593
-0.0351043
-0.0201353
-0.00481884
0.0108771
0.0269832
0.0435281
0.0605378
0.0780357
0.0960414
0.11457
0.133632
0.153231
0.173363
0.194015
0.215164
0.236774
0.258793
0.281154
0.30377
0.326532
0.349305
0.371927
0.394207
0.41592
0.436808
0.45658
0.474909
0.491441
0.505792
0.517561
0.52634
0.531725
0.533332
0.530804
0.523847
0.512423
0.49655
0.47382
0.442538
-0.434063
-0.46226
-0.48269
-0.496868
-0.506998
-0.513131
-0.515379
-0.514096
-0.509682
-0.502548
-0.493108
-0.481759
-0.468875
-0.454792
-0.439809
-0.424184
-0.408137
-0.391848
-0.375465
-0.359104
-0.342852
-0.326775
-0.310917
-0.295305
-0.279951
-0.264857
-0.250012
-0.235401
-0.221
-0.20678
-0.192711
-0.178758
-0.164882
-0.151046
-0.137211
-0.123334
-0.109375
-0.0952941
-0.0810484
-0.0665975
-0.0519006
-0.0369173
-0.0216081
-0.0059341
0.0101424
0.026658
0.0436474
0.0611434
0.0791763
0.0977732
0.116957
0.136747
0.157155
0.178187
0.19984
0.222099
0.244938
0.268318
0.292177
0.316438
0.340998
0.365724
0.390457
0.415001
0.439121
0.462543
0.484952
0.505988
0.525251
0.542302
0.556675
0.567883
0.575437
0.578864
0.577713
0.571602
0.560438
0.544191
0.520237
0.486759
-0.476489
-0.507073
-0.528863
-0.5435
-0.55343
-0.558759
-0.559674
-0.556626
-0.550121
-0.540668
-0.528768
-0.514898
-0.499494
-0.482942
-0.465581
-0.447696
-0.429523
-0.411256
-0.393045
-0.375007
-0.357225
-0.339758
-0.322642
-0.305896
-0.289522
-0.273512
-0.257846
-0.242499
-0.227439
-0.212628
-0.198027
-0.183594
-0.169285
-0.155054
-0.140854
-0.126641
-0.112366
-0.0979829
-0.0834454
-0.0687071
-0.0537219
-0.0384443
-0.0228293
-0.00683236
0.00959
0.0264804
0.0438802
0.0618291
0.0803649
0.0995227
0.119334
0.139828
0.161025
0.182943
0.205589
0.228961
0.253045
0.277812
0.303215
0.329185
0.355631
0.382428
0.409419
0.436409
0.463158
0.489378
0.514731
0.538823
0.561207
0.581385
0.598813
0.612914
0.623095
0.628771
0.629373
0.624405
0.613691
0.597137
0.571855
0.535893
-0.523377
-0.556735
-0.580042
-0.595087
-0.604616
-0.60882
-0.607987
-0.602703
-0.593608
-0.581334
-0.566491
-0.549647
-0.53131
-0.511924
-0.491864
-0.471443
-0.450916
-0.430479
-0.410285
-0.390446
-0.371038
-0.352108
-0.333683
-0.315767
-0.298352
-0.281416
-0.264929
-0.248854
-0.233148
-0.217766
-0.202657
-0.187771
-0.173056
-0.158461
-0.143931
-0.129414
-0.114858
-0.10021
-0.0854179
-0.07043
-0.0551951
-0.0396622
-0.0237808
-0.00750077
0.00922733
0.0264524
0.0442226
0.0625848
0.0815848
0.101266
0.12167
0.142834
0.164792
0.187572
0.211195
0.235672
0.261004
0.287177
0.314158
0.341895
0.370308
0.399287
0.428683
0.458308
0.487919
0.51722
0.545854
0.573393
0.599345
0.623143
0.64416
0.661713
0.675084
0.683547
0.686383
0.682947
0.672945
0.656189
0.629468
0.590669
-0.575492
-0.612099
-0.637091
-0.652445
-0.661285
-0.663925
-0.660802
-0.65268
-0.640372
-0.624665
-0.606301
-0.585954
-0.564212
-0.541578
-0.518469
-0.49522
-0.472095
-0.449295
-0.426966
-0.40521
-0.384088
-0.363635
-0.34386
-0.324752
-0.306287
-0.288428
-0.271132
-0.254348
-0.238021
-0.222095
-0.20651
-0.191206
-0.176124
-0.161202
-0.146382
-0.131603
-0.116807
-0.101936
-0.0869322
-0.071738
-0.0562971
-0.0405531
-0.0244501
-0.00793224
0.00905597
0.0265698
0.0446642
0.0633937
0.082812
0.102972
0.123924
0.145718
0.168398
0.192007
0.216579
0.242142
0.268713
0.296295
0.324877
0.354424
0.384876
0.41614
0.448085
0.480531
0.513245
0.545928
0.578208
0.609631
0.639655
0.667648
0.692886
0.714565
0.73182
0.743748
0.749438
0.748047
0.739117
0.722322
0.694047
0.651983
-0.633801
-0.674236
-0.701091
-0.716579
-0.724312
-0.724793
-0.718665
-0.706933
-0.690634
-0.670748
-0.648174
-0.623706
-0.598023
-0.571687
-0.545149
-0.518762
-0.492795
-0.467441
-0.442833
-0.419054
-0.396148
-0.374127
-0.352978
-0.332672
-0.313164
-0.2944
-0.27632
-0.258859
-0.241949
-0.225519
-0.209501
-0.193824
-0.17842
-0.163219
-0.148155
-0.133162
-0.118175
-0.103129
-0.087961
-0.0726094
-0.0570116
-0.0411062
-0.0248316
-0.00812659
0.00907044
0.0268211
0.0451873
0.064231
0.0840144
0.104599
0.126048
0.148419
0.171773
0.196165
0.221645
0.24826
0.276046
0.305028
0.335216
0.366601
0.399147
0.432787
0.467411
0.502863
0.538924
0.575301
0.611619
0.647404
0.682071
0.714919
0.745125
0.771745
0.793739
0.809989
0.819338
0.820678
0.813322
0.796738
0.766796
0.720941
-0.69954
-0.744514
-0.773405
-0.788733
-0.794757
-0.792259
-0.78218
-0.765848
-0.744586
-0.719614
-0.692013
-0.662715
-0.632489
-0.601952
-0.571584
-0.541744
-0.512693
-0.484606
-0.457591
-0.431706
-0.406964
-0.383351
-0.360826
-0.339336
-0.318812
-0.299179
-0.280359
-0.262268
-0.244825
-0.227945
-0.211548
-0.195553
-0.179882
-0.164457
-0.149205
-0.134052
-0.118928
-0.103761
-0.0884846
-0.0730299
-0.0573299
-0.041318
-0.0249275
-0.0080915
0.00925729
0.0271868
0.0457657
0.0650636
0.0851513
0.1061
0.127982
0.15087
0.174836
0.199951
0.226285
0.253902
0.282861
0.313212
0.344992
0.378222
0.412896
0.448981
0.4864
0.525027
0.564672
0.605062
0.645832
0.686497
0.726443
0.764904
0.800954
0.833498
0.861289
0.882951
0.897008
0.902004
0.896927
0.880939
0.849234
0.798938
-0.774307
-0.824706
-0.855776
-0.87046
-0.873897
-0.86729
-0.852004
-0.829797
-0.802363
-0.771205
-0.737621
-0.702683
-0.667248
-0.631979
-0.597368
-0.563764
-0.531403
-0.500426
-0.470905
-0.442857
-0.416258
-0.391058
-0.367183
-0.344547
-0.323057
-0.302613
-0.283113
-0.264458
-0.246548
-0.229285
-0.212576
-0.196329
-0.180456
-0.164872
-0.149494
-0.134244
-0.119044
-0.103818
-0.0884922
-0.0729944
-0.0572522
-0.0411942
-0.0247486
-0.00784339
0.00959435
0.0276385
0.0463646
0.0658495
0.0861724
0.107414
0.129658
0.152988
0.177493
0.203258
0.230373
0.258923
0.288993
0.32066
0.353993
0.389046
0.425855
0.464426
0.504727
0.546677
0.590126
0.634843
0.680486
0.726584
0.772507
0.81744
0.860357
0.900006
0.934904
0.963362
0.983506
0.993413
0.991615
0.976818
0.9433
0.887751
-0.860212
-0.917137
-0.950451
-0.963706
-0.963272
-0.950988
-0.928821
-0.899104
-0.863992
-0.825333
-0.784652
-0.743166
-0.701806
-0.661255
-0.621993
-0.584335
-0.548469
-0.514483
-0.482395
-0.452168
-0.42373
-0.396984
-0.371816
-0.348105
-0.325725
-0.30455
-0.284455
-0.265319
-0.247025
-0.229461
-0.212519
-0.196097
-0.180098
-0.164427
-0.148996
-0.133718
-0.11851
-0.103291
-0.0879829
-0.0725074
-0.0567885
-0.0407499
-0.0243154
-0.00740804
0.0100502
0.0281389
0.0469399
0.0665373
0.0870182
0.108473
0.130996
0.154684
0.179638
0.205965
0.23377
0.263164
0.294258
0.32716
0.361976
0.3988
0.437713
0.478773
0.522005
0.567386
0.614829
0.664162
0.715095
0.767197
0.819849
0.872212
0.923179
0.971339
1.01496
1.05198
1.08003
1.09656
1.09948
1.0868
1.05151
0.989697
-0.96009
-1.02492
-1.06037
-1.07092
-1.06472
-1.04457
-1.01329
-0.973972
-0.929332
-0.881606
-0.832561
-0.783536
-0.735499
-0.689122
-0.644831
-0.602875
-0.563362
-0.526304
-0.491643
-0.459273
-0.42906
-0.400852
-0.374489
-0.349807
-0.326645
-0.304847
-0.284263
-0.26475
-0.246173
-0.228404
-0.211323
-0.194816
-0.178776
-0.163101
-0.147696
-0.132466
-0.117325
-0.102186
-0.0869666
-0.0715843
-0.055959
-0.0400103
-0.023658
-0.00682085
0.0105839
0.0286412
0.0474383
0.0670664
0.08762
0.109199
0.131907
0.155854
0.181157
0.207937
0.236323
0.266448
0.298453
0.332479
0.368671
0.407171
0.448112
0.491615
0.537773
0.586641
0.638215
0.692408
0.749018
0.807687
0.867853
0.928692
0.989051
1.04739
1.1017
1.14953
1.18788
1.21342
1.22313
1.214
1.17721
1.10786
-1.07785
-1.15228
-1.18941
-1.19519
-1.18042
-1.14935
-1.10599
-1.05439
-0.997965
-0.939353
-0.880534
-0.822919
-0.767462
-0.714754
-0.665123
-0.618699
-0.575477
-0.53536
-0.498191
-0.46378
-0.431916
-0.402383
-0.374966
-0.349456
-0.325653
-0.303369
-0.282428
-0.262663
-0.243922
-0.226061
-0.208947
-0.192455
-0.176471
-0.160883
-0.14559
-0.130494
-0.1155
-0.100519
-0.085465
-0.0702514
-0.0547946
-0.039011
-0.0228167
-0.00612685
0.0111454
0.0290894
0.0477979
0.0673677
0.0879007
0.109505
0.132293
0.156389
0.181923
0.209032
0.237867
0.268585
0.301357
0.33636
0.373782
0.413815
0.456654
0.50249
0.5515
0.603834
0.659597
0.71882
0.781427
0.847186
0.915646
0.986062
1.0573
1.12774
1.19516
1.25663
1.30846
1.34629
1.36583
1.36255
1.3249
1.24643
-1.21904
-1.30513
-1.34274
-1.34039
-1.31286
-1.26659
-1.2072
-1.13997
-1.06906
-0.997497
-0.927394
-0.860143
-0.79658
-0.737137
-0.681964
-0.631018
-0.584134
-0.541073
-0.501555
-0.465284
-0.431962
-0.4013
-0.373022
-0.346869
-0.322603
-0.3
-0.278858
-0.258988
-0.24022
-0.222395
-0.205368
-0.189004
-0.17318
-0.157779
-0.142692
-0.127818
-0.113058
-0.098319
-0.0835111
-0.068546
-0.0533368
-0.0377975
-0.0218412
-0.0053801
0.0116759
0.0294199
0.0479489
0.067365
0.0877761
0.109297
0.132052
0.156173
0.181803
0.209098
0.238228
0.269375
0.302738
0.338532
0.376989
0.418358
0.462898
0.510881
0.56258
0.618261
0.678162
0.742471
0.811284
0.884556
0.962027
1.04312
1.12684
1.21157
1.29494
1.37362
1.44312
1.49779
1.53165
1.53789
1.50082
1.41135
-1.39183
-1.49187
-1.52735
-1.51133
-1.46477
-1.39731
-1.31673
-1.22972
-1.14119
-1.05442
-0.97151
-0.893665
-0.82146
-0.755046
-0.694303
-0.638944
-0.588593
-0.542831
-0.501232
-0.463376
-0.428867
-0.397337
-0.368445
-0.341882
-0.317366
-0.294643
-0.273482
-0.253676
-0.235035
-0.217388
-0.200579
-0.184466
-0.168915
-0.153807
-0.139028
-0.124471
-0.110035
-0.0956258
-0.0811494
-0.0665161
-0.0516372
-0.0364247
-0.0207899
-0.00464277
0.0121091
0.0295617
0.0478152
0.066976
0.0871568
0.108479
0.131074
0.155083
0.180662
0.207982
0.23723
0.268612
0.302356
0.338714
0.377963
0.420406
0.466376
0.516229
0.570348
0.629129
0.692973
0.762259
0.837312
0.91835
1.0054
1.09819
1.19599
1.29738
1.40002
1.5003
1.59293
1.67077
1.72562
1.74731
1.71379
1.61126
-1.60876
-1.72473
-1.75262
-1.71379
-1.63881
-1.5419
-1.43346
-1.32169
-1.21203
-1.10777
-1.01067
-0.921515
-0.8404
-0.767047
-0.700951
-0.641505
-0.588067
-0.540005
-0.49672
-0.457661
-0.422324
-0.390257
-0.361055
-0.334357
-0.309844
-0.287228
-0.266256
-0.2467
-0.228357
-0.211044
-0.194596
-0.178863
-0.163708
-0.149005
-0.134638
-0.120498
-0.106481
-0.0924918
-0.0784348
-0.0642195
-0.0497561
-0.0349557
-0.0197286
-0.00398358
0.0123731
0.029439
0.0473167
0.0661153
0.0859512
0.10695
0.12925
0.153
0.178366
0.205531
0.234698
0.266095
0.299976
0.336627
0.376369
0.41956
0.466603
0.517947
0.574088
0.635569
0.702974
0.776912
0.857994
0.946778
1.0437
1.14895
1.26229
1.38277
1.50838
1.63551
1.75828
1.86802
1.95374
2.00056
1.97659
1.85937
-1.89009
-2.0219
-2.03106
-1.95436
-1.83702
-1.69938
-1.55475
-1.41249
-1.2781
-1.15428
-1.04201
-0.941255
-0.85139
-0.771512
-0.700612
-0.637679
-0.581758
-0.531976
-0.487548
-0.44778
-0.412062
-0.37986
-0.350708
-0.324197
-0.299972
-0.277718
-0.257163
-0.238062
-0.220201
-0.203388
-0.187452
-0.172238
-0.157604
-0.143424
-0.129578
-0.115957
-0.102456
-0.0889795
-0.0754318
-0.0617222
-0.0477612
-0.0334598
-0.0187283
-0.00347568
0.0123922
0.0289735
0.0463717
0.0646971
0.0840683
0.104614
0.126476
0.149809
0.174786
0.201599
0.230467
0.261632
0.295373
0.332004
0.371885
0.415428
0.463101
0.515443
0.573067
0.636667
0.707027
0.785016
0.871579
0.967702
1.07436
1.1924
1.32234
1.46409
1.61646
1.77645
1.93815
2.0916
2.22283
2.31063
2.30813
2.17696
-2.27059
-2.41092
-2.37888
-2.23954
-2.05945
-1.86621
-1.67545
-1.49669
-1.33433
-1.18957
-1.06189
-0.949975
-0.852145
-0.766676
-0.691936
-0.626445
-0.568902
-0.518177
-0.473297
-0.433432
-0.39787
-0.366003
-0.337311
-0.311348
-0.287726
-0.266114
-0.246221
-0.227794
-0.210609
-0.194471
-0.179203
-0.164649
-0.150667
-0.137129
-0.123915
-0.110916
-0.0980303
-0.0851599
-0.072212
-0.0590966
-0.0457253
-0.0320104
-0.0178634
-0.00319422
0.0120903
0.0280874
0.0449002
0.0626386
0.0814217
0.101379
0.122653
0.145403
0.169805
0.196059
0.224389
0.255054
0.288346
0.324605
0.364222
0.407651
0.455423
0.508154
0.566567
0.631506
0.703956
0.785061
0.876134
0.97866
1.09427
1.22468
1.37151
1.53602
1.71858
1.91776
2.12877
2.34152
2.53955
2.69419
2.73692
2.60032
-2.81314
-2.93357
-2.81506
-2.57291
-2.3013
-2.03394
-1.7864
-1.56585
-1.3736
-1.20791
-1.06588
-0.94431
-0.840152
-0.750685
-0.673569
-0.606823
-0.548796
-0.49811
-0.453623
-0.414383
-0.379595
-0.348594
-0.320819
-0.295795
-0.273119
-0.252445
-0.233473
-0.215947
-0.199641
-0.184356
-0.169917
-0.156169
-0.14297
-0.130194
-0.117724
-0.105452
-0.0932788
-0.0811085
-0.0688507
-0.0564178
-0.0437236
-0.0306827
-0.017209
-0.00321458
0.0113913
0.026704
0.0428242
0.0598602
0.0779292
0.0971596
0.117693
0.139688
0.163321
0.188794
0.216336
0.24621
0.27872
0.314219
0.353121
0.395911
0.443163
0.49556
0.553915
0.619203
0.692595
0.775498
0.8696
0.976917
1.09983
1.24109
1.40378
1.59109
1.8059
2.04982
2.32129
2.61266
2.90749
3.17069
3.30595
3.19488
-3.6321
-3.65031
-3.35765
-2.95029
-2.54885
-2.18662
-1.87296
-1.60795
-1.38662
-1.20243
-1.04899
-0.92071
-0.812919
-0.72181
-0.644323
-0.578009
-0.520905
-0.471431
-0.428313
-0.390514
-0.357185
-0.327626
-0.301256
-0.277588
-0.256213
-0.236783
-0.218999
-0.202606
-0.187382
-0.173131
-0.159682
-0.146884
-0.134599
-0.122705
-0.111088
-0.0996465
-0.0882821
-0.076904
-0.0654252
-0.0537615
-0.0418302
-0.0295495
-0.0168366
-0.00360732
0.0102258
0.0247543
0.0400755
0.0562938
0.0735227
0.0918867
0.111524
0.132589
0.155255
0.179722
0.206215
0.234998
0.266374
0.300702
0.338402
0.379976
0.426022
0.477262
0.534572
0.599022
0.671928
0.754915
0.850006
0.95972
1.0872
1.23633
1.41189
1.61959
1.86589
2.15741
2.4991
2.89069
3.32213
3.7584
4.07681
4.07838
-4.93394
-4.64064
-4.01645
-3.35562
-2.77797
-2.30082
-1.9162
-1.60908
-1.36375
-1.16669
-1.0071
-0.876639
-0.768961
-0.679251
-0.603843
-0.539927
-0.485325
-0.438339
-0.397626
-0.362114
-0.33094
-0.303399
-0.278915
-0.257008
-0.237276
-0.219382
-0.203037
-0.187995
-0.174041
-0.16099
-0.148679
-0.136962
-0.12571
-0.114805
-0.104142
-0.0936215
-0.0831525
-0.0726488
-0.062028
-0.0512107
-0.0401189
-0.0286751
-0.0168014
-0.00441802
0.00855759
0.0222121
0.0366375
0.0519328
0.0682059
0.085575
0.104172
0.124143
0.145657
0.168902
0.194098
0.221498
0.251399
0.284149
0.320163
0.359938
0.404073
0.453296
0.508507
0.570817
0.641621
0.722682
0.816257
0.925255
1.05346
1.20585
1.38894
1.61129
1.88397
2.22079
2.63781
3.15049
3.76663
4.46678
5.12954
5.46078
-7.17813
-6.00422
-4.75336
-3.73052
-2.93577
-2.3356
-1.88772
-1.55092
-1.29373
-1.09405
-0.936455
-0.810107
-0.707351
-0.622707
-0.552183
-0.492826
-0.44241
-0.399232
-0.361972
-0.329587
-0.301247
-0.27628
-0.25414
-0.234373
-0.216604
-0.200516
-0.18584
-0.172346
-0.159835
-0.148134
-0.137092
-0.126573
-0.116458
-0.106639
-0.0970151
-0.0874968
-0.0779987
-0.068441
-0.0587473
-0.0488438
-0.0386583
-0.0281188
-0.0171529
-0.00568673
0.00635642
0.0190569
0.0325003
0.0467784
0.0619914
0.0782491
0.095674
0.114403
0.134591
0.156416
0.180082
0.205827
0.233927
0.264711
0.298571
0.335978
0.377502
0.423844
0.475873
0.534679
0.601643
0.678545
0.767706
0.872205
0.996187
1.14534
1.32756
1.55404
1.84066
2.21011
2.69466
3.33686
4.18015
5.25642
6.56567
7.80736
-11.5602
-7.80268
-5.29308
-3.82
-2.84178
-2.17229
-1.71136
-1.38442
-1.14419
-0.962314
-0.821128
-0.709156
-0.618737
-0.54461
-0.483053
-0.431371
-0.387558
-0.350098
-0.317819
-0.289803
-0.265318
-0.243776
-0.224695
-0.207678
-0.192395
-0.178566
-0.165955
-0.154358
-0.1436
-0.133527
-0.124005
-0.114915
-0.106148
-0.097608
-0.0892069
-0.0808629
-0.0724998
-0.064046
-0.0554327
-0.0465936
-0.0374636
-0.027978
-0.0180717
-0.00767816
0.00327161
0.0148498
0.0271331
0.040204
0.0541519
0.0690753
0.0850831
0.102298
0.120857
0.140919
0.162664
0.186304
0.212083
0.240293
0.271281
0.305461
0.343341
0.385541
0.432832
0.486185
0.546836
0.616388
0.696954
0.791371
0.903541
1.03896
1.20561
1.41537
1.68653
2.04824
2.54905
3.26602
4.30365
5.85008
8.4499
12.3182
-18.9699
-9.55627
-5.06815
-3.2474
-2.28439
-1.70023
-1.32934
-1.07808
-0.896657
-0.759573
-0.652647
-0.56723
-0.497732
-0.44036
-0.392433
-0.351996
-0.317581
-0.288065
-0.262574
-0.240414
-0.221025
-0.203953
-0.188825
-0.175328
-0.1632
-0.152218
-0.142192
-0.132956
-0.124369
-0.116302
-0.108646
-0.101301
-0.0941769
-0.0871924
-0.0802728
-0.0733491
-0.0663566
-0.059234
-0.0519226
-0.0443656
-0.0365071
-0.0282916
-0.0196634
-0.0105652
-0.000938211
0.00927923
0.0201524
0.0317512
0.0441513
0.0574355
0.0716952
0.0870322
0.103561
0.121412
0.140734
0.161698
0.184504
0.209386
0.236622
0.266542
0.299547
0.336122
0.376867
0.422531
0.474058
0.532664
0.599935
0.677985
0.769705
0.879163
1.01232
1.1783
1.39196
1.67956
2.09194
2.72596
3.75692
5.67366
10.2794
19.8164
)
;

boundaryField
{
    movingWall
    {
        type            zeroGradient;
    }
    fixedWalls
    {
        type            zeroGradient;
    }
    frontAndBack
    {
        type            empty;
    }
}


// ************************************************************************* //
