/*--------------------------------*- C++ -*----------------------------------*\
  =========                 |
  \\      /  F ield         | OpenFOAM: The Open Source CFD Toolbox
   \\    /   O peration     | Website:  https://openfoam.org
    \\  /    A nd           | Version:  7
     \\/     M anipulation  |
\*---------------------------------------------------------------------------*/
FoamFile
{
    version     2.0;
    format      ascii;
    class       volScalarField;
    location    "0.125";
    object      p;
}
// * * * * * * * * * * * * * * * * * * * * * * * * * * * * * * * * * * * * * //

dimensions      [0 2 -2 0 0 0 0];

internalField   nonuniform List<scalar> 
6400
(
1.73714e-07
1.02908e-05
-0.000499895
-0.00154115
-0.00299339
-0.00474336
-0.00668984
-0.00874347
-0.0108273
-0.0128763
-0.0148358
-0.0166601
-0.0183109
-0.0197571
-0.0209728
-0.0219375
-0.0226353
-0.0230543
-0.0231858
-0.0230247
-0.0225686
-0.0218174
-0.0207736
-0.0194417
-0.0178283
-0.0159417
-0.0137915
-0.011389
-0.00874677
-0.0058787
-0.00279972
0.000474165
0.00392601
0.00753799
0.0112915
0.0151672
0.0191451
0.0232047
0.0273247
0.0314839
0.0356606
0.0398328
0.0439784
0.0480751
0.0521008
0.0560334
0.0598511
0.0635328
0.0670574
0.070405
0.0735561
0.0764922
0.079196
0.0816515
0.083844
0.0857607
0.0873906
0.0887242
0.0897545
0.090477
0.0908897
0.0909935
0.0907925
0.0902941
0.0895092
0.0884528
0.0871442
0.0856073
0.0838712
0.0819709
0.079948
0.0778514
0.0757385
0.0736762
0.0717419
0.0700235
0.0686178
0.0676286
0.0671623
0.0671996
-1.17975e-05
-9.57402e-06
-0.000471046
-0.00136326
-0.00258566
-0.00405741
-0.00570256
-0.00744898
-0.00923167
-0.0109937
-0.0126856
-0.0142652
-0.0156966
-0.01695
-0.0180002
-0.0188272
-0.0194148
-0.0197506
-0.0198257
-0.0196341
-0.0191726
-0.0184404
-0.0174388
-0.0161715
-0.0146438
-0.0128629
-0.0108374
-0.00857751
-0.00609459
-0.00340132
-0.000511469
0.00256018
0.00579792
0.00918516
0.0127046
0.0163381
0.020067
0.023872
0.0277333
0.0316309
0.0355447
0.0394539
0.0433379
0.0471758
0.0509469
0.0546308
0.058207
0.0616558
0.064958
0.0680949
0.0710485
0.0738019
0.0763393
0.078646
0.0807089
0.0825165
0.0840589
0.0853281
0.0863182
0.0870256
0.0874493
0.0875911
0.0874556
0.0870507
0.0863874
0.085481
0.0843501
0.083018
0.0815125
0.0798667
0.0781192
0.0763148
0.074505
0.0727481
0.0711092
0.0696594
0.0684715
0.0676201
0.0671983
0.0672367
0.000486669
0.000434287
-2.91894e-05
-0.0008538
-0.00195189
-0.00325931
-0.00471533
-0.00625999
-0.00783803
-0.00939972
-0.0109008
-0.0123032
-0.0135733
-0.0146832
-0.0156091
-0.0163318
-0.0168353
-0.0171075
-0.0171392
-0.0169242
-0.0164589
-0.0157419
-0.014774
-0.013558
-0.0120985
-0.0104019
-0.00847596
-0.00632991
-0.00397434
-0.00142094
0.00131748
0.00422709
0.00729319
0.0105002
0.0138319
0.0172712
0.0208004
0.0244012
0.0280552
0.0317434
0.0354466
0.0391454
0.0428202
0.0464513
0.0500192
0.0535047
0.0568885
0.0601521
0.0632774
0.0662471
0.0690442
0.0716529
0.0740586
0.0762479
0.0782086
0.0799302
0.0814038
0.0826222
0.0835804
0.0842755
0.0847072
0.0848775
0.0847915
0.084457
0.0838854
0.083091
0.0820923
0.0809111
0.0795739
0.0781112
0.0765589
0.0749576
0.0733531
0.0717965
0.0703433
0.0690527
0.0679836
0.0671959
0.0667751
0.0667723
0.00150146
0.0013034
0.000770982
-5.52281e-05
-0.00110887
-0.00233614
-0.00368529
-0.00510615
-0.00655119
-0.00797702
-0.00934478
-0.0106199
-0.0117722
-0.0127755
-0.013608
-0.0142513
-0.0146905
-0.0149139
-0.0149125
-0.01468
-0.0142127
-0.0135089
-0.0125691
-0.0113957
-0.00999274
-0.00836591
-0.00652238
-0.00447069
-0.00222069
0.000216683
0.00282941
0.00560446
0.00852798
0.0115854
0.0147611
0.018039
0.0214022
0.0248336
0.0283155
0.0318299
0.0353586
0.0388831
0.0423847
0.0458449
0.0492451
0.0525669
0.0557922
0.0589034
0.0618835
0.0647159
0.0673847
0.0698751
0.0721733
0.0742666
0.076144
0.0777954
0.0792129
0.0803897
0.0813214
0.0820056
0.0824422
0.0826337
0.0825849
0.0823037
0.0818009
0.0810905
0.0801897
0.0791193
0.0779035
0.0765709
0.075154
0.0736893
0.0722177
0.0707837
0.0694352
0.0682224
0.0671955
0.066406
0.0659217
0.0657863
0.00292676
0.00250582
0.00184796
0.000971125
-8.81187e-05
-0.00128439
-0.00257428
-0.0039156
-0.00526818
-0.00659482
-0.0078615
-0.0090377
-0.0100964
-0.0110141
-0.0117703
-0.0123484
-0.0127344
-0.0129174
-0.0128889
-0.0126426
-0.0121751
-0.0114844
-0.0105709
-0.00943667
-0.00808529
-0.006522
-0.00475347
-0.00278763
-0.000633628
0.00169822
0.00419657
0.00684921
0.00964307
0.0125643
0.0155981
0.0187292
0.0219415
0.0252189
0.0285445
0.0319012
0.0352715
0.0386379
0.0419827
0.0452882
0.0485367
0.0517107
0.0547929
0.0577667
0.060616
0.0633249
0.0658785
0.0682626
0.0704643
0.0724717
0.0742743
0.0758628
0.0772296
0.0783687
0.0792759
0.0799492
0.0803887
0.0805966
0.0805779
0.0803401
0.0798935
0.0792512
0.0784293
0.077447
0.0763266
0.075094
0.0737786
0.072413
0.071033
0.0696771
0.0683864
0.0672031
0.0661702
0.0653313
0.0647273
0.0643805
0.00466471
0.00397119
0.00314518
0.00217729
0.00107127
-0.000135686
-0.00140662
-0.00270684
-0.00400307
-0.00526347
-0.00645865
-0.00756215
-0.00855013
-0.00940163
-0.0100983
-0.010625
-0.0109689
-0.0111199
-0.0110702
-0.0108142
-0.0103482
-0.00967078
-0.00878195
-0.00768356
-0.00637903
-0.0048732
-0.0031723
-0.00128377
0.00078377
0.0030206
0.00541602
0.00795852
0.0106357
0.0134344
0.0163406
0.0193396
0.0224164
0.0255554
0.0287407
0.0319558
0.0351841
0.038409
0.0416134
0.0447806
0.0478936
0.0509356
0.0538904
0.0567419
0.0594749
0.0620741
0.0645253
0.0668152
0.0689314
0.0708628
0.0725991
0.0741317
0.0754534
0.0765585
0.0774432
0.0781055
0.0785455
0.0787655
0.0787699
0.078566
0.0781633
0.077574
0.0768128
0.0758973
0.0748478
0.0736877
0.072443
0.0711426
0.0698177
0.0685014
0.0672282
0.0660334
0.0649539
0.0640262
0.0632599
0.0626511
0.00662636
0.00563172
0.00460759
0.00351715
0.00233011
0.00107743
-0.00020935
-0.00150232
-0.00277418
-0.00399817
-0.00514925
-0.00620458
-0.00714343
-0.00794747
-0.00860059
-0.0090891
-0.00940164
-0.00952908
-0.00946439
-0.00920246
-0.00874009
-0.00807586
-0.00720998
-0.00614416
-0.00488164
-0.00342707
-0.0017863
3.36401e-05
0.00202454
0.00417719
0.00648147
0.00892649
0.0115005
0.0141908
0.016984
0.0198664
0.0228234
0.0258403
0.0289018
0.031992
0.0350953
0.0381956
0.0412767
0.0443224
0.0473165
0.050243
0.0530863
0.0558311
0.0584626
0.0609662
0.0633284
0.0655364
0.0675785
0.0694437
0.0711225
0.0726064
0.0738885
0.0749636
0.0758278
0.0764791
0.0769176
0.0771452
0.0771661
0.0769868
0.0766162
0.0760653
0.0753476
0.0744788
0.0734773
0.0723638
0.0711616
0.0698957
0.068593
0.067282
0.0659914
0.0647503
0.0635906
0.0625427
0.0615842
0.0606842
0.00873295
0.0074233
0.00618182
0.00494534
0.0036512
0.00232505
0.000994026
-0.00031981
-0.00159418
-0.00280711
-0.00393766
-0.00496623
-0.00587512
-0.00664842
-0.00727225
-0.00773467
-0.00802561
-0.00813714
-0.00806303
-0.00779881
-0.00734183
-0.00669092
-0.00584636
-0.00480999
-0.00358501
-0.00217585
-0.000588109
0.00117147
0.00309502
0.00517376
0.00739814
0.00975773
0.0122412
0.0148365
0.0175309
0.0203112
0.0231636
0.0260738
0.0290271
0.0320085
0.0350029
0.0379948
0.0409687
0.043909
0.0468002
0.0496268
0.0523739
0.0550266
0.0575707
0.0599922
0.0622781
0.0644159
0.0663945
0.0682031
0.0698326
0.0712746
0.0725227
0.0735715
0.0744172
0.0750578
0.0754929
0.0757243
0.0757556
0.0755928
0.0752437
0.0747183
0.0740286
0.0731887
0.072215
0.0711258
0.0699415
0.0686837
0.0673756
0.0660413
0.0647046
0.0633892
0.062123
0.0609316
0.0597614
0.0585557
0.0109177
0.00928865
0.00781851
0.00641963
0.00499887
0.00357753
0.00217958
0.000822149
-0.000477164
-0.00170045
-0.00283039
-0.00385058
-0.00474609
-0.00550342
-0.00611064
-0.0065576
-0.00683573
-0.00693814
-0.0068596
-0.00659641
-0.00614634
-0.00550862
-0.00468386
-0.003674
-0.00248221
-0.00111284
0.000428623
0.00213562
0.00400064
0.00601532
0.00817048
0.0104561
0.0128612
0.0153744
0.0179833
0.0206755
0.0234375
0.0262557
0.029116
0.0320038
0.0349046
0.0378036
0.0406858
0.043536
0.0463394
0.049081
0.0517464
0.0543211
0.0567913
0.0591435
0.0613651
0.063444
0.0653693
0.0671305
0.0687186
0.0701256
0.0713448
0.0723711
0.0732005
0.0738307
0.0742612
0.0744932
0.0745298
0.0743763
0.0740394
0.073528
0.0728528
0.0720263
0.0710629
0.0699787
0.0687913
0.0675194
0.0661828
0.0648016
0.0633957
0.0619839
0.0605913
0.0592397
0.0578459
0.0563296
0.0131248
0.0111777
0.00947322
0.00790105
0.00633929
0.00480629
0.00332357
0.00190404
0.000561262
-0.000690271
-0.00183647
-0.00286401
-0.0037604
-0.00451449
-0.00511624
-0.00555708
-0.00583007
-0.00592942
-0.00585081
-0.00559135
-0.0051494
-0.00452466
-0.00371804
-0.0027317
-0.00156886
-0.000233872
0.00126783
0.00292983
0.00474488
0.00670495
0.00880114
0.0110237
0.0133622
0.0158056
0.0183421
0.0209595
0.023645
0.0263854
0.029167
0.031976
0.0347981
0.0376191
0.0404243
0.0431993
0.0459295
0.0486005
0.0511981
0.0537083
0.0561176
0.058413
0.060582
0.0626129
0.0644948
0.0662176
0.0677721
0.0691506
0.0703464
0.0713541
0.0721696
0.0727903
0.0732153
0.0734453
0.073483
0.0733325
0.0729999
0.0724927
0.0718204
0.0709938
0.0700256
0.0689298
0.0677215
0.0664167
0.0650322
0.0635851
0.0620912
0.060566
0.0590321
0.0575087
0.0558851
0.054059
0.0153075
0.0130473
0.0111066
0.009354
0.00764106
0.00598404
0.00440261
0.00290615
0.00150495
0.000210422
-0.000966266
-0.00201442
-0.00292387
-0.0036855
-0.00429129
-0.00473425
-0.00500865
-0.00511002
-0.00503505
-0.00478154
-0.00434851
-0.00373621
-0.00294595
-0.00198004
-0.000841899
0.000464032
0.00193233
0.00355673
0.00533015
0.00724478
0.00929193
0.0114622
0.0137454
0.0161309
0.0186075
0.0211631
0.0237855
0.0264617
0.0291787
0.031923
0.0346808
0.0374381
0.0401808
0.0428948
0.045566
0.0481803
0.0507236
0.0531825
0.0555436
0.0577942
0.0599221
0.0619156
0.063764
0.065457
0.0669858
0.0683425
0.0695203
0.0705135
0.0713178
0.0719303
0.0723496
0.0725759
0.0726112
0.0724588
0.0721236
0.0716123
0.0709328
0.0700947
0.0691089
0.0679874
0.0667432
0.0653899
0.0639417
0.0624129
0.0608165
0.0591645
0.0574784
0.0557755
0.0539195
0.0517879
0.0174265
0.0148598
0.0126832
0.0107463
0.00887521
0.00708495
0.00539409
0.00380917
0.00233752
0.000987873
-0.000231042
-0.00131075
-0.00224347
-0.00302192
-0.00363971
-0.00409155
-0.00437298
-0.00448065
-0.0044122
-0.00416626
-0.00374256
-0.00314188
-0.00236589
-0.0014172
-0.000299454
0.000982734
0.00242394
0.004018
0.00575796
0.00763608
0.00964385
0.0117721
0.0140111
0.0163505
0.0187792
0.0212857
0.0238578
0.0264833
0.0291492
0.0318425
0.0345498
0.0372574
0.0399516
0.0426186
0.0452446
0.0478156
0.050318
0.0527383
0.0550636
0.0572813
0.0593792
0.0613458
0.0631702
0.0648424
0.0663533
0.067695
0.0688603
0.0698435
0.0706398
0.0712458
0.0716598
0.0718815
0.0719119
0.0717535
0.0714103
0.0708879
0.070193
0.0693338
0.0683196
0.0671607
0.0658681
0.0644534
0.0629285
0.0613055
0.0595948
0.0578061
0.0559598
0.0540725
0.0519839
0.0495526
0.0194484
0.0165824
0.0141721
0.0120487
0.0100149
0.00808483
0.00627649
0.00459403
0.0030424
0.00162801
0.000357367
-0.000763101
-0.00172742
-0.00253024
-0.00316676
-0.00363306
-0.00392601
-0.00404333
-0.00398356
-0.00374624
-0.00333182
-0.00274152
-0.00197743
-0.00104256
5.9146e-05
0.00132295
0.00274341
0.00431437
0.00602886
0.00787921
0.0098571
0.0119536
0.0141592
0.0164638
0.0188564
0.0213259
0.0238605
0.0264481
0.0290763
0.0317321
0.0344024
0.037074
0.0397333
0.0423668
0.0449609
0.0475019
0.0499762
0.0523706
0.0546723
0.0568687
0.0589478
0.0608978
0.062708
0.0643681
0.0658691
0.0672027
0.0683615
0.0693394
0.0701313
0.0707333
0.0711432
0.0713599
0.0713838
0.0712166
0.0708612
0.0703221
0.0696051
0.0687169
0.0676655
0.0664595
0.0651082
0.0636214
0.0620094
0.0602821
0.0584481
0.056515
0.0545029
0.0524282
0.0501081
0.0473835
0.0213445
0.0181864
0.0155454
0.0132348
0.0110353
0.00896085
0.00702909
0.00524224
0.00360311
0.00211628
0.000786415
-0.000382112
-0.0013849
-0.00221817
-0.00287879
-0.00336403
-0.00367197
-0.00380137
-0.0037518
-0.00352359
-0.0031178
-0.00253618
-0.00178136
-0.000856747
0.000233473
0.00148442
0.00289053
0.00444554
0.00614247
0.00797372
0.00993113
0.0120059
0.0141888
0.0164695
0.0188377
0.0212822
0.0237916
0.0263542
0.0289575
0.0315889
0.0342355
0.0368843
0.0395221
0.0421355
0.044711
0.0472348
0.0496938
0.0520747
0.0543649
0.0565516
0.0586227
0.0605666
0.0623722
0.0640293
0.0655285
0.0668612
0.0680198
0.0689976
0.0697892
0.0703902
0.0707978
0.0710102
0.0710271
0.0708491
0.0704785
0.0699186
0.0691741
0.0682507
0.0671548
0.0658938
0.0644755
0.0629082
0.0612006
0.0593611
0.0573967
0.0553134
0.0531315
0.0508677
0.0483178
0.0453062
0.0230895
0.0196466
0.016778
0.0142806
0.0119138
0.00969179
0.00763219
0.00573569
0.00400339
0.00243813
0.00104302
-0.000179195
-0.00122583
-0.00209447
-0.00278324
-0.00329075
-0.00361622
-0.00375941
-0.00372081
-0.0035015
-0.00310316
-0.00252817
-0.00177965
-0.000861413
0.000222123
0.00146586
0.00286406
0.00441031
0.0060976
0.00791841
0.00986465
0.0119276
0.0140981
0.016366
0.0187211
0.0211525
0.023649
0.0261988
0.0287899
0.0314098
0.0340458
0.0366851
0.0393145
0.0419208
0.0444906
0.0470102
0.0494664
0.0518462
0.0541368
0.0563253
0.0583996
0.0603477
0.0621586
0.0638219
0.0653277
0.0666671
0.067832
0.0688154
0.0696114
0.0702151
0.070623
0.0708326
0.0708426
0.0706531
0.0702653
0.0696817
0.0689059
0.0679424
0.0667964
0.0654742
0.0639822
0.0623276
0.0605177
0.0585598
0.0564595
0.0542215
0.051867
0.049413
0.0466352
0.0433421
0.0246615
0.0209399
0.0178471
0.0151637
0.0126289
0.0102573
0.00806679
0.00605681
0.00422705
0.00257892
0.00111393
-0.000166435
-0.00126093
-0.00216852
-0.00288848
-0.00342063
-0.00376524
-0.0039231
-0.00389551
-0.00368426
-0.0032917
-0.00272084
-0.00197529
-0.00105921
2.26898e-05
0.00126504
0.00266184
0.00420659
0.00589224
0.00771128
0.00965563
0.0117166
0.0138849
0.0161509
0.0185041
0.0209341
0.0234296
0.0259791
0.0285705
0.0311916
0.0338298
0.0364726
0.0391067
0.0417189
0.0442957
0.0468239
0.04929
0.051681
0.0539839
0.0561858
0.0582743
0.0602373
0.0620636
0.0637424
0.0652635
0.0666175
0.0677958
0.0687911
0.0695967
0.0702075
0.070619
0.070828
0.0708325
0.0706317
0.0702259
0.0696169
0.0688071
0.0677999
0.0665997
0.0652114
0.0636406
0.0618933
0.0599759
0.0578947
0.055654
0.0532581
0.0507287
0.0480839
0.0450801
0.04151
0.0260406
0.0220456
0.0187316
0.0158634
0.0131604
0.0106379
0.00831451
0.00618846
0.00425809
0.00252369
0.00098557
-0.000356159
-0.00150147
-0.00245048
-0.00320366
-0.00376189
-0.00412646
-0.00429909
-0.00428182
-0.00407717
-0.00368822
-0.00311855
-0.00237219
-0.0014537
-0.000368143
0.000878789
0.00228088
0.00383152
0.00552362
0.00734961
0.00930132
0.01137
0.0135465
0.0158212
0.0181839
0.020624
0.0231304
0.0256916
0.0282958
0.0309307
0.0335841
0.0362431
0.0388947
0.0415256
0.0441225
0.0466719
0.0491605
0.051575
0.0539023
0.0561292
0.0582432
0.060232
0.062084
0.063788
0.0653334
0.0667103
0.0679097
0.0689235
0.0697449
0.0703677
0.0707869
0.0709984
0.0709996
0.0707887
0.0703653
0.0697302
0.0688849
0.0678318
0.0665743
0.0651164
0.0634629
0.0616189
0.0595899
0.0573813
0.054997
0.0524403
0.0497344
0.0468983
0.0436697
0.0398262
0.0272086
0.0229448
0.0194121
0.0163601
0.0134893
0.0108153
0.00835761
0.00611362
0.00408059
0.00225764
0.000644053
-0.000761206
-0.00195921
-0.00295116
-0.00373864
-0.00432355
-0.00470809
-0.00489478
-0.00488647
-0.00468643
-0.00429841
-0.00372649
-0.00297513
-0.00204932
-0.000954567
0.000303151
0.00171744
0.00328156
0.00498831
0.00682997
0.00879827
0.0108845
0.0130795
0.0153737
0.0177569
0.0202187
0.0227477
0.0253328
0.027962
0.0306234
0.0333046
0.0359927
0.0386746
0.0413371
0.0439668
0.0465503
0.0490741
0.0515245
0.0538882
0.056152
0.0583031
0.0603288
0.0622172
0.0639565
0.0655356
0.0669441
0.0681727
0.0692127
0.0700564
0.070697
0.0711287
0.0713467
0.0713475
0.0711288
0.0706891
0.0700283
0.069147
0.0680468
0.0667302
0.0652004
0.0634614
0.0615176
0.0593739
0.057035
0.0545042
0.0517846
0.0489006
0.0458727
0.0424199
0.0383051
0.0281488
0.0236195
0.0198703
0.0166356
0.0135972
0.0107715
0.00817882
0.00581578
0.00367874
0.00176583
7.53327e-05
-0.00139469
-0.00264634
-0.00368192
-0.00450399
-0.00511534
-0.00551904
-0.0057184
-0.00571709
-0.00551912
-0.00512877
-0.00455062
-0.00378966
-0.00285136
-0.0017416
-0.000466594
0.000967076
0.00255246
0.00428214
0.00614824
0.00814244
0.010256
0.0124799
0.0148043
0.0172193
0.019714
0.0222775
0.0248984
0.0275652
0.0302656
0.0329872
0.0357171
0.0384422
0.0411493
0.0438249
0.0464553
0.0490269
0.0515258
0.0539383
0.0562512
0.0584511
0.0605252
0.0624608
0.0642458
0.0658686
0.0673183
0.0685848
0.069659
0.0705322
0.0711971
0.0716469
0.0718762
0.0718808
0.0716573
0.0712036
0.0705185
0.0696019
0.0684544
0.0670779
0.0654748
0.0636486
0.0616029
0.059342
0.0568704
0.0541909
0.0513065
0.048243
0.0450223
0.0413453
0.0369601
0.0288448
0.0240527
0.0200886
0.0166721
0.0134665
0.0104891
0.00776117
0.00527853
0.0030367
0.00103314
-0.000734828
-0.00227004
-0.00357556
-0.00465467
-0.00551079
-0.00614757
-0.00656891
-0.00677894
-0.0067821
-0.00658301
-0.00618649
-0.00559771
-0.0048222
-0.00386587
-0.00273491
-0.00143578
2.46789e-05
0.00163924
0.00340026
0.00529973
0.00732931
0.00948025
0.0117433
0.0141088
0.0165664
0.0191056
0.0217153
0.0243844
0.0271009
0.0298528
0.0326275
0.0354121
0.0381934
0.0409581
0.0436926
0.0463829
0.0490151
0.0515752
0.0540493
0.0564236
0.0586845
0.0608187
0.062813
0.0646547
0.0663316
0.0678324
0.0691463
0.0702633
0.0711741
0.0718704
0.0723449
0.0725912
0.0726044
0.0723802
0.0719156
0.0712086
0.0702582
0.0690643
0.0676281
0.0659514
0.0640369
0.061888
0.0595083
0.0569021
0.054072
0.0510209
0.0477763
0.0443617
0.0404598
0.0358038
0.029281
0.0242278
0.02005
0.0164523
0.01308
0.0099511
0.00708785
0.00448543
0.00213871
4.43996e-05
-0.00180096
-0.00340112
-0.00476004
-0.00588181
-0.00677068
-0.00743118
-0.00786802
-0.00808611
-0.00809056
-0.00788655
-0.00747955
-0.00687532
-0.0060799
-0.00509956
-0.00394079
-0.00261039
-0.00111553
0.000536283
0.00233724
0.00427924
0.00635383
0.00855215
0.0108648
0.013282
0.0157935
0.0183887
0.0210566
0.0237859
0.0265646
0.0293805
0.032221
0.0350732
0.0379237
0.0407592
0.0435657
0.0463291
0.0490351
0.0516694
0.054218
0.0566665
0.059001
0.0612074
0.0632722
0.0651821
0.0669243
0.0684868
0.0698581
0.0710273
0.0719843
0.0727202
0.0732266
0.0734966
0.073524
0.0733041
0.0728328
0.0721072
0.0711255
0.069887
0.0683922
0.0666423
0.0646394
0.0623864
0.0598868
0.0571445
0.0541621
0.0509428
0.0475154
0.0439052
0.0397766
0.0348482
0.0294423
0.0241287
0.0197377
0.0159595
0.0124206
0.00914045
0.00614206
0.0034201
0.000968838
-0.00121577
-0.00313792
-0.00480219
-0.00621333
-0.00737618
-0.00829588
-0.00897778
-0.00942737
-0.00965025
-0.00965214
-0.00943891
-0.00901666
-0.00839171
-0.00757053
-0.00655973
-0.0053662
-0.00399713
-0.00246001
-0.000762597
0.00108717
0.00308104
0.00521041
0.00746623
0.009839
0.0123188
0.0148955
0.0175583
0.0202963
0.0230979
0.0259511
0.0288437
0.0317629
0.0346957
0.0376288
0.0405482
0.0434401
0.0462898
0.049083
0.051805
0.0544413
0.0569772
0.059398
0.0616894
0.0638371
0.0658272
0.0676464
0.0692819
0.0707212
0.0719528
0.0729657
0.0737499
0.0742965
0.0745976
0.0746461
0.0744362
0.0739632
0.0732232
0.0722137
0.0709334
0.0693818
0.0675599
0.0654692
0.063112
0.0604918
0.0576124
0.0544763
0.0510869
0.0474747
0.0436667
0.0393091
0.0341052
0.0293134
0.0237394
0.0191354
0.0151766
0.0114714
0.00804017
0.00490701
0.00206609
-0.000489065
-0.0027631
-0.00476093
-0.00648786
-0.00794938
-0.00915119
-0.0100992
-0.0107996
-0.0112585
-0.0114823
-0.0114772
-0.01125
-0.0108072
-0.0101557
-0.00930242
-0.00825432
-0.00701876
-0.00560332
-0.00401579
-0.0022641
-0.000356384
0.00169891
0.00389295
0.00621652
0.00866001
0.0112135
0.0138667
0.0166089
0.0194289
0.0223151
0.0252554
0.0282374
0.0312483
0.0342749
0.0373037
0.0403206
0.0433113
0.0462611
0.0491551
0.0519785
0.0547161
0.0573529
0.0598735
0.062263
0.0645065
0.0665896
0.0684982
0.0702185
0.0717374
0.0730422
0.0741213
0.0749638
0.0755597
0.0759002
0.0759774
0.0757844
0.0753156
0.0745665
0.0735336
0.0722149
0.0706094
0.0687174
0.06654
0.0640791
0.0613381
0.0583208
0.0550297
0.0514682
0.0476691
0.0436607
0.0390706
0.0335871
0.0288789
0.0230438
0.0182262
0.0140866
0.0102153
0.00663322
0.00336577
0.000406603
-0.00225148
-0.00461368
-0.00668556
-0.00847316
-0.00998274
-0.0112208
-0.0121941
-0.0129094
-0.0133736
-0.0135937
-0.0135769
-0.0133303
-0.0128612
-0.0121768
-0.0112845
-0.0101919
-0.00890672
-0.00743685
-0.00579037
-0.00397541
-0.00200037
0.000126061
0.00239483
0.00479659
0.00732164
0.00995999
0.0127013
0.0155346
0.0184487
0.0214318
0.0244717
0.0275561
0.0306718
0.0338057
0.0369437
0.0400716
0.0431749
0.0462386
0.0492476
0.0521864
0.0550394
0.0577909
0.0604252
0.0629265
0.0652796
0.067469
0.06948
0.0712978
0.0729085
0.0742984
0.075455
0.0763664
0.0770217
0.077411
0.0775254
0.0773571
0.0768996
0.0761473
0.0750963
0.0737437
0.0720879
0.0701284
0.0678661
0.0653025
0.0624409
0.0592851
0.0558377
0.0521023
0.0481135
0.0439015
0.0390749
0.0333064
0.0281233
0.0220254
0.0169933
0.0126725
0.00863481
0.00490221
0.00150104
-0.00157553
-0.00433526
-0.00678396
-0.00892785
-0.0107737
-0.0123286
-0.0135997
-0.0145945
-0.0153205
-0.0157854
-0.0159968
-0.0159628
-0.0156909
-0.015189
-0.0144649
-0.0135265
-0.0123817
-0.0110389
-0.00950608
-0.00779172
-0.00590421
-0.00385224
-0.00164473
0.000709068
0.00319969
0.00581735
0.00855194
0.0113929
0.0143293
0.0173497
0.0204422
0.0235946
0.0267943
0.0300282
0.0332826
0.0365435
0.0397964
0.0430264
0.0462183
0.0493565
0.052425
0.0554078
0.0582886
0.0610509
0.0636785
0.0661553
0.0684652
0.0705923
0.0725212
0.0742367
0.0757244
0.0769707
0.0779627
0.0786884
0.0791369
0.0792981
0.0791634
0.078725
0.0779769
0.076914
0.0755328
0.0738309
0.0718074
0.0694625
0.0667978
0.0638161
0.0605215
0.0569166
0.0530052
0.0488239
0.0444046
0.0393365
0.0332763
0.0270302
0.0206675
0.0154194
0.0109167
0.00671235
0.00282933
-0.000704983
-0.00389789
-0.00675771
-0.00929093
-0.0115044
-0.0134057
-0.0150025
-0.0163028
-0.0173148
-0.0180468
-0.0185072
-0.0187045
-0.0186471
-0.0183435
-0.0178019
-0.0170306
-0.0160383
-0.0148334
-0.0134244
-0.0118198
-0.0100283
-0.00805866
-0.00591987
-0.00362109
-0.00117168
0.00141874
0.00414025
0.00698258
0.00993504
0.0129865
0.0161255
0.0193401
0.0226179
0.0259462
0.0293116
0.0327003
0.036098
0.0394899
0.042861
0.0461956
0.0494777
0.0526908
0.0558183
0.0588432
0.0617486
0.0645176
0.067133
0.0695781
0.0718359
0.0738901
0.0757245
0.0773237
0.078673
0.0797583
0.0805665
0.0810855
0.0813043
0.0812129
0.0808029
0.080067
0.0789994
0.0775958
0.075853
0.0737695
0.0713452
0.0685813
0.0654805
0.0620469
0.0582833
0.0541938
0.0498166
0.0451859
0.0398706
0.033511
0.0255832
0.0189528
0.0134869
0.00880115
0.00442963
0.000396262
-0.00327055
-0.00657856
-0.00953674
-0.0121522
-0.0144325
-0.0163858
-0.0180207
-0.0193458
-0.0203701
-0.0211028
-0.021553
-0.0217299
-0.0216426
-0.0213
-0.0207112
-0.0198851
-0.0188308
-0.017557
-0.0160729
-0.0143871
-0.0125089
-0.0104473
-0.0082115
-0.0058109
-0.00325501
-0.000553632
0.00228314
0.00524488
0.00832074
0.0114995
0.0147697
0.0181192
0.0215355
0.0250057
0.0285163
0.0320531
0.0356017
0.0391471
0.0426739
0.0461661
0.0496071
0.05298
0.0562675
0.0594522
0.0625163
0.0654422
0.0682119
0.0708077
0.0732116
0.0754063
0.0773746
0.0791
0.0805665
0.0817589
0.0826628
0.0832649
0.083553
0.0835161
0.0831445
0.0824301
0.081366
0.0799471
0.0781694
0.0760309
0.0735308
0.0706703
0.0674517
0.0638794
0.0599559
0.0556858
0.0511093
0.0462624
0.0406933
0.0340256
0.023765
0.0168632
0.0111773
0.00630715
0.00176776
-0.00241594
-0.00621453
-0.0096363
-0.0126909
-0.015386
-0.0177299
-0.0197314
-0.0213999
-0.0227449
-0.0237762
-0.0245037
-0.0249374
-0.025087
-0.0249624
-0.0245732
-0.0239291
-0.0230398
-0.0219147
-0.020563
-0.0189942
-0.0172177
-0.0152428
-0.0130789
-0.0107356
-0.00822229
-0.00554878
-0.00272507
0.000238573
0.00333155
0.00654296
0.00986153
0.0132756
0.016773
0.0203411
0.0239667
0.0276362
0.0313352
0.0350491
0.0387627
0.0424602
0.0461251
0.0497404
0.0532887
0.0567522
0.0601126
0.0633518
0.0664509
0.0693913
0.0721541
0.0747205
0.0770719
0.07919
0.0810573
0.0826563
0.0839707
0.0849847
0.0856837
0.0860541
0.0860838
0.0857621
0.0850795
0.0840282
0.0826021
0.0807965
0.0786086
0.0760372
0.0730831
0.0697485
0.0660377
0.0619534
0.0575002
0.0527205
0.0476522
0.0418222
0.0348365
0.0215574
0.0143801
0.00847134
0.0034152
-0.00129286
-0.00562696
-0.00955661
-0.0130907
-0.0162394
-0.0190112
-0.021415
-0.0234604
-0.0251576
-0.0265171
-0.0275494
-0.0282652
-0.0286751
-0.0287899
-0.0286201
-0.028176
-0.0274682
-0.0265066
-0.0253013
-0.023862
-0.0221988
-0.0203213
-0.0182393
-0.0159626
-0.0135007
-0.0108635
-0.00806103
-0.00510339
-0.00200107
0.00123523
0.00459453
0.0080655
0.0116363
0.0152948
0.019028
0.0228228
0.0266652
0.0305408
0.0344347
0.0383314
0.0422147
0.0460678
0.0498733
0.0536132
0.057269
0.060822
0.0642529
0.0675423
0.0706705
0.0736175
0.0763635
0.0788888
0.0811739
0.0831998
0.0849479
0.0864004
0.08754
0.0883508
0.088818
0.0889279
0.0886685
0.0880293
0.0870013
0.0855771
0.0837515
0.0815208
0.0788833
0.0758393
0.072391
0.0685423
0.0642961
0.0596572
0.0546702
0.049375
0.0432761
0.0359614
0.0189415
0.0114838
0.00534898
0.00010498
-0.00477274
-0.00925737
-0.0133173
-0.0169619
-0.0202023
-0.0230474
-0.0255069
-0.0275915
-0.029312
-0.0306798
-0.0317064
-0.0324032
-0.0327817
-0.0328535
-0.0326299
-0.0321221
-0.0313411
-0.0302976
-0.0290021
-0.0274651
-0.025697
-0.023708
-0.0215081
-0.0191073
-0.0165157
-0.0137431
-0.0107999
-0.00769653
-0.00444348
-0.00105155
0.00246822
0.00610439
0.00984507
0.0136778
0.0175898
0.0215676
0.0255971
0.0296639
0.0337527
0.0378477
0.0419324
0.0459896
0.0500014
0.0539495
0.0578146
0.0615773
0.0652176
0.068715
0.0720489
0.0751983
0.0781421
0.0808595
0.0833297
0.0855322
0.0874471
0.0890549
0.0903372
0.0912762
0.0918557
0.0920607
0.0918776
0.0912946
0.0903014
0.0888897
0.0870531
0.0847871
0.0820894
0.0789599
0.0754004
0.0714149
0.067006
0.0621788
0.0569801
0.0514519
0.0450755
0.0374199
0.0158972
0.00815367
0.00178921
-0.0036448
-0.00869336
-0.0133286
-0.0175179
-0.0212712
-0.0246003
-0.027515
-0.0300258
-0.0321441
-0.0338819
-0.0352513
-0.0362647
-0.0369345
-0.0372732
-0.0372931
-0.0370064
-0.0364252
-0.0355609
-0.0344251
-0.0330289
-0.0313835
-0.0294996
-0.0273879
-0.0250587
-0.0225223
-0.0197892
-0.0168695
-0.0137737
-0.0105124
-0.00709629
-0.00353618
0.000156799
0.00397113
0.0078948
0.0119153
0.0160198
0.0201946
0.0244258
0.0286984
0.0329972
0.037306
0.0416079
0.0458855
0.0501204
0.0542936
0.0583855
0.0623758
0.0662436
0.0699676
0.0735259
0.0768966
0.0800575
0.0829863
0.0856608
0.0880592
0.0901599
0.0919419
0.0933849
0.09447
0.095179
0.0954953
0.0954039
0.0948914
0.0939461
0.0925584
0.0907208
0.0884281
0.0856772
0.0824673
0.0787999
0.0746788
0.0701066
0.0650885
0.0596735
0.0539059
0.0472426
0.0392331
0.0124034
0.00436815
-0.00223007
-0.00785654
-0.0130772
-0.0178632
-0.0221808
-0.0260406
-0.0294553
-0.0324355
-0.0349925
-0.0371387
-0.038887
-0.0402504
-0.0412425
-0.0418765
-0.0421661
-0.0421244
-0.0417645
-0.0410993
-0.0401409
-0.0389018
-0.0373938
-0.0356285
-0.0336172
-0.031371
-0.0289006
-0.0262167
-0.02333
-0.020251
-0.0169904
-0.0135588
-0.00996699
-0.00622594
-0.00234683
0.00165873
0.00577872
0.0100006
0.0143115
0.0186976
0.0231449
0.0276384
0.0321625
0.0367007
0.0412361
0.0457506
0.0502257
0.0546417
0.0589783
0.0632146
0.0673287
0.0712984
0.0751009
0.078713
0.0821112
0.0852718
0.0881711
0.0907858
0.0930926
0.0950689
0.0966927
0.0979431
0.0988002
0.0992458
0.0992629
0.0988366
0.0979535
0.0966029
0.0947759
0.0924662
0.0896699
0.0863855
0.0826141
0.0783592
0.0736233
0.0684116
0.0627757
0.0567619
0.0498017
0.0414244
0.008438
0.000104346
-0.00673212
-0.0125538
-0.0179479
-0.0228847
-0.0273295
-0.0312936
-0.0347904
-0.0378314
-0.0404289
-0.0425964
-0.0443475
-0.0456967
-0.0466584
-0.0472472
-0.0474775
-0.0473636
-0.0469195
-0.0461588
-0.0450948
-0.0437406
-0.0421087
-0.0402114
-0.0380604
-0.0356673
-0.0330433
-0.0301995
-0.0271468
-0.0238959
-0.0204578
-0.0168431
-0.0130628
-0.00912783
-0.00504953
-0.000839485
0.00349028
0.00792728
0.0124585
0.0170704
0.0217486
0.0264779
0.0312427
0.0360264
0.0408116
0.0455801
0.0503127
0.0549895
0.0595894
0.0640906
0.0684707
0.0727062
0.0767734
0.0806478
0.0843045
0.0877185
0.0908645
0.0937174
0.0962522
0.0984444
0.10027
0.101707
0.102733
0.103327
0.103471
0.103148
0.102344
0.101044
0.0992409
0.0969253
0.0940926
0.0907406
0.0868698
0.0824833
0.0775836
0.072176
0.0663143
0.060047
0.0527793
0.0440192
0.00397742
-0.00466193
-0.0117415
-0.0177613
-0.0233304
-0.0284183
-0.032989
-0.0370547
-0.0406297
-0.0437264
-0.0463581
-0.0485393
-0.050285
-0.0516108
-0.0525322
-0.0530651
-0.053225
-0.0530272
-0.0524867
-0.0516183
-0.0504362
-0.0489542
-0.0471857
-0.0451433
-0.0428396
-0.0402866
-0.037496
-0.0344792
-0.0312475
-0.0278118
-0.0241831
-0.0203723
-0.0163904
-0.0122484
-0.00795768
-0.00352976
0.00102338
0.00568933
0.0104551
0.0153071
0.0202309
0.0252113
0.0302325
0.0352778
0.0403295
0.0453691
0.0503772
0.0553331
0.0602152
0.065001
0.0696672
0.0741894
0.0785427
0.0827013
0.0866391
0.0903293
0.093745
0.0968593
0.0996454
0.102077
0.104128
0.105774
0.10699
0.107754
0.108046
0.107846
0.107137
0.105906
0.10414
0.101831
0.0989721
0.0955604
0.0915956
0.0870806
0.0820175
0.0764116
0.0703191
0.0637909
0.0562044
0.0470453
-0.00100311
-0.00995624
-0.0172845
-0.0235055
-0.0292514
-0.0344906
-0.0391858
-0.0433501
-0.0469988
-0.0501452
-0.0528039
-0.0549906
-0.0567217
-0.0580139
-0.0588841
-0.0593494
-0.0594265
-0.0591321
-0.0584822
-0.0574928
-0.056179
-0.0545555
-0.0526363
-0.0504351
-0.0479648
-0.0452382
-0.0422674
-0.0390641
-0.0356399
-0.0320059
-0.0281732
-0.0241529
-0.019956
-0.0155937
-0.0110771
-0.00641775
-0.0016275
0.00328132
0.0082958
0.0134023
0.0185866
0.0238333
0.0291266
0.0344497
0.0397848
0.0451132
0.0504147
0.0556685
0.0608523
0.0659428
0.070916
0.0757465
0.0804082
0.0848741
0.0891164
0.0931069
0.0968168
0.100217
0.10328
0.105976
0.108277
0.110156
0.111587
0.112544
0.113006
0.112949
0.112357
0.111211
0.109499
0.107211
0.104337
0.100875
0.0968228
0.092183
0.0869573
0.0811509
0.0748227
0.0680257
0.0601083
0.0505332
-0.00652993
-0.0158058
-0.0233887
-0.0298147
-0.0357393
-0.0411297
-0.0459478
-0.0502072
-0.0539245
-0.0571141
-0.0597919
-0.0619749
-0.063681
-0.0649282
-0.0657349
-0.0661196
-0.0661005
-0.0656954
-0.0649219
-0.0637968
-0.0623366
-0.0605567
-0.0584721
-0.0560972
-0.0534458
-0.050531
-0.0473656
-0.0439616
-0.0403308
-0.0364845
-0.032434
-0.0281905
-0.0237651
-0.0191689
-0.0144128
-0.00950835
-0.0044672
0.000698438
0.00597577
0.0113513
0.0168108
0.0223391
0.0279203
0.0335376
0.0391731
0.0448077
0.0504211
0.0559919
0.0614972
0.0669132
0.0722149
0.0773761
0.0823694
0.0871665
0.0917381
0.0960542
0.100084
0.103797
0.107163
0.11015
0.112728
0.114867
0.116539
0.117715
0.11837
0.118481
0.118026
0.116986
0.115347
0.113094
0.110219
0.106717
0.102585
0.097825
0.0924381
0.0864295
0.0798605
0.0727867
0.0645257
0.0545162
-0.0126311
-0.0222397
-0.0300839
-0.0367189
-0.0428242
-0.0483659
-0.0533047
-0.0576552
-0.0614353
-0.0646608
-0.0673487
-0.0695177
-0.0711871
-0.0723766
-0.0731062
-0.073396
-0.0732657
-0.0727346
-0.0718217
-0.0705451
-0.0689223
-0.0669699
-0.0647039
-0.0621396
-0.0592914
-0.0561732
-0.052798
-0.0491783
-0.0453261
-0.0412531
-0.0369707
-0.0324901
-0.0278223
-0.0229783
-0.017969
-0.0128056
-0.00749975
-0.00206337
0.00349093
0.00914986
0.0148993
0.0207245
0.0266094
0.0325374
0.0384902
0.0444488
0.0503926
0.0562996
0.0621467
0.0679094
0.0735618
0.0790768
0.0844258
0.0895791
0.0945058
0.0991742
0.103552
0.107606
0.111303
0.11461
0.117493
0.119921
0.121862
0.123285
0.124161
0.124464
0.124171
0.123259
0.121711
0.119513
0.116652
0.113122
0.108919
0.104044
0.0984982
0.0922859
0.0854712
0.0781121
0.0694941
0.0590308
-0.0193365
-0.0292889
-0.0374019
-0.0442502
-0.0505382
-0.056231
-0.0612881
-0.0657253
-0.0695618
-0.0728146
-0.0755025
-0.0776457
-0.0792653
-0.0803829
-0.0810203
-0.0811992
-0.0809412
-0.0802672
-0.0791976
-0.0777519
-0.075949
-0.0738068
-0.0713422
-0.0685715
-0.0655099
-0.0621718
-0.0585708
-0.0547198
-0.050631
-0.0463164
-0.0417874
-0.0370552
-0.0321309
-0.0270251
-0.0217487
-0.0163126
-0.0107282
-0.00500718
0.000838136
0.00679479
0.012849
0.0189861
0.0251905
0.0314453
0.0377325
0.0440328
0.0503256
0.0565885
0.062798
0.068929
0.0749548
0.0808473
0.0865769
0.0921123
0.0974211
0.10247
0.107224
0.111648
0.115707
0.119365
0.122585
0.125333
0.127573
0.129273
0.130399
0.130923
0.130818
0.13006
0.128626
0.126501
0.123671
0.120127
0.115863
0.110881
0.105179
0.0987622
0.091697
0.0840438
0.0750547
0.0641168
-0.026678
-0.0369864
-0.0453764
-0.0524427
-0.0589156
-0.0647593
-0.069932
-0.0744508
-0.078336
-0.0816066
-0.0842829
-0.0863871
-0.0879422
-0.088972
-0.0895001
-0.0895504
-0.0891463
-0.0883105
-0.0870651
-0.0854312
-0.0834292
-0.0810782
-0.0783965
-0.0754012
-0.0721083
-0.0685329
-0.0646891
-0.0605902
-0.0562489
-0.0516772
-0.0468866
-0.0418882
-0.0366928
-0.0313111
-0.0257536
-0.0200311
-0.0141544
-0.00813492
-0.00198462
0.00428396
0.0106574
0.0171215
0.0236608
0.0302586
0.036897
0.0435568
0.0502172
0.0568557
0.0634484
0.0699696
0.076392
0.0826865
0.0888222
0.0947667
0.100486
0.105944
0.111105
0.115932
0.120385
0.124426
0.128017
0.131118
0.133691
0.1357
0.137109
0.137885
0.137997
0.137419
0.136125
0.134096
0.131316
0.127774
0.123462
0.11838
0.112526
0.105904
0.0985839
0.0906278
0.0812525
0.0698179
-0.0346897
-0.0453676
-0.0540437
-0.0613333
-0.0679937
-0.0739878
-0.0792729
-0.0838671
-0.0877925
-0.0910698
-0.0937214
-0.0957715
-0.0972456
-0.0981695
-0.0985693
-0.0984711
-0.0979003
-0.0968817
-0.0954394
-0.0935963
-0.0913743
-0.0887942
-0.0858752
-0.0826355
-0.0790922
-0.0752609
-0.0711564
-0.0667925
-0.062182
-0.0573371
-0.0522692
-0.0469895
-0.0415085
-0.0358366
-0.0299841
-0.0239612
-0.0177786
-0.0114471
-0.00497801
0.00161649
0.00832354
0.0151293
0.0220186
0.0289753
0.0359817
0.0430185
0.0500651
0.0570989
0.0640957
0.0710293
0.0778718
0.0845932
0.0911615
0.0975428
0.103702
0.1096
0.115201
0.120462
0.125344
0.129804
0.1338
0.137291
0.140233
0.142588
0.144314
0.145376
0.145739
0.145372
0.144246
0.142338
0.13963
0.136108
0.131762
0.12659
0.120589
0.113763
0.106182
0.0979141
0.088137
0.076182
-0.043408
-0.0544709
-0.0634433
-0.0709619
-0.0778125
-0.0839564
-0.0893498
-0.0940124
-0.097968
-0.101239
-0.103851
-0.10583
-0.107204
-0.108002
-0.108252
-0.107983
-0.107222
-0.105998
-0.104335
-0.10226
-0.0997952
-0.0969634
-0.0937852
-0.0902799
-0.0864655
-0.0823585
-0.0779744
-0.0733273
-0.0684303
-0.0632954
-0.0579344
-0.0523579
-0.0465764
-0.0406
-0.0344384
-0.0281016
-0.0215996
-0.0149425
-0.00814114
-0.00120704
0.0058475
0.0130092
0.0202635
0.0275946
0.0349852
0.0424164
0.0498676
0.0573163
0.0647382
0.0721066
0.079393
0.0865666
0.0935945
0.100442
0.10707
0.113442
0.119515
0.125246
0.130593
0.135509
0.13995
0.143869
0.14722
0.149959
0.152042
0.153427
0.154077
0.153954
0.153027
0.151269
0.148658
0.145176
0.140813
0.135563
0.129422
0.122392
0.114548
0.105958
0.095762
0.0832615
-0.0528722
-0.0643375
-0.0736177
-0.0813719
-0.0884154
-0.0947082
-0.100205
-0.104928
-0.108902
-0.112153
-0.114708
-0.116596
-0.117849
-0.118497
-0.118573
-0.118108
-0.117132
-0.115676
-0.113767
-0.111434
-0.108701
-0.105593
-0.102132
-0.0983378
-0.0942303
-0.0898267
-0.0851429
-0.0801934
-0.0749915
-0.0695495
-0.0638786
-0.0579897
-0.0518928
-0.0455974
-0.039113
-0.0324487
-0.0256139
-0.0186181
-0.0114713
-0.0041844
0.00323111
0.0107626
0.0183963
0.0261168
0.0339076
0.0417501
0.0496241
0.0575071
0.0653748
0.0732002
0.0809546
0.0886062
0.0961214
0.103464
0.110594
0.117471
0.124052
0.130291
0.136141
0.141554
0.14648
0.150869
0.154672
0.157838
0.160319
0.162069
0.163045
0.163205
0.162512
0.160937
0.15845
0.155033
0.150671
0.145357
0.139083
0.131852
0.12374
0.114819
0.104187
0.0911137
-0.0631252
-0.0750124
-0.0846134
-0.0926104
-0.0998497
-0.10629
-0.111885
-0.116658
-0.120637
-0.123851
-0.126329
-0.128104
-0.129211
-0.129683
-0.129558
-0.128868
-0.127648
-0.125931
-0.123748
-0.121128
-0.1181
-0.114689
-0.110918
-0.106811
-0.102387
-0.0976638
-0.0926589
-0.0873868
-0.081861
-0.0760937
-0.0700962
-0.0638789
-0.0574514
-0.0508228
-0.0440016
-0.0369965
-0.0298159
-0.0224686
-0.0149639
-0.00731144
0.000477913
0.00839246
0.0164192
0.0245438
0.0327501
0.0410204
0.0493347
0.0576711
0.066005
0.0743098
0.0825561
0.0907118
0.0987423
0.10661
0.114274
0.121692
0.128817
0.135602
0.141996
0.147948
0.153404
0.158309
0.162609
0.166249
0.169175
0.171335
0.172681
0.173166
0.172748
0.17139
0.169061
0.165736
0.161397
0.156034
0.149638
0.142209
0.133826
0.124564
0.113477
0.0998017
-0.0742132
-0.0865447
-0.0964812
-0.104729
-0.112167
-0.118753
-0.124439
-0.129251
-0.13322
-0.136376
-0.138754
-0.14039
-0.141323
-0.14159
-0.141232
-0.140286
-0.13879
-0.136779
-0.13429
-0.131352
-0.127998
-0.124254
-0.120146
-0.115698
-0.110932
-0.105865
-0.100517
-0.0949007
-0.089031
-0.0829199
-0.0765784
-0.0700165
-0.0632432
-0.0562669
-0.0490954
-0.0417365
-0.0341976
-0.0264867
-0.0186118
-0.0105819
-0.00240658
0.00590355
0.0143365
0.0228788
0.0315154
0.0402291
0.0490008
0.0578088
0.0666292
0.0754352
0.0841974
0.0928834
0.101458
0.109881
0.118113
0.126106
0.133815
0.141186
0.148168
0.154704
0.160737
0.166206
0.171053
0.175217
0.178639
0.18126
0.183025
0.183882
0.183782
0.182682
0.180547
0.177345
0.173056
0.167663
0.161157
0.153535
0.144879
0.135265
0.123704
0.109395
-0.0861868
-0.0989882
-0.109277
-0.117784
-0.125424
-0.132153
-0.137922
-0.142759
-0.146699
-0.149775
-0.152027
-0.153494
-0.15422
-0.154248
-0.153622
-0.152383
-0.150574
-0.148235
-0.145402
-0.142112
-0.138398
-0.134289
-0.129813
-0.124996
-0.11986
-0.114424
-0.108707
-0.102725
-0.0964907
-0.0900166
-0.0833133
-0.0763903
-0.0692559
-0.0619177
-0.0543826
-0.0466573
-0.0387482
-0.0306621
-0.0224059
-0.0139873
-0.00541459
0.00330274
0.012154
0.0211269
0.0302075
0.0393795
0.0486247
0.0579222
0.0672485
0.0765773
0.0858791
0.0951212
0.104268
0.113279
0.122111
0.130718
0.139049
0.14705
0.154665
0.161833
0.168492
0.174579
0.180027
0.184771
0.188743
0.191881
0.194119
0.1954
0.195668
0.194874
0.192973
0.189931
0.18572
0.180321
0.173719
0.16591
0.156978
0.147004
0.134946
0.11997
-0.0991015
-0.112402
-0.123061
-0.131839
-0.139684
-0.146552
-0.152394
-0.15724
-0.161128
-0.164098
-0.166193
-0.167457
-0.167939
-0.167689
-0.166753
-0.165181
-0.163018
-0.160309
-0.157094
-0.153413
-0.149301
-0.144792
-0.139915
-0.134697
-0.129161
-0.123329
-0.117218
-0.110846
-0.104226
-0.0973685
-0.0902853
-0.0829846
-0.0754738
-0.0677597
-0.059848
-0.0517443
-0.0434537
-0.0349817
-0.0263338
-0.0175162
-0.00853589
0.000599235
0.00987988
0.0192951
0.0288323
0.0384764
0.0482103
0.0580141
0.067865
0.0777373
0.0876019
0.097426
0.107173
0.116803
0.126271
0.135529
0.144523
0.153198
0.161493
0.169345
0.176685
0.183445
0.189553
0.194936
0.199521
0.203235
0.206008
0.207772
0.208464
0.208026
0.206408
0.203566
0.199468
0.194089
0.187409
0.179422
0.170214
0.159869
0.147292
0.13161
-0.113019
-0.126852
-0.137904
-0.146962
-0.155015
-0.162018
-0.16792
-0.172756
-0.176568
-0.1794
-0.1813
-0.182322
-0.182518
-0.181944
-0.180654
-0.178702
-0.176138
-0.173013
-0.169371
-0.165256
-0.160706
-0.155758
-0.150443
-0.144789
-0.138822
-0.132564
-0.126033
-0.119246
-0.112217
-0.104957
-0.0974749
-0.0897797
-0.0818775
-0.0737737
-0.065473
-0.0569796
-0.0482971
-0.0394293
-0.0303803
-0.0211547
-0.0117576
-0.00219534
0.00752444
0.0173925
0.0273975
0.0375262
0.0477628
0.0580885
0.0684818
0.0789176
0.0893674
0.0997987
0.110175
0.120455
0.130594
0.140541
0.150242
0.159637
0.168662
0.177251
0.185329
0.192823
0.199654
0.205741
0.211005
0.215363
0.218737
0.22105
0.222229
0.222207
0.220925
0.218332
0.214387
0.209058
0.202323
0.194169
0.184685
0.173958
0.160837
0.14441
-0.128006
-0.142411
-0.15388
-0.163231
-0.171496
-0.178628
-0.184575
-0.189377
-0.193081
-0.195738
-0.197403
-0.198135
-0.197995
-0.197046
-0.195349
-0.192963
-0.189947
-0.186354
-0.182236
-0.17764
-0.172607
-0.167177
-0.161383
-0.155257
-0.148825
-0.142109
-0.13513
-0.127903
-0.120441
-0.112757
-0.104858
-0.0967517
-0.0884432
-0.0799367
-0.0712353
-0.0623416
-0.0532576
-0.0439855
-0.0345273
-0.0248857
-0.0150641
-0.00506678
0.00510039
0.01543
0.0259128
0.0365371
0.0472888
0.0581508
0.0691028
0.0801209
0.0911774
0.10224
0.113274
0.124236
0.13508
0.145756
0.156207
0.16637
0.176178
0.18556
0.194437
0.20273
0.210352
0.217215
0.223231
0.228308
0.232358
0.235293
0.23703
0.237491
0.236607
0.234317
0.230571
0.22533
0.218565
0.210258
0.2005
0.189381
0.17569
0.158471
-0.144141
-0.159162
-0.171077
-0.180734
-0.189213
-0.196465
-0.202439
-0.207179
-0.210739
-0.213177
-0.214557
-0.214945
-0.214412
-0.213028
-0.210863
-0.207984
-0.204456
-0.200339
-0.195689
-0.190558
-0.184992
-0.179033
-0.172719
-0.166081
-0.159147
-0.151941
-0.144483
-0.136788
-0.128871
-0.120741
-0.112406
-0.103872
-0.0951432
-0.0862213
-0.0771084
-0.0678049
-0.0583112
-0.0486271
-0.0387529
-0.028689
-0.0184367
-0.00799822
0.00262289
0.0134213
0.0243899
0.0355191
0.0467967
0.0582076
0.069733
0.0813508
0.0930342
0.104752
0.116469
0.128144
0.13973
0.151174
0.162419
0.1734
0.184046
0.19428
0.204022
0.213182
0.221669
0.229386
0.236234
0.242112
0.246921
0.25056
0.252936
0.253957
0.253542
0.251618
0.248125
0.243016
0.236251
0.227809
0.217781
0.206259
0.191969
0.173909
-0.161507
-0.177197
-0.189589
-0.199568
-0.208264
-0.215625
-0.221603
-0.226247
-0.229619
-0.231787
-0.232822
-0.232804
-0.231811
-0.229924
-0.227222
-0.223781
-0.219674
-0.214967
-0.209723
-0.203999
-0.197846
-0.191308
-0.184426
-0.177233
-0.169759
-0.162028
-0.154059
-0.14587
-0.137473
-0.128876
-0.120086
-0.111108
-0.101945
-0.0925961
-0.0830616
-0.0733401
-0.0634296
-0.0533276
-0.0430322
-0.0325414
-0.0218541
-0.01097
0.000109591
0.011382
0.0228424
0.0344837
0.0462961
0.0582666
0.0703785
0.0826114
0.0949404
0.107336
0.119762
0.13218
0.144542
0.156795
0.168879
0.180728
0.192269
0.203419
0.214093
0.224196
0.233627
0.242281
0.25005
0.25682
0.26248
0.266917
0.270021
0.271689
0.271824
0.27034
0.267164
0.262237
0.255511
0.246956
0.236665
0.22473
0.209809
0.190851
-0.180203
-0.196622
-0.209529
-0.219846
-0.228759
-0.236216
-0.242169
-0.246675
-0.249807
-0.251642
-0.252264
-0.251765
-0.250234
-0.247765
-0.244447
-0.240367
-0.235604
-0.230236
-0.22433
-0.217948
-0.211147
-0.203975
-0.196475
-0.188681
-0.180625
-0.172332
-0.163822
-0.155109
-0.146206
-0.137121
-0.127859
-0.118422
-0.108811
-0.0990246
-0.0890601
-0.0789136
-0.0685808
-0.0580567
-0.0473367
-0.0364163
-0.0252917
-0.0139599
-0.00241931
0.00933002
0.0212861
0.0334446
0.0457982
0.0583367
0.0710458
0.0839074
0.0968985
0.109991
0.123152
0.136342
0.149514
0.162615
0.175585
0.188355
0.200848
0.212981
0.224659
0.235783
0.246244
0.255928
0.264714
0.272477
0.279091
0.284429
0.288366
0.29078
0.291558
0.290599
0.287815
0.283132
0.276489
0.267849
0.257303
0.244946
0.229358
0.209441
-0.200338
-0.217556
-0.231021
-0.241694
-0.250824
-0.258358
-0.26425
-0.268568
-0.271396
-0.272824
-0.272953
-0.271885
-0.269727
-0.266584
-0.26256
-0.257751
-0.252248
-0.246136
-0.239491
-0.232381
-0.224867
-0.217001
-0.208827
-0.200385
-0.191704
-0.182811
-0.173725
-0.16446
-0.155026
-0.145432
-0.135679
-0.125769
-0.115699
-0.105466
-0.0950642
-0.0844876
-0.0737289
-0.0627804
-0.0516346
-0.0402841
-0.0287222
-0.0169428
-0.00494122
0.00728553
0.0197386
0.0324166
0.0453155
0.0584278
0.0717423
0.0852435
0.0989113
0.11272
0.126638
0.140627
0.154643
0.168631
0.182532
0.196276
0.209783
0.222965
0.235725
0.247955
0.259538
0.270351
0.28026
0.289128
0.296812
0.303168
0.308053
0.311327
0.312858
0.312524
0.310218
0.305851
0.299347
0.290656
0.279869
0.267079
0.250788
0.229839
-0.222039
-0.24014
-0.254211
-0.26526
-0.274603
-0.282189
-0.287976
-0.292043
-0.29449
-0.295424
-0.294961
-0.293223
-0.290332
-0.286411
-0.281575
-0.275937
-0.269597
-0.262651
-0.255182
-0.247266
-0.238967
-0.230343
-0.221439
-0.212296
-0.202945
-0.193412
-0.183716
-0.173869
-0.163881
-0.153757
-0.143498
-0.1331
-0.122561
-0.111874
-0.10103
-0.0900202
-0.0788341
-0.0674613
-0.0558909
-0.0441123
-0.0321155
-0.0198912
-0.00743133
0.00527057
0.018219
0.0314162
0.0448613
0.0585504
0.0724756
0.0866248
0.100981
0.115521
0.130216
0.145031
0.159922
0.174836
0.189714
0.204485
0.219068
0.233371
0.247292
0.260717
0.273522
0.285571
0.29672
0.306816
0.315698
0.323205
0.329172
0.333437
0.335846
0.336252
0.334528
0.330564
0.324266
0.315568
0.304557
0.291326
0.274288
0.252227
-0.245453
-0.264533
-0.279267
-0.290711
-0.300261
-0.307868
-0.313493
-0.317233
-0.319206
-0.319539
-0.31837
-0.31584
-0.312095
-0.307272
-0.301507
-0.294924
-0.287639
-0.279758
-0.271372
-0.262563
-0.253403
-0.24395
-0.234255
-0.224357
-0.21429
-0.204076
-0.193735
-0.183279
-0.172713
-0.162039
-0.151258
-0.140362
-0.129346
-0.118199
-0.10691
-0.0954656
-0.0838533
-0.0720587
-0.0600674
-0.0478654
-0.0354391
-0.0227755
-0.00986295
0.00330881
0.016748
0.0304606
0.0444498
0.0587154
0.0732534
0.0880556
0.103108
0.118393
0.133883
0.149547
0.165342
0.181219
0.197119
0.212971
0.228692
0.24419
0.259356
0.274073
0.288205
0.301608
0.314124
0.325583
0.335808
0.344615
0.351815
0.357222
0.360654
0.361938
0.360919
0.357462
0.35145
0.342798
0.331587
0.317909
0.300076
0.276811
-0.27075
-0.290923
-0.306385
-0.318246
-0.32799
-0.335574
-0.340966
-0.344284
-0.34567
-0.345275
-0.343262
-0.3398
-0.335055
-0.32919
-0.322358
-0.314702
-0.306351
-0.297421
-0.288015
-0.278222
-0.268117
-0.257762
-0.24721
-0.236502
-0.225669
-0.214735
-0.203716
-0.192621
-0.181454
-0.170214
-0.158897
-0.147494
-0.135995
-0.124385
-0.11265
-0.100774
-0.0887398
-0.0765288
-0.0641235
-0.0515058
-0.0386584
-0.0255643
-0.0122079
0.0014251
0.015347
0.029568
0.0440954
0.0589336
0.0740829
0.0895395
0.105294
0.121332
0.137632
0.154164
0.170891
0.187766
0.204731
0.221717
0.238641
0.255408
0.271907
0.288015
0.303588
0.318472
0.332494
0.345468
0.357197
0.367472
0.376079
0.382802
0.387426
0.389748
0.38958
0.386755
0.381128
0.37259
0.361213
0.347082
0.328402
0.303825
-0.298131
-0.31953
-0.335793
-0.348092
-0.358012
-0.365516
-0.370586
-0.373364
-0.374023
-0.372745
-0.369725
-0.365163
-0.359252
-0.352182
-0.344127
-0.335251
-0.325697
-0.315595
-0.305057
-0.294178
-0.283039
-0.271705
-0.260229
-0.248653
-0.237006
-0.225311
-0.21358
-0.201821
-0.190033
-0.178212
-0.166349
-0.154432
-0.142446
-0.130374
-0.118197
-0.105894
-0.093444
-0.0808254
-0.068016
-0.0549938
-0.041737
-0.0282247
-0.0144368
-0.000354968
0.0140378
0.0287562
0.0438123
0.0592153
0.0749704
0.0910787
0.107536
0.124333
0.141453
0.158871
0.176553
0.194457
0.212529
0.2307
0.24889
0.267003
0.284926
0.30253
0.319666
0.336167
0.351847
0.366503
0.379915
0.391849
0.402061
0.4103
0.416317
0.419867
0.420724
0.418684
0.413564
0.405225
0.393724
0.37914
0.359553
0.333541
-0.327831
-0.350615
-0.367764
-0.38052
-0.390586
-0.397936
-0.402569
-0.404661
-0.404421
-0.402074
-0.397852
-0.39199
-0.384718
-0.376254
-0.3668
-0.356538
-0.34563
-0.334219
-0.322426
-0.310354
-0.298086
-0.285692
-0.273224
-0.260721
-0.248213
-0.235718
-0.223245
-0.210797
-0.19837
-0.185955
-0.173538
-0.161105
-0.148633
-0.136102
-0.123489
-0.110768
-0.0979139
-0.0849002
-0.0717004
-0.0582883
-0.0446377
-0.0307232
-0.0165202
-0.00200568
0.0128421
0.0280429
0.0436139
0.0595695
0.0759204
0.0926734
0.10983
0.127387
0.145332
0.163648
0.182305
0.201267
0.220483
0.23989
0.259409
0.278945
0.298385
0.317595
0.336421
0.354685
0.37219
0.388712
0.404009
0.417818
0.429861
0.43985
0.447491
0.452496
0.454588
0.453516
0.449054
0.441022
0.429456
0.414423
0.393861
0.366269
-0.360133
-0.384489
-0.402622
-0.41585
-0.426017
-0.433113
-0.437162
-0.438383
-0.437036
-0.433392
-0.427733
-0.420338
-0.411478
-0.401404
-0.390347
-0.378514
-0.366084
-0.353214
-0.340035
-0.326655
-0.313161
-0.299623
-0.286092
-0.272606
-0.25919
-0.245858
-0.232615
-0.219458
-0.206378
-0.193361
-0.180389
-0.167439
-0.154486
-0.141505
-0.128466
-0.11534
-0.102096
-0.0887034
-0.075131
-0.0613478
-0.047323
-0.0330264
-0.0184288
-0.00350196
0.0117808
0.0274446
0.043512
0.0600033
0.0769353
0.0943208
0.112168
0.13048
0.149251
0.168472
0.188119
0.208162
0.228557
0.249246
0.270154
0.291189
0.31224
0.33317
0.353821
0.374007
0.393515
0.412106
0.429512
0.44544
0.459575
0.471584
0.481124
0.487851
0.491432
0.491556
0.487939
0.480351
0.468798
0.453327
0.431717
0.402373
-0.395373
-0.421525
-0.440752
-0.454462
-0.464665
-0.471373
-0.474649
-0.474769
-0.472054
-0.466838
-0.45946
-0.450256
-0.439541
-0.427609
-0.414721
-0.401109
-0.386973
-0.372482
-0.357776
-0.342968
-0.328147
-0.31338
-0.298718
-0.284194
-0.269827
-0.255625
-0.241588
-0.227706
-0.213965
-0.200343
-0.186816
-0.173356
-0.159933
-0.146514
-0.133064
-0.11955
-0.105936
-0.0921853
-0.0782623
-0.064131
-0.0497559
-0.0351018
-0.0201344
-0.00482023
0.0108728
0.0269753
0.043516
0.0605211
0.0780139
0.0960143
0.114538
0.133594
0.153187
0.173313
0.193958
0.215101
0.236703
0.258716
0.281071
0.30368
0.326436
0.349203
0.371819
0.394092
0.415799
0.436681
0.456447
0.47477
0.491295
0.505638
0.5174
0.526171
0.531548
0.533146
0.530608
0.52364
0.512206
0.49632
0.473578
0.44228
-0.43396
-0.462177
-0.482623
-0.496813
-0.506955
-0.513098
-0.515357
-0.514083
-0.509678
-0.502553
-0.49312
-0.48178
-0.468903
-0.454826
-0.439849
-0.424229
-0.408185
-0.3919
-0.375519
-0.359159
-0.342908
-0.326831
-0.310972
-0.295358
-0.280001
-0.264903
-0.250054
-0.235439
-0.221033
-0.206809
-0.192735
-0.178778
-0.164898
-0.151059
-0.13722
-0.12334
-0.10938
-0.0952966
-0.0810498
-0.0665983
-0.0519015
-0.036919
-0.0216112
-0.00593931
0.0101344
0.0266465
0.0436318
0.0611233
0.0791511
0.0977426
0.116921
0.136705
0.157107
0.178132
0.199778
0.222031
0.244864
0.268236
0.292089
0.316344
0.340897
0.365617
0.390344
0.414881
0.438995
0.462412
0.484814
0.505844
0.525099
0.542144
0.556509
0.56771
0.575256
0.578673
0.577512
0.571391
0.560215
0.543956
0.519988
0.486495
-0.476395
-0.506997
-0.528803
-0.543452
-0.553393
-0.558733
-0.559658
-0.55662
-0.550124
-0.54068
-0.528789
-0.514927
-0.49953
-0.482985
-0.465629
-0.447749
-0.429581
-0.411317
-0.393108
-0.375071
-0.357289
-0.339822
-0.322705
-0.305957
-0.28958
-0.273565
-0.257896
-0.242544
-0.227479
-0.212663
-0.198058
-0.18362
-0.169307
-0.155072
-0.140869
-0.126652
-0.112375
-0.0979903
-0.0834515
-0.0687125
-0.0537273
-0.0384503
-0.0228365
-0.00684158
0.00957814
0.0264653
0.0438611
0.0618056
0.0803363
0.0994886
0.119294
0.139782
0.160973
0.182884
0.205523
0.228888
0.252965
0.277726
0.303122
0.329086
0.355525
0.382315
0.4093
0.436284
0.463027
0.489241
0.514588
0.538674
0.561051
0.581222
0.598643
0.612736
0.622909
0.628576
0.629168
0.624189
0.613464
0.596898
0.571602
0.535623
-0.523292
-0.556669
-0.57999
-0.595047
-0.604588
-0.608802
-0.607979
-0.602705
-0.593619
-0.581354
-0.56652
-0.549685
-0.531355
-0.511975
-0.491921
-0.471506
-0.450982
-0.430549
-0.410358
-0.390519
-0.371111
-0.352181
-0.333754
-0.315836
-0.298418
-0.281478
-0.264987
-0.248907
-0.233196
-0.217808
-0.202694
-0.187803
-0.173084
-0.158485
-0.143951
-0.129431
-0.114873
-0.100222
-0.0854288
-0.0704402
-0.0552051
-0.0396726
-0.0237923
-0.0075141
0.00921156
0.0264335
0.0442
0.0625578
0.0815527
0.101229
0.121626
0.142784
0.164736
0.187509
0.211125
0.235596
0.260921
0.287086
0.314061
0.341791
0.370197
0.39917
0.42856
0.458178
0.487783
0.517078
0.545705
0.573239
0.599184
0.622976
0.643986
0.661531
0.674894
0.683348
0.686174
0.682727
0.672714
0.655946
0.629211
0.590395
-0.575419
-0.612043
-0.637049
-0.652415
-0.661265
-0.663916
-0.660803
-0.652691
-0.640392
-0.624695
-0.60634
-0.586
-0.564266
-0.541639
-0.518536
-0.495292
-0.472172
-0.449375
-0.427048
-0.405293
-0.384171
-0.363718
-0.34394
-0.32483
-0.306361
-0.288498
-0.271197
-0.254408
-0.238076
-0.222145
-0.206554
-0.191246
-0.176159
-0.161233
-0.146408
-0.131626
-0.116827
-0.101954
-0.0869482
-0.0717531
-0.0563118
-0.0405681
-0.024466
-0.0079497
0.00903627
0.0265472
0.044638
0.0633632
0.0827765
0.102931
0.123877
0.145664
0.168338
0.19194
0.216505
0.242061
0.268625
0.296201
0.324776
0.354316
0.384761
0.416018
0.447957
0.480397
0.513104
0.545781
0.578055
0.609471
0.639489
0.667476
0.692707
0.714379
0.731625
0.743544
0.749225
0.747823
0.738882
0.722075
0.693786
0.651706
-0.633741
-0.674191
-0.70106
-0.716559
-0.724303
-0.724794
-0.718676
-0.706954
-0.690664
-0.670788
-0.648223
-0.623763
-0.598088
-0.571759
-0.545227
-0.518846
-0.492883
-0.467532
-0.442925
-0.419147
-0.396241
-0.374218
-0.353067
-0.332758
-0.313246
-0.294479
-0.276394
-0.258928
-0.242012
-0.225577
-0.209553
-0.193871
-0.178461
-0.163256
-0.148188
-0.133191
-0.1182
-0.103152
-0.0879822
-0.0726293
-0.057031
-0.0411256
-0.0248518
-0.00814812
0.00904685
0.0267948
0.0451574
0.064197
0.0839755
0.104555
0.125997
0.148363
0.17171
0.196095
0.221568
0.248176
0.275954
0.304929
0.335111
0.366489
0.399028
0.43266
0.467279
0.502724
0.538778
0.575149
0.611461
0.64724
0.681901
0.714743
0.744941
0.771555
0.79354
0.809783
0.819122
0.820452
0.813085
0.796489
0.766534
0.720662
-0.699493
-0.744483
-0.773386
-0.788724
-0.794759
-0.792271
-0.782202
-0.765879
-0.744627
-0.719664
-0.692073
-0.662783
-0.632565
-0.602035
-0.571673
-0.541839
-0.512792
-0.484707
-0.457694
-0.431809
-0.407067
-0.383452
-0.360925
-0.339431
-0.318904
-0.299267
-0.280441
-0.262345
-0.244896
-0.228011
-0.211608
-0.195607
-0.17993
-0.164501
-0.149244
-0.134087
-0.118959
-0.10379
-0.088511
-0.0730548
-0.057354
-0.0413419
-0.0249519
-0.00811701
0.00922991
0.0271568
0.0457324
0.0650263
0.0851091
0.106053
0.127929
0.15081
0.17477
0.199878
0.226205
0.253814
0.282766
0.31311
0.344883
0.378105
0.412773
0.44885
0.486263
0.524884
0.564522
0.604906
0.645669
0.686328
0.726268
0.764723
0.800766
0.833304
0.861088
0.882741
0.89679
0.901775
0.896688
0.880689
0.84897
0.798657
-0.774275
-0.824688
-0.855769
-0.870463
-0.87391
-0.867313
-0.852037
-0.82984
-0.802414
-0.771267
-0.737691
-0.702762
-0.667335
-0.632074
-0.597469
-0.56387
-0.531512
-0.500538
-0.471018
-0.44297
-0.416371
-0.391169
-0.367291
-0.344653
-0.323158
-0.302709
-0.283205
-0.264544
-0.246628
-0.229359
-0.212644
-0.19639
-0.180512
-0.164922
-0.14954
-0.134285
-0.119081
-0.103852
-0.0885238
-0.0730242
-0.0572809
-0.0412224
-0.0247771
-0.00787277
0.00956328
0.027605
0.0463279
0.0658089
0.0861272
0.107364
0.129602
0.152926
0.177424
0.203183
0.23029
0.258833
0.288896
0.320555
0.353881
0.388927
0.425728
0.464292
0.504586
0.546529
0.589972
0.634682
0.680319
0.726411
0.772329
0.817256
0.860167
0.899808
0.9347
0.96315
0.983285
0.993183
0.991374
0.976567
0.943036
0.88747
-0.860195
-0.917133
-0.950458
-0.963721
-0.963297
-0.951022
-0.928864
-0.899157
-0.864055
-0.825405
-0.784734
-0.743257
-0.701904
-0.661361
-0.622105
-0.584452
-0.54859
-0.514606
-0.482519
-0.452292
-0.423853
-0.397105
-0.371934
-0.34822
-0.325836
-0.304655
-0.284555
-0.265413
-0.247113
-0.229542
-0.212594
-0.196166
-0.180161
-0.164485
-0.149048
-0.133765
-0.118553
-0.103331
-0.0880196
-0.072542
-0.0568216
-0.0407822
-0.0243477
-0.00744111
0.0100156
0.0281021
0.0469001
0.0664937
0.0869703
0.10842
0.130937
0.154619
0.179568
0.205887
0.233685
0.263073
0.294159
0.327054
0.361861
0.398678
0.437583
0.478636
0.521861
0.567235
0.614672
0.663998
0.714925
0.767021
0.819667
0.872024
0.922985
0.971139
1.01475
1.05176
1.0798
1.09633
1.09924
1.08654
1.05125
0.989417
-0.960089
-1.02493
-1.06039
-1.07095
-1.06476
-1.04462
-1.01335
-0.974037
-0.929406
-0.881691
-0.832655
-0.783638
-0.73561
-0.689239
-0.644955
-0.603003
-0.563494
-0.526438
-0.491778
-0.459408
-0.429194
-0.400984
-0.374617
-0.349931
-0.326764
-0.304961
-0.284371
-0.264852
-0.246269
-0.228493
-0.211405
-0.194892
-0.178846
-0.163165
-0.147754
-0.13252
-0.117374
-0.102231
-0.0870083
-0.0716235
-0.0559963
-0.0400466
-0.0236941
-0.00685742
0.0105461
0.0286013
0.0473957
0.0670203
0.0875698
0.109144
0.131847
0.155788
0.181085
0.207858
0.236237
0.266355
0.298352
0.332371
0.368555
0.407047
0.447981
0.491477
0.537627
0.586488
0.638055
0.692241
0.748845
0.807508
0.867669
0.928501
0.988854
1.04718
1.10149
1.14931
1.18766
1.21319
1.22289
1.21375
1.17695
1.10758
-1.07787
-1.15231
-1.18944
-1.19523
-1.18047
-1.14941
-1.10605
-1.05447
-0.998051
-0.939449
-0.880639
-0.823033
-0.767583
-0.714883
-0.665258
-0.618838
-0.575619
-0.535504
-0.498337
-0.463925
-0.43206
-0.402525
-0.375104
-0.34959
-0.325782
-0.303492
-0.282545
-0.262774
-0.244026
-0.226158
-0.209037
-0.192539
-0.176548
-0.160954
-0.145655
-0.130553
-0.115554
-0.10057
-0.0855116
-0.0702951
-0.0548361
-0.0390511
-0.0228563
-0.00616665
0.0111046
0.0290469
0.0477529
0.0673196
0.0878488
0.109448
0.132232
0.156323
0.18185
0.208953
0.23778
0.268492
0.301256
0.336252
0.373666
0.413691
0.456522
0.50235
0.551353
0.603679
0.659435
0.718652
0.781252
0.847005
0.915459
0.985869
1.0571
1.12754
1.19495
1.25641
1.30824
1.34606
1.36559
1.3623
1.32464
1.24616
-1.21907
-1.30517
-1.34279
-1.34045
-1.31292
-1.26666
-1.20728
-1.14006
-1.06916
-0.997605
-0.927511
-0.860268
-0.796713
-0.737277
-0.682109
-0.631168
-0.584288
-0.541229
-0.501711
-0.465439
-0.432116
-0.401451
-0.373169
-0.347012
-0.32274
-0.300132
-0.278983
-0.259107
-0.240332
-0.2225
-0.205465
-0.189095
-0.173264
-0.157856
-0.142763
-0.127883
-0.113118
-0.0983743
-0.0835623
-0.0685939
-0.0533823
-0.0378412
-0.021884
-0.00542281
0.0116326
0.0293752
0.0479021
0.0673154
0.0877231
0.10924
0.13199
0.156106
0.18173
0.209019
0.238142
0.269282
0.302637
0.338424
0.376874
0.418234
0.462766
0.510742
0.562433
0.618107
0.678
0.742302
0.811108
0.884373
0.961838
1.04293
1.12664
1.21136
1.29473
1.37341
1.4429
1.49756
1.53141
1.53764
1.50056
1.41108
-1.39187
-1.49193
-1.52741
-1.5114
-1.46484
-1.39739
-1.31682
-1.22982
-1.14129
-1.05454
-0.971637
-0.893801
-0.821604
-0.755197
-0.694459
-0.639105
-0.588757
-0.542997
-0.501398
-0.463541
-0.429031
-0.397497
-0.368602
-0.342034
-0.317512
-0.294783
-0.273616
-0.253803
-0.235155
-0.2175
-0.200684
-0.184563
-0.169006
-0.153891
-0.139105
-0.124541
-0.110101
-0.0956859
-0.0812051
-0.0665682
-0.0516864
-0.0364718
-0.0208356
-0.00468797
0.0120637
0.0295154
0.0477673
0.0669257
0.0871034
0.108422
0.131012
0.155016
0.18059
0.207904
0.237145
0.268521
0.302258
0.338608
0.377849
0.420285
0.466246
0.516091
0.570202
0.628976
0.692812
0.76209
0.837136
0.918167
1.00521
1.098
1.19579
1.29717
1.39981
1.50009
1.59271
1.67054
1.72538
1.74706
1.71353
1.61099
-1.60882
-1.7248
-1.75269
-1.71387
-1.6389
-1.54199
-1.43357
-1.3218
-1.21215
-1.10789
-1.01081
-0.921661
-0.840554
-0.767207
-0.701117
-0.641675
-0.58824
-0.54018
-0.496896
-0.457836
-0.422497
-0.390426
-0.36122
-0.334518
-0.309999
-0.287377
-0.266398
-0.246835
-0.228484
-0.211164
-0.194708
-0.178967
-0.163805
-0.149095
-0.134721
-0.120574
-0.106552
-0.0925566
-0.0784949
-0.0642755
-0.0498088
-0.0350058
-0.0197768
-0.00403078
0.0123262
0.0293917
0.0472683
0.0660649
0.0858982
0.106894
0.12919
0.152935
0.178296
0.205455
0.234615
0.266006
0.29988
0.336524
0.376258
0.419441
0.466476
0.517812
0.573945
0.635418
0.702815
0.776745
0.857819
0.946597
1.04351
1.14876
1.26209
1.38257
1.50817
1.63529
1.75806
1.86779
1.9535
2.00032
1.97634
1.85911
-1.89017
-2.02198
-2.03115
-1.95445
-1.83712
-1.69949
-1.55486
-1.41261
-1.27823
-1.15442
-1.04216
-0.941411
-0.851554
-0.771683
-0.700788
-0.637859
-0.581941
-0.532161
-0.487733
-0.447964
-0.412244
-0.380039
-0.350882
-0.324366
-0.300135
-0.277876
-0.257313
-0.238205
-0.220336
-0.203516
-0.187571
-0.172349
-0.157707
-0.143519
-0.129666
-0.116038
-0.102531
-0.0890488
-0.075496
-0.061782
-0.0478171
-0.0335124
-0.0187786
-0.00352433
0.0123445
0.028926
0.0463235
0.0646474
0.0840164
0.104559
0.126417
0.149746
0.174718
0.201526
0.230388
0.261547
0.295281
0.331905
0.371779
0.415313
0.462979
0.515312
0.572927
0.636519
0.706871
0.784853
0.871407
0.967524
1.07417
1.1922
1.32214
1.46389
1.61626
1.77624
1.93793
2.09138
2.2226
2.31039
2.30788
2.1767
-2.27068
-2.41102
-2.37898
-2.23964
-2.05956
-1.86632
-1.67557
-1.49682
-1.33447
-1.18971
-1.06205
-0.950141
-0.852318
-0.766856
-0.692121
-0.626634
-0.569094
-0.51837
-0.473491
-0.433625
-0.39806
-0.36619
-0.337495
-0.311526
-0.287899
-0.26628
-0.24638
-0.227944
-0.210752
-0.194605
-0.179329
-0.164767
-0.150777
-0.13723
-0.124009
-0.111003
-0.0981102
-0.0852336
-0.07228
-0.0591596
-0.0457839
-0.0320652
-0.0179152
-0.00324372
0.0120423
0.0280402
0.0448528
0.0625903
0.0813716
0.101326
0.122598
0.145344
0.169741
0.19599
0.224314
0.254973
0.288258
0.32451
0.36412
0.407542
0.455305
0.508028
0.566432
0.631363
0.703805
0.784902
0.875967
0.978486
1.09409
1.22449
1.37132
1.53582
1.71838
1.91755
2.12855
2.3413
2.53932
2.69396
2.73668
2.60008
-2.81324
-2.93368
-2.81517
-2.57302
-2.30141
-2.03406
-1.78653
-1.56599
-1.37374
-1.20807
-1.06605
-0.944484
-0.840333
-0.750873
-0.673762
-0.607021
-0.548997
-0.498312
-0.453826
-0.414584
-0.379795
-0.34879
-0.321011
-0.295983
-0.273301
-0.252619
-0.23364
-0.216106
-0.199791
-0.184498
-0.17005
-0.156293
-0.143086
-0.130302
-0.117823
-0.105544
-0.0933633
-0.0811862
-0.0689222
-0.0564836
-0.0437843
-0.030739
-0.0172616
-0.00326431
0.0113438
0.0266577
0.0427784
0.059814
0.0778818
0.0971101
0.117641
0.139632
0.163261
0.18873
0.216267
0.246135
0.278639
0.314131
0.353026
0.395808
0.443052
0.49544
0.553787
0.619067
0.69245
0.775345
0.869438
0.976748
1.09965
1.24091
1.40359
1.59089
1.80569
2.04961
2.32108
2.61244
2.90727
3.17046
3.30572
3.19463
-3.63222
-3.65042
-3.35776
-2.9504
-2.54898
-2.18675
-1.8731
-1.60809
-1.38677
-1.20259
-1.04916
-0.920892
-0.813108
-0.722006
-0.644525
-0.578216
-0.521114
-0.471642
-0.428525
-0.390725
-0.357394
-0.327832
-0.301458
-0.277785
-0.256404
-0.236966
-0.219175
-0.202774
-0.18754
-0.17328
-0.159823
-0.147015
-0.134721
-0.122818
-0.111193
-0.0997433
-0.088371
-0.0769855
-0.0654998
-0.0538297
-0.0418927
-0.0296068
-0.0168896
-0.00365667
0.0101793
0.0247098
0.040032
0.0562505
0.0734787
0.0918412
0.111476
0.132538
0.155201
0.179663
0.206152
0.234929
0.266299
0.300621
0.338314
0.37988
0.425918
0.47715
0.534452
0.598893
0.67179
0.754769
0.849852
0.959557
1.08702
1.23615
1.41171
1.61939
1.86569
2.15721
2.49888
2.89047
3.32191
3.75818
4.07658
4.07814
-4.93406
-4.64076
-4.01657
-3.35575
-2.7781
-2.30095
-1.91634
-1.60923
-1.36391
-1.16686
-1.00728
-0.876827
-0.769157
-0.679455
-0.604053
-0.540141
-0.485544
-0.43856
-0.397848
-0.362335
-0.331159
-0.303615
-0.279127
-0.257214
-0.237477
-0.219575
-0.203222
-0.188171
-0.174208
-0.161148
-0.148827
-0.137101
-0.125839
-0.114925
-0.104252
-0.0937231
-0.0832456
-0.0727338
-0.0621053
-0.0512809
-0.0401825
-0.0287329
-0.016854
-0.00446635
0.00851272
0.0221698
0.0365969
0.0518931
0.0681661
0.0855344
0.104129
0.124099
0.145609
0.16885
0.194042
0.221437
0.251332
0.284076
0.320083
0.359851
0.403977
0.453193
0.508395
0.570696
0.641491
0.722544
0.81611
0.9251
1.0533
1.20568
1.38876
1.6111
1.88377
2.22059
2.63761
3.15028
3.76641
4.46656
5.12931
5.46055
-7.17826
-6.00434
-4.75348
-3.73064
-2.9359
-2.33574
-1.88787
-1.55107
-1.29389
-1.09423
-0.936639
-0.810301
-0.707554
-0.622918
-0.552401
-0.493049
-0.442638
-0.399463
-0.362204
-0.329818
-0.301476
-0.276507
-0.254362
-0.23459
-0.216815
-0.200719
-0.186035
-0.172531
-0.160011
-0.1483
-0.137248
-0.126719
-0.116594
-0.106764
-0.097131
-0.087603
-0.0780957
-0.068529
-0.0588269
-0.0489155
-0.0387225
-0.0281764
-0.0172046
-0.00573342
0.00631391
0.0190177
0.0324635
0.0467431
0.0619566
0.0782141
0.0956378
0.114365
0.134551
0.156372
0.180034
0.205773
0.233868
0.264646
0.2985
0.335899
0.377415
0.42375
0.47577
0.534567
0.601522
0.678415
0.767567
0.872057
0.996031
1.14517
1.32739
1.55386
1.84047
2.20991
2.69446
3.33665
4.17994
5.2562
6.56545
7.80713
-11.5603
-7.8028
-5.2932
-3.82012
-2.84191
-2.17243
-1.7115
-1.38458
-1.14436
-0.962493
-0.821318
-0.709357
-0.618948
-0.54483
-0.483281
-0.431605
-0.387797
-0.35034
-0.318063
-0.290047
-0.26556
-0.244015
-0.22493
-0.207908
-0.192618
-0.178781
-0.166161
-0.154554
-0.143786
-0.133703
-0.124171
-0.115069
-0.106291
-0.0977406
-0.0893286
-0.0809739
-0.0726006
-0.0641368
-0.0555141
-0.0466661
-0.0375278
-0.0280346
-0.0181216
-0.00772218
0.00323261
0.0148149
0.0271014
0.0401745
0.0541236
0.0690473
0.0850546
0.102268
0.120825
0.140884
0.162625
0.18626
0.212034
0.240239
0.27122
0.305393
0.343265
0.385457
0.432739
0.486083
0.546725
0.616268
0.696824
0.791232
0.903393
1.0388
1.20544
1.41519
1.68634
2.04805
2.54885
3.26581
4.30344
5.84987
8.44968
12.318
-18.97
-9.55639
-5.06828
-3.24752
-2.28452
-1.70037
-1.32949
-1.07824
-0.896829
-0.759758
-0.652844
-0.56744
-0.497953
-0.440591
-0.392674
-0.352243
-0.317834
-0.288323
-0.262834
-0.240673
-0.221283
-0.204208
-0.189076
-0.175573
-0.163437
-0.152447
-0.142411
-0.133166
-0.124567
-0.11649
-0.108822
-0.101465
-0.0943291
-0.0873324
-0.0804008
-0.0734654
-0.0664613
-0.0593276
-0.0520056
-0.0444384
-0.0365704
-0.0283463
-0.0197101
-0.0106051
-0.000972155
0.00925031
0.0201275
0.0317293
0.0441314
0.0574166
0.0716763
0.0870124
0.10354
0.121388
0.140706
0.161666
0.184467
0.209344
0.236573
0.266486
0.299483
0.33605
0.376787
0.422441
0.473959
0.532556
0.599816
0.677857
0.769566
0.879015
1.01216
1.17814
1.39178
1.67937
2.09175
2.72576
3.75671
5.67344
10.2792
19.8162
)
;

boundaryField
{
    movingWall
    {
        type            zeroGradient;
    }
    fixedWalls
    {
        type            zeroGradient;
    }
    frontAndBack
    {
        type            empty;
    }
}


// ************************************************************************* //
