/*--------------------------------*- C++ -*----------------------------------*\
  =========                 |
  \\      /  F ield         | OpenFOAM: The Open Source CFD Toolbox
   \\    /   O peration     | Website:  https://openfoam.org
    \\  /    A nd           | Version:  7
     \\/     M anipulation  |
\*---------------------------------------------------------------------------*/
FoamFile
{
    version     2.0;
    format      ascii;
    class       volScalarField;
    location    "0.5";
    object      p;
}
// * * * * * * * * * * * * * * * * * * * * * * * * * * * * * * * * * * * * * //

dimensions      [0 2 -2 0 0 0 0];

internalField   nonuniform List<scalar> 
6400
(
5.45859e-06
2.16251e-05
-0.000484678
-0.00151786
-0.00296073
-0.00470302
-0.00664439
-0.00869527
-0.0107784
-0.0128284
-0.0147901
-0.0166174
-0.0182717
-0.0197214
-0.0209407
-0.0219087
-0.0226094
-0.0230306
-0.0231638
-0.0230035
-0.0225473
-0.0217953
-0.02075
-0.0194158
-0.0177992
-0.0159085
-0.0137536
-0.0113457
-0.00869745
-0.00582273
-0.00273656
0.000545035
0.00400505
0.00762561
0.0113881
0.015273
0.0192605
0.0233298
0.0274599
0.0316293
0.0358162
0.0399984
0.0441539
0.0482601
0.052295
0.0562364
0.0600625
0.0637519
0.0672837
0.0706376
0.0737941
0.0767349
0.0794426
0.0819009
0.0840954
0.086013
0.0876425
0.0889746
0.0900025
0.0907215
0.0911297
0.091228
0.0910205
0.0905144
0.0897209
0.088655
0.087336
0.0857881
0.0840406
0.0821289
0.0800947
0.0779872
0.0758639
0.0737917
0.0718483
0.0701222
0.0687104
0.0677173
0.0672494
0.0672871
-2.58666e-06
1.10699e-05
-0.000442688
-0.00132634
-0.00254062
-0.00400632
-0.00564753
-0.00739187
-0.00917408
-0.0109369
-0.0126306
-0.0142126
-0.015647
-0.0169033
-0.0179566
-0.0187863
-0.0193763
-0.0197141
-0.0197906
-0.0195997
-0.0191381
-0.0184051
-0.0174021
-0.0161326
-0.0146021
-0.0128177
-0.0107881
-0.00852337
-0.0060351
-0.00333594
-0.000439685
0.00263883
0.00588384
0.00927872
0.0128061
0.0164478
0.0201851
0.0239989
0.0278692
0.031776
0.0356988
0.0396169
0.0435096
0.047356
0.0511354
0.054827
0.0584106
0.0618663
0.0651747
0.0683171
0.0712754
0.0740328
0.0765734
0.0788825
0.0809469
0.082755
0.0842967
0.0855643
0.0865518
0.0872558
0.0876752
0.0878117
0.0876699
0.0872578
0.0865866
0.0856713
0.0845309
0.0831888
0.081673
0.0800169
0.0782593
0.0764453
0.0746262
0.0728607
0.0712139
0.0697573
0.068564
0.067709
0.0672857
0.0673245
0.000504316
0.000466309
1.2291e-05
-0.000803901
-0.00189498
-0.00319763
-0.00465066
-0.00619397
-0.00777192
-0.00933446
-0.0108373
-0.0122417
-0.0135144
-0.014627
-0.0155557
-0.0162807
-0.0167864
-0.0170603
-0.0170933
-0.016879
-0.0164136
-0.0156959
-0.0147266
-0.0135087
-0.0120466
-0.0103469
-0.00841724
-0.00626697
-0.00390662
-0.00134795
0.0013962
0.00431199
0.00738463
0.0105985
0.0139373
0.017384
0.0209208
0.0245296
0.0281917
0.0318881
0.0355994
0.0393063
0.0429889
0.0466277
0.050203
0.0536955
0.0570859
0.0603556
0.0634865
0.0664609
0.0692621
0.0718743
0.0742828
0.076474
0.0784357
0.0801574
0.0816301
0.0828468
0.0838023
0.084494
0.0849214
0.0850866
0.0849946
0.0846535
0.0840742
0.0832716
0.082264
0.0810735
0.0797267
0.0782547
0.0766931
0.0750829
0.0734701
0.0719056
0.0704452
0.0691484
0.0680744
0.0672833
0.0668607
0.0668583
0.00153745
0.00135245
0.000828609
9.12466e-06
-0.0010393
-0.00226309
-0.00361048
-0.00503072
-0.0064762
-0.00790331
-0.00927285
-0.0105501
-0.0117048
-0.0127106
-0.0135456
-0.0141913
-0.0146325
-0.0148574
-0.0148571
-0.0146252
-0.0141579
-0.0134536
-0.0125126
-0.0113375
-0.00993225
-0.0083026
-0.00645576
-0.00440029
-0.002146
0.000296108
0.002914
0.00569465
0.00862411
0.0116877
0.0148698
0.0181543
0.0215245
0.0249631
0.0284524
0.0319743
0.0355104
0.0390422
0.042551
0.0460181
0.049425
0.0527531
0.0559844
0.0591011
0.062086
0.0649226
0.067595
0.0700884
0.0723889
0.0744838
0.0763618
0.0780131
0.0794294
0.0806042
0.0815332
0.0822139
0.0826463
0.0828328
0.0827783
0.0824907
0.0819808
0.0812625
0.0803533
0.079274
0.0780495
0.0767081
0.0752825
0.0738096
0.07233
0.0708886
0.0695333
0.0683147
0.0672831
0.0664901
0.0660038
0.0658683
0.0029866
0.00257508
0.00192337
0.00105097
-4.88202e-06
-0.00119935
-0.00248852
-0.0038301
-0.00518381
-0.00651215
-0.00778091
-0.0089594
-0.0100205
-0.0109404
-0.0116991
-0.0122795
-0.0126675
-0.012852
-0.0128245
-0.0125789
-0.0121114
-0.0114203
-0.0105058
-0.00937007
-0.0080167
-0.00645096
-0.00467949
-0.00271026
-0.000552458
0.00178362
0.00428665
0.00694433
0.00974352
0.0126702
0.0157098
0.0188469
0.0220657
0.0253496
0.0286818
0.0320452
0.0354223
0.0387954
0.0421467
0.0454584
0.0487129
0.0518925
0.0549802
0.0579589
0.0608124
0.063525
0.0660816
0.0684683
0.0706719
0.0726804
0.0744833
0.0760714
0.0774368
0.0785738
0.0794782
0.080148
0.0805832
0.0807863
0.0807621
0.0805182
0.0800648
0.079415
0.078585
0.0775944
0.0764656
0.0752248
0.0739013
0.0725278
0.0711402
0.0697773
0.06848
0.067291
0.0662533
0.0654107
0.0648042
0.0644565
0.00474961
0.00406118
0.00323845
0.00227284
0.00116816
-3.85144e-05
-0.00130992
-0.00261135
-0.00390922
-0.0051717
-0.00636932
-0.00747532
-0.00846577
-0.00931962
-0.0100187
-0.0105475
-0.0108933
-0.0110459
-0.0109973
-0.010742
-0.0102762
-0.00959842
-0.00870878
-0.00760914
-0.00630292
-0.00479496
-0.0030915
-0.0012
0.000870916
0.00311154
0.00551117
0.00805819
0.0107401
0.0135438
0.0164551
0.0194596
0.0225422
0.0256871
0.0288784
0.0320995
0.035334
0.0385648
0.0417751
0.0449479
0.0480662
0.0511134
0.0540729
0.0569288
0.0596654
0.0622678
0.0647217
0.0670138
0.0691315
0.0710636
0.0727999
0.0743318
0.0756519
0.0767548
0.0776366
0.0782953
0.0787311
0.0789463
0.0789454
0.0787356
0.0783264
0.0777299
0.076961
0.0760376
0.0749801
0.0738121
0.0725597
0.0712518
0.0699195
0.0685962
0.0673166
0.0661161
0.0650316
0.0640997
0.0633304
0.0627194
0.00673574
0.00574217
0.00471859
0.00362815
0.00244072
0.00118685
-0.00010166
-0.00139678
-0.00267093
-0.00389742
-0.00505119
-0.00610922
-0.00705074
-0.00785728
-0.00851276
-0.00900346
-0.00931793
-0.00944697
-0.00938346
-0.00912228
-0.00866021
-0.00799582
-0.00712932
-0.00606249
-0.00479859
-0.00334221
-0.00169922
0.000123292
0.00211717
0.00427322
0.00658128
0.00903032
0.0116085
0.0143032
0.0171011
0.0199884
0.0229506
0.0259728
0.0290396
0.0321354
0.0352441
0.0383498
0.0414361
0.0444868
0.0474857
0.0504168
0.0532644
0.0560129
0.0586476
0.061154
0.0635185
0.0657282
0.0677714
0.069637
0.0713155
0.0727985
0.074079
0.0751516
0.0760128
0.0766605
0.0770948
0.0773177
0.0773335
0.0771485
0.0767716
0.0762138
0.0754887
0.0746123
0.0736031
0.072482
0.0712722
0.0699989
0.0686891
0.0673712
0.0660741
0.064827
0.0636619
0.0626094
0.061647
0.0607437
0.00886567
0.0075535
0.00630999
0.00507156
0.00377531
0.00244651
0.00111262
-0.000204167
-0.00148158
-0.00269752
-0.00383099
-0.00486247
-0.00577417
-0.00655017
-0.0071765
-0.00764116
-0.00793414
-0.00804733
-0.00797449
-0.00771117
-0.00725462
-0.00660369
-0.00575876
-0.00472165
-0.00349553
-0.00208486
-0.000495252
0.00126653
0.0031927
0.00527449
0.00750219
0.0098653
0.0123525
0.0149517
0.0176504
0.0204351
0.023292
0.0262069
0.029165
0.0321514
0.0351507
0.0381474
0.041126
0.0440707
0.0469661
0.0497968
0.0525475
0.0552035
0.0577504
0.0601743
0.062462
0.0646013
0.0665806
0.0683894
0.0700183
0.0714593
0.0727056
0.0737518
0.0745944
0.0752313
0.0756623
0.0758892
0.0759156
0.0757472
0.0753919
0.0748597
0.0741629
0.0733157
0.0723345
0.0712379
0.070046
0.0687809
0.0674657
0.0661245
0.0647812
0.0634596
0.0621876
0.0609909
0.0598158
0.0586055
0.0110724
0.00943766
0.00796313
0.00656051
0.005136
0.0037108
0.00230896
0.000947723
-0.0003553
-0.00158209
-0.00271531
-0.00373866
-0.00463717
-0.00539733
-0.00600722
-0.00645659
-0.00673685
-0.00684106
-0.00676394
-0.00650174
-0.00605226
-0.00541475
-0.00458984
-0.00357947
-0.00238682
-0.00101626
0.00052673
0.00223564
0.00410298
0.00612031
0.00827835
0.010567
0.0129754
0.0154921
0.0181048
0.0208009
0.0235669
0.0263893
0.0292538
0.032146
0.0350512
0.0379545
0.0408408
0.043695
0.0465021
0.0492472
0.0519157
0.0544932
0.0569658
0.05932
0.0615432
0.0636232
0.0655489
0.06731
0.0688974
0.0703031
0.0715205
0.0725442
0.0733704
0.0739969
0.0744234
0.074651
0.0746827
0.0745237
0.0741808
0.0736629
0.0729807
0.0721471
0.0711764
0.0700847
0.0688898
0.0676105
0.0662667
0.0648786
0.0634659
0.0620476
0.0606487
0.0592912
0.0578915
0.0563691
0.0132999
0.0113445
0.00963353
0.00805589
0.00648894
0.00495091
0.00346333
0.00203922
0.000692189
-0.000563333
-0.00171325
-0.00274423
-0.00364387
-0.00440095
-0.00500553
-0.00544903
-0.00572429
-0.00582556
-0.00574852
-0.00549022
-0.00504905
-0.00442473
-0.00361819
-0.00263156
-0.00146814
-0.00013227
0.00137066
0.0030343
0.00485136
0.0068137
0.00891237
0.0111376
0.0134791
0.0159255
0.0184653
0.0210861
0.0237752
0.0265192
0.0293047
0.0321175
0.0349434
0.0377681
0.040577
0.0433555
0.046089
0.0487629
0.0513632
0.0538758
0.0562871
0.0585842
0.0607544
0.0627861
0.0646682
0.0663906
0.0679443
0.0693215
0.0705152
0.0715203
0.0723326
0.0729497
0.0733707
0.0735965
0.0736293
0.0734735
0.073135
0.0726214
0.0719423
0.0711087
0.0701332
0.06903
0.0678142
0.0665019
0.0651101
0.0636558
0.062155
0.0606229
0.0590821
0.0575521
0.0559216
0.0540881
0.0155015
0.0132306
0.0112816
0.00952207
0.00780265
0.00613947
0.00455228
0.00305059
0.00164457
0.000345558
-0.000835246
-0.00188714
-0.00280011
-0.00356504
-0.00417386
-0.0046196
-0.0048965
-0.00499999
-0.00492672
-0.00467455
-0.00424254
-0.00363088
-0.00284089
-0.00187495
-0.00073651
0.000570033
0.00203931
0.00366507
0.00544019
0.00735674
0.00940602
0.0115786
0.0138644
0.0162526
0.018732
0.0212906
0.023916
0.0265955
0.0293159
0.0320635
0.0348247
0.0375852
0.0403312
0.0430482
0.0457222
0.048339
0.0508846
0.0533455
0.0557083
0.0579603
0.060089
0.062083
0.0639313
0.0656239
0.0671518
0.068507
0.0696826
0.0706732
0.0714744
0.0720833
0.0724988
0.0727209
0.0727514
0.0725937
0.0722528
0.0717352
0.0710491
0.070204
0.069211
0.068082
0.0668303
0.0654694
0.0640138
0.0624775
0.0608738
0.0592145
0.0575209
0.0558107
0.0539469
0.0518066
0.0176376
0.0150584
0.012872
0.0109267
0.00904799
0.00725059
0.00555318
0.00396232
0.0024853
0.00113076
-9.26266e-05
-0.0011765
-0.00211301
-0.002895
-0.00351613
-0.00397095
-0.00425505
-0.00436502
-0.00429848
-0.00405411
-0.00363163
-0.00303178
-0.00225629
-0.00130785
-0.000190081
0.00109248
0.00253445
0.00412961
0.00587093
0.00775065
0.00976026
0.0118906
0.0141318
0.0164735
0.0189046
0.0214136
0.0239884
0.0266167
0.0292856
0.0319819
0.0346921
0.0374026
0.0400996
0.0427692
0.0453974
0.0479705
0.0504748
0.0528969
0.0552236
0.0574423
0.0595408
0.0615076
0.0633318
0.0650034
0.0665133
0.0678533
0.0690165
0.069997
0.0707903
0.071393
0.0718032
0.0720207
0.0720463
0.0718828
0.071534
0.0710055
0.0703041
0.069438
0.0684165
0.06725
0.0659497
0.0645274
0.0629949
0.0613642
0.0596458
0.0578492
0.0559949
0.0540997
0.0520023
0.0495611
0.019675
0.0167949
0.0143734
0.0122406
0.0101981
0.00825998
0.00644433
0.00475532
0.00319776
0.00177801
0.000502537
-0.000622392
-0.00159087
-0.00239752
-0.0030376
-0.00350713
-0.00380294
-0.00392276
-0.00386515
-0.00362964
-0.0032166
-0.00262733
-0.00186401
-0.000929658
0.000171846
0.00143582
0.00285681
0.00442856
0.00614412
0.00799582
0.0099753
0.0120736
0.014281
0.0165875
0.0189822
0.0214539
0.0239909
0.0265809
0.0292116
0.03187
0.0345429
0.037217
0.0398787
0.0425144
0.0451104
0.0476531
0.050129
0.0525249
0.0548277
0.0570248
0.0591042
0.0610542
0.062864
0.0645235
0.0660234
0.0673553
0.0685119
0.0694872
0.0702761
0.0708749
0.0712811
0.0714937
0.071513
0.0713406
0.0709798
0.0704348
0.0697113
0.0688162
0.0677574
0.0665437
0.0651846
0.0636901
0.0620702
0.060335
0.0584929
0.0565514
0.0545308
0.0524475
0.0501178
0.0473822
0.0215849
0.0184114
0.0157581
0.0134371
0.0112281
0.00914476
0.00720497
0.00541094
0.00376542
0.00227279
0.000937631
-0.000235654
-0.0012429
-0.00208033
-0.00274471
-0.0032334
-0.00354444
-0.00367661
-0.00362942
-0.00340318
-0.00299896
-0.00241864
-0.00166483
-0.000740948
0.000348877
0.00159976
0.00300612
0.00456167
0.00625944
0.00809182
0.0100506
0.0121268
0.0143111
0.0165935
0.0189634
0.0214098
0.0239213
0.0264859
0.0290913
0.031725
0.0343739
0.0370249
0.0396648
0.04228
0.044857
0.0473823
0.0498427
0.0522248
0.0545157
0.0567029
0.0587742
0.0607179
0.0625231
0.0641794
0.0656774
0.0670084
0.0681648
0.0691401
0.0699288
0.0705266
0.0709306
0.071139
0.0711512
0.0709683
0.0705922
0.0700265
0.0692756
0.0683453
0.067242
0.0659732
0.064547
0.0629718
0.0612561
0.0594084
0.0574354
0.0553432
0.0531523
0.0508793
0.0483191
0.0452954
0.0233422
0.0198825
0.0170006
0.0144921
0.012115
0.00988342
0.00781523
0.00591104
0.00417187
0.00260043
0.00119963
-2.77434e-05
-0.00107909
-0.00195212
-0.00264493
-0.00315615
-0.00348496
-0.00363113
-0.00359509
-0.00337793
-0.00298141
-0.00240795
-0.00166066
-0.00074333
0.000339601
0.00158303
0.00298121
0.00452777
0.0062157
0.00803741
0.00998471
0.0120488
0.0142204
0.0164897
0.0188462
0.0212793
0.0237774
0.026329
0.028922
0.0315438
0.0341818
0.036823
0.0394542
0.042062
0.044633
0.047154
0.0496114
0.0519921
0.0542832
0.0564721
0.0585463
0.0604943
0.0623046
0.063967
0.0654714
0.0668091
0.067972
0.068953
0.0697462
0.0703467
0.070751
0.0709566
0.0709621
0.0707677
0.0703746
0.0697852
0.069003
0.0680325
0.0668791
0.0655491
0.0640491
0.0623863
0.0605681
0.0586016
0.0564923
0.0542451
0.051881
0.0494173
0.0466286
0.0433225
0.0249249
0.0211854
0.0180783
0.0153831
0.0128374
0.0104556
0.00825605
0.00623796
0.0044009
0.00274617
0.00127521
-1.0625e-05
-0.00111013
-0.00202233
-0.0027466
-0.00328271
-0.0036309
-0.00379193
-0.00376707
-0.00355817
-0.00316766
-0.00259854
-0.0018544
-0.000939414
0.000141646
0.00138343
0.00278001
0.00432487
0.00601096
0.00783065
0.00977575
0.0118376
0.0140068
0.0162738
0.0186283
0.0210596
0.0235565
0.0261074
0.0287005
0.0313233
0.0339633
0.0366076
0.0392431
0.0418566
0.0444346
0.0469639
0.049431
0.0518227
0.054126
0.0563281
0.0584166
0.0603794
0.0622051
0.0638828
0.0654025
0.0667548
0.0679312
0.0689241
0.0697271
0.0703347
0.0707425
0.0709475
0.0709477
0.0707421
0.070331
0.0697161
0.0688998
0.0678856
0.066678
0.0652819
0.063703
0.0619474
0.0600214
0.0579311
0.0556811
0.0532756
0.0507363
0.0480813
0.045066
0.0414821
0.026313
0.0222993
0.0189702
0.0160895
0.0133751
0.010842
0.00850908
0.00637447
0.00443648
0.00269518
0.00115077
-0.000196698
-0.00134725
-0.00230113
-0.00305885
-0.00362127
-0.00398962
-0.00416557
-0.00415121
-0.00394915
-0.00356245
-0.00299467
-0.00224991
-0.00133273
-0.000248258
0.000997901
0.0023996
0.00395019
0.00564249
0.00746883
0.00942099
0.0114903
0.0136675
0.015943
0.0183066
0.0207477
0.0232552
0.0258177
0.0284233
0.0310598
0.0337146
0.0363749
0.0390277
0.0416598
0.0442577
0.0468081
0.0492975
0.0517126
0.0540402
0.0562673
0.0583812
0.0603698
0.0622211
0.063924
0.065468
0.0668432
0.0680407
0.0690524
0.0698711
0.0704908
0.0709063
0.0711138
0.0711106
0.070895
0.0704663
0.0698253
0.0689734
0.0679133
0.0666483
0.0651827
0.063521
0.0616685
0.0596306
0.0574127
0.0550187
0.0524521
0.049736
0.0468894
0.0436486
0.0397905
0.0274884
0.0232051
0.0196568
0.0165918
0.013709
0.0110241
0.00855656
0.00630369
0.00426269
0.00243259
0.000812467
-0.000598747
-0.00180222
-0.0027993
-0.00359154
-0.00418081
-0.00456928
-0.00475948
-0.00475429
-0.00455703
-0.00417139
-0.00360151
-0.00285194
-0.0019277
-0.000834228
0.000422565
0.00183631
0.00340018
0.00510686
0.00694858
0.0089171
0.0110037
0.0131992
0.0154939
0.0178778
0.0203402
0.0228702
0.0254563
0.0280868
0.0307495
0.0334318
0.036121
0.0388041
0.0414676
0.0440983
0.0466827
0.0492071
0.051658
0.0540221
0.056286
0.058437
0.0604624
0.0623501
0.0640883
0.0656661
0.0670731
0.0682998
0.0693376
0.0701786
0.0708161
0.0712442
0.0714582
0.0714547
0.0712311
0.0707861
0.0701193
0.0692315
0.0681242
0.0668001
0.0652626
0.0635154
0.0615629
0.05941
0.0570616
0.0545209
0.0517912
0.0488967
0.0458578
0.0423925
0.0382624
0.0284342
0.0238849
0.0201197
0.0168716
0.0138209
0.010984
0.00838117
0.00600899
0.00386372
0.00194344
0.000246256
-0.00122992
-0.00248728
-0.00352818
-0.00435517
-0.00497103
-0.00537883
-0.0055819
-0.0055839
-0.00538881
-0.00500097
-0.00442505
-0.0036661
-0.00272954
-0.00162118
-0.000347234
0.00108569
0.00267056
0.00439992
0.00626588
0.00826012
0.0103739
0.0125979
0.0149226
0.0173379
0.0198331
0.0223973
0.0250192
0.0276869
0.0303883
0.0331109
0.0358419
0.038568
0.041276
0.0439525
0.0465836
0.0491557
0.0516551
0.0540681
0.0563812
0.058581
0.0606547
0.0625896
0.0643737
0.0659953
0.0674435
0.0687082
0.0697801
0.0706506
0.0713123
0.0717587
0.0719841
0.0719842
0.0717558
0.0712967
0.0706056
0.0696824
0.0685279
0.067144
0.0655331
0.0636986
0.0616441
0.0593739
0.0568926
0.0542031
0.0513082
0.048234
0.0450021
0.0413122
0.0369113
0.0291341
0.0243217
0.0203413
0.0169112
0.0136931
0.0107042
0.0079659
0.00547393
0.00322376
0.00121266
-0.000562167
-0.00210372
-0.00341513
-0.00449969
-0.00536086
-0.0060023
-0.00642791
-0.00664181
-0.00664838
-0.00645229
-0.00605844
-0.00547208
-0.00469873
-0.00374424
-0.00261478
-0.00131688
0.000142595
0.0017564
0.0035169
0.00541607
0.00744549
0.00959632
0.0118593
0.0142247
0.0166825
0.019222
0.0218323
0.024502
0.0272193
0.029972
0.0327476
0.0355331
0.0383153
0.0410809
0.043816
0.046507
0.0491398
0.0517004
0.054175
0.0565495
0.0588104
0.0609442
0.0629378
0.0647786
0.0664545
0.0679539
0.069266
0.0703807
0.0712888
0.071982
0.0724531
0.0726956
0.0727043
0.0724751
0.072005
0.0712919
0.070335
0.0691342
0.0676906
0.0660061
0.0640832
0.0619254
0.0595364
0.0569204
0.0540801
0.0510185
0.047763
0.0443369
0.0404217
0.0357496
0.0295726
0.0244989
0.0203046
0.0166932
0.0133082
0.0101677
0.00729394
0.00468212
0.00232697
0.000224999
-0.00162737
-0.00323401
-0.00459891
-0.00572623
-0.0066203
-0.00728561
-0.00772685
-0.0079489
-0.00795684
-0.00775597
-0.00735181
-0.00675013
-0.00595695
-0.00497852
-0.0038214
-0.00249243
-0.000998774
0.000652109
0.0024524
0.00439392
0.00646812
0.00866605
0.0109784
0.0133954
0.0159068
0.0185022
0.0211704
0.0239001
0.0266794
0.0294959
0.0323372
0.0351902
0.0380416
0.0408778
0.0436849
0.0464488
0.0491554
0.0517904
0.0543394
0.0567882
0.0591227
0.0613288
0.063393
0.0653021
0.0670434
0.0686045
0.069974
0.0711409
0.0720953
0.0728281
0.0733312
0.0735974
0.0736205
0.0733955
0.0729186
0.0721869
0.0711988
0.0699535
0.0684513
0.0666936
0.0646823
0.0624204
0.0599115
0.0571594
0.0541669
0.0509369
0.0474984
0.0438765
0.0397344
0.0347896
0.0297345
0.0244004
0.0199929
0.0162008
0.0126493
0.00935743
0.00634851
0.00361714
0.00115736
-0.00103499
-0.00296423
-0.00463503
-0.00605221
-0.00722074
-0.00814576
-0.00883258
-0.00928662
-0.00951351
-0.00951901
-0.00930906
-0.00888977
-0.00826742
-0.00744852
-0.00643975
-0.00524806
-0.00388061
-0.00234485
-0.000648482
0.00120046
0.00319364
0.00532236
0.00757757
0.00994982
0.0124293
0.0150057
0.0176685
0.0204066
0.0232084
0.0260621
0.0289552
0.0318751
0.0348086
0.0377423
0.0406624
0.0435548
0.0464052
0.049199
0.0519216
0.0545583
0.0570944
0.0595154
0.0618066
0.0639539
0.0659433
0.0677616
0.0693956
0.0708332
0.0720626
0.0730729
0.0738543
0.0743976
0.0746949
0.0747391
0.0745243
0.0740457
0.0732997
0.0722839
0.0709967
0.069438
0.0676083
0.0655092
0.0631432
0.0605136
0.0576245
0.0544783
0.0510782
0.0474548
0.043635
0.0392637
0.0340432
0.0296044
0.0240101
0.0193896
0.015417
0.0116993
0.00825644
0.00511279
0.00226242
-0.000301255
-0.00258304
-0.00458797
-0.00632145
-0.00778909
-0.00899665
-0.00995006
-0.0106554
-0.0111188
-0.0113466
-0.0113453
-0.0111214
-0.0106816
-0.0100328
-0.00918186
-0.00813596
-0.0069024
-0.00548872
-0.00390263
-0.00215212
-0.000245421
0.00180893
0.00400209
0.00632488
0.00876774
0.0113207
0.0139736
0.0167155
0.0195354
0.0224216
0.0253622
0.0283447
0.0313562
0.0343834
0.0374128
0.0404302
0.0434215
0.0463718
0.0492665
0.0520904
0.0548285
0.0574655
0.0599862
0.0623757
0.0646191
0.0667016
0.0686092
0.0703281
0.0718453
0.0731481
0.0742248
0.0750645
0.0756572
0.075994
0.0760669
0.0758692
0.0753951
0.0746401
0.0736009
0.0722755
0.0706629
0.0687631
0.0665774
0.0641079
0.0613577
0.0583307
0.0550296
0.0514574
0.047647
0.0436267
0.0390229
0.0335227
0.0291672
0.023312
0.0184782
0.014325
0.0104411
0.00684759
0.00356975
0.000601179
-0.00206535
-0.00443524
-0.0065142
-0.00830837
-0.0098241
-0.0110679
-0.0120466
-0.0127668
-0.0132355
-0.0134598
-0.0134468
-0.0132035
-0.0127374
-0.0120557
-0.011166
-0.0100757
-0.00879263
-0.0073246
-0.00567966
-0.00386605
-0.00189224
0.000233024
0.00250075
0.0049016
0.00742591
0.0100636
0.0128044
0.0156372
0.018551
0.0215341
0.0245742
0.0276589
0.0307751
0.0339094
0.037048
0.0401765
0.0432803
0.0463446
0.0493542
0.0522935
0.0551469
0.0578987
0.0605332
0.0630347
0.0653876
0.0675766
0.0695866
0.0714032
0.0730122
0.0744002
0.0755546
0.0764634
0.0771156
0.0775013
0.0776116
0.0774387
0.0769761
0.0762183
0.0751612
0.073802
0.0721391
0.070172
0.0679015
0.0653295
0.0624588
0.0592935
0.0558361
0.0520901
0.0480901
0.0438662
0.0390259
0.0332407
0.0284071
0.0222896
0.0172415
0.0129074
0.00885738
0.00511349
0.00170208
-0.00138373
-0.00415178
-0.00660808
-0.00875899
-0.0106114
-0.0121723
-0.0134491
-0.0144492
-0.0151801
-0.0156496
-0.0158653
-0.015835
-0.0155665
-0.0150676
-0.0143463
-0.0134105
-0.0122682
-0.0109275
-0.00939662
-0.00768396
-0.005798
-0.00374746
-0.00154128
0.000811348
0.00330094
0.00591771
0.00865149
0.0114917
0.0144275
0.0174475
0.0205399
0.0236924
0.0268924
0.0301266
0.0333814
0.0366429
0.0398963
0.0431269
0.0463193
0.049458
0.052527
0.0555103
0.0583914
0.061154
0.0637819
0.0662586
0.0685681
0.0706944
0.0726221
0.0743361
0.0758221
0.0770663
0.0780559
0.0787787
0.0792238
0.0793811
0.079242
0.0787989
0.0780455
0.0769767
0.0755891
0.0738803
0.0718493
0.0694965
0.0668234
0.063833
0.060529
0.0569142
0.0529923
0.0487998
0.0443688
0.0392871
0.0332105
0.027308
0.0209261
0.0156626
0.0111468
0.00693041
0.00303636
-0.000507942
-0.00370986
-0.00657785
-0.00911852
-0.0113389
-0.0132465
-0.0148492
-0.0161551
-0.0171724
-0.0179093
-0.0183743
-0.0185757
-0.0185221
-0.0182218
-0.0176833
-0.016915
-0.0159253
-0.0147229
-0.0133161
-0.0117136
-0.00992397
-0.00795609
-0.0058189
-0.00352156
-0.00107345
0.00151579
0.00423621
0.00707755
0.0100291
0.01308
0.0162185
0.0194329
0.0227107
0.0260391
0.0294048
0.0327939
0.0361922
0.0395847
0.0429564
0.0462915
0.049574
0.0527876
0.0559155
0.0589409
0.0618468
0.0646159
0.0672313
0.069676
0.0719332
0.0739864
0.0758195
0.0774171
0.0787645
0.0798475
0.080653
0.0811689
0.0813841
0.0812887
0.0808742
0.0801333
0.0790602
0.0776503
0.0759008
0.0738102
0.0713782
0.0686061
0.0654968
0.0620541
0.0582808
0.0541808
0.0497927
0.0451504
0.0398217
0.0334461
0.0258534
0.0192043
0.0137235
0.00902514
0.00464196
0.000597911
-0.00307855
-0.0063953
-0.00936141
-0.0119841
-0.014271
-0.0162305
-0.0178711
-0.0192017
-0.0202312
-0.0209688
-0.0214235
-0.0216044
-0.0215208
-0.0211816
-0.0205959
-0.0197728
-0.0187212
-0.01745
-0.0159681
-0.0142846
-0.0124085
-0.0103488
-0.00811474
-0.0057157
-0.00316128
-0.000461272
0.00237422
0.00533481
0.00840971
0.0115878
0.0148575
0.0182067
0.0216229
0.0250932
0.028604
0.0321412
0.0356905
0.0392365
0.0427639
0.0462566
0.049698
0.0530713
0.0563594
0.0595446
0.0626093
0.0655354
0.0683051
0.0709006
0.073304
0.0754979
0.0774652
0.0791891
0.0806538
0.0818441
0.0827456
0.0833449
0.0836298
0.0835892
0.0832135
0.0824944
0.081425
0.0800002
0.0782162
0.0760707
0.0735633
0.0706949
0.0674681
0.0638868
0.0599539
0.0556735
0.0510863
0.0462281
0.0406461
0.0339627
0.024026
0.0171062
0.011406
0.00652374
0.00197321
-0.00222075
-0.0060286
-0.00945875
-0.0125209
-0.0152229
-0.0175731
-0.0195806
-0.0212547
-0.0226051
-0.0236414
-0.0243736
-0.0248116
-0.0249652
-0.0248442
-0.0244585
-0.0238177
-0.0229313
-0.0218089
-0.0204598
-0.0188935
-0.0171194
-0.0151467
-0.0129849
-0.0106434
-0.00813185
-0.00546002
-0.00263788
0.00032432
0.00341605
0.00662643
0.00994421
0.0133577
0.0168547
0.0204226
0.0240483
0.027718
0.0314176
0.0351322
0.0388465
0.0425446
0.04621
0.0498258
0.0533746
0.0568387
0.0601998
0.0634394
0.0665389
0.0694793
0.0722419
0.0748079
0.0771587
0.0792761
0.0811421
0.0827396
0.084052
0.0850638
0.0857602
0.0861279
0.0861544
0.0858289
0.0851419
0.0840857
0.0826541
0.0808425
0.078648
0.0760697
0.073108
0.0697655
0.066046
0.0619524
0.0574893
0.0526992
0.0476201
0.0417776
0.0347767
0.0218076
0.0146132
0.0086908
0.00362322
-0.00109541
-0.00543923
-0.00937766
-0.0129196
-0.0160755
-0.0188538
-0.0212637
-0.0233148
-0.0250174
-0.026382
-0.0274191
-0.0281394
-0.0285536
-0.0286723
-0.0285062
-0.0280656
-0.0273608
-0.0264022
-0.0251997
-0.0237632
-0.0221026
-0.0202276
-0.0181479
-0.0158733
-0.0134135
-0.0107783
-0.0079777
-0.00502182
-0.00192105
0.00131393
0.00467215
0.00814223
0.0117124
0.0153704
0.0191034
0.0228982
0.0267409
0.0306171
0.0345117
0.0384091
0.0422932
0.0461469
0.049953
0.0536935
0.05735
0.0609036
0.0643351
0.0676249
0.0707533
0.0737003
0.0764461
0.078971
0.0812555
0.0832804
0.0850272
0.0864779
0.0876156
0.0884243
0.0888889
0.088996
0.0887333
0.0880901
0.0870576
0.0856284
0.0837972
0.0815603
0.0789163
0.0758651
0.072409
0.068552
0.0642969
0.0596485
0.0546515
0.0493459
0.0432351
0.0359059
0.0191794
0.0117057
0.00555809
0.000303335
-0.0045843
-0.009078
-0.0131461
-0.0167982
-0.0200452
-0.0228965
-0.0253617
-0.0274517
-0.0291774
-0.03055
-0.0315811
-0.0322823
-0.032665
-0.0327406
-0.0325207
-0.0320162
-0.0312383
-0.0301977
-0.0289052
-0.027371
-0.0256057
-0.0236192
-0.0214217
-0.0190232
-0.0164338
-0.0136635
-0.0107224
-0.00762091
-0.0043695
-0.000978943
0.00253965
0.00617483
0.00991472
0.013747
0.0176587
0.0216365
0.0256665
0.0297338
0.0338233
0.0379191
0.0420046
0.0460627
0.0500753
0.0540241
0.05789
0.0616534
0.0652942
0.0687922
0.0721264
0.075276
0.0782199
0.080937
0.0834068
0.0856086
0.0875224
0.0891289
0.0904095
0.0913467
0.091924
0.0921265
0.0919405
0.091354
0.0903567
0.0889404
0.0870987
0.084827
0.0821232
0.0789869
0.0754201
0.0714266
0.0670092
0.062173
0.0569649
0.0514268
0.045039
0.0373697
0.0161215
0.00836329
0.0019869
-0.0034571
-0.00851481
-0.0131585
-0.0173553
-0.0211155
-0.0244508
-0.0273712
-0.0298874
-0.0320108
-0.0337533
-0.0351273
-0.036145
-0.036819
-0.0371617
-0.0371854
-0.0369023
-0.0363243
-0.0354631
-0.0343303
-0.0329371
-0.0312946
-0.0294134
-0.0273043
-0.0249776
-0.0224437
-0.019713
-0.0167957
-0.0137022
-0.010443
-0.00702856
-0.00346992
0.000221794
0.00403504
0.00795786
0.0119778
0.016082
0.0202569
0.0244884
0.0287617
0.0330612
0.0373709
0.0416738
0.0459523
0.0501882
0.0543624
0.0584552
0.0624462
0.0663147
0.0700392
0.0735981
0.0769693
0.0801305
0.0830593
0.0857336
0.0881315
0.0902314
0.0920124
0.0934543
0.0945378
0.095245
0.0955591
0.0954651
0.0949495
0.0940006
0.0926088
0.0907667
0.0884689
0.0857123
0.082496
0.0788217
0.0746931
0.0701129
0.0650863
0.0596625
0.0538856
0.0472116
0.0391892
0.012613
0.0045643
-0.00204479
-0.00768038
-0.0129094
-0.017703
-0.0220276
-0.0258937
-0.0293142
-0.0322996
-0.0348615
-0.0370123
-0.038765
-0.0401327
-0.0411289
-0.041767
-0.0420604
-0.0420224
-0.0416659
-0.0410038
-0.0400486
-0.0388126
-0.0373075
-0.035545
-0.0335365
-0.0312929
-0.0288252
-0.026144
-0.0232598
-0.0201834
-0.0169251
-0.0134956
-0.00990564
-0.00616617
-0.00228842
0.00171601
0.00583512
0.0100565
0.014367
0.0187532
0.0232008
0.0276948
0.0322197
0.036759
0.0412954
0.0458111
0.0502873
0.0547043
0.059042
0.0632792
0.0673942
0.0713647
0.0751679
0.0787806
0.0821793
0.0853403
0.0882398
0.0908543
0.0931607
0.0951363
0.0967592
0.0980084
0.0988641
0.0993078
0.0993227
0.0988937
0.0980076
0.0966534
0.0948224
0.0925081
0.0897066
0.0864164
0.0826385
0.0783766
0.0736333
0.0684138
0.0627697
0.0567472
0.0497771
0.0413877
0.00863172
0.000286014
-0.00656018
-0.01239
-0.0177916
-0.0227354
-0.0271864
-0.0311562
-0.0346582
-0.0377039
-0.0403059
-0.0424775
-0.0442328
-0.045586
-0.0465516
-0.0471441
-0.047378
-0.0472676
-0.0468267
-0.0460692
-0.0450084
-0.0436572
-0.0420282
-0.0401336
-0.0379854
-0.035595
-0.0329738
-0.0301327
-0.0270827
-0.0238344
-0.0203987
-0.0167862
-0.0130079
-0.0090746
-0.00499772
-0.000788822
0.00354008
0.00797651
0.0125074
0.0171192
0.0217976
0.0265275
0.0312931
0.0360779
0.0408644
0.0456341
0.050368
0.0550459
0.059647
0.0641494
0.0685305
0.0727671
0.0768352
0.0807105
0.084368
0.0877827
0.0909291
0.0937822
0.096317
0.098509
0.100334
0.10177
0.102795
0.103387
0.10353
0.103205
0.102397
0.101095
0.0992883
0.0969686
0.0941313
0.0907739
0.0868973
0.0825045
0.077598
0.0721832
0.066314
0.0600388
0.0527619
0.0439906
0.00415436
-0.00449562
-0.0115838
-0.0176107
-0.0231865
-0.0282805
-0.0328567
-0.0369274
-0.0405069
-0.0436077
-0.0462434
-0.0484284
-0.0501779
-0.0515073
-0.0524324
-0.0529688
-0.0531321
-0.0529376
-0.0524003
-0.051535
-0.0503559
-0.0488768
-0.047111
-0.0450714
-0.0427705
-0.0402203
-0.0374326
-0.0344186
-0.0311896
-0.0277566
-0.0241304
-0.0203219
-0.0163419
-0.0122017
-0.0079124
-0.00348561
0.00106668
0.00573204
0.0104974
0.0153493
0.0202732
0.0252541
0.0302762
0.0353226
0.0403757
0.0454167
0.0504261
0.0553833
0.0602667
0.0650539
0.0697214
0.0742449
0.0785994
0.0827592
0.086698
0.0903892
0.0938058
0.0969208
0.0997073
0.102139
0.10419
0.105835
0.10705
0.107813
0.108104
0.107902
0.107191
0.105957
0.104189
0.101876
0.099013
0.0955966
0.0916266
0.087106
0.0820368
0.0764244
0.0703251
0.0637897
0.0561948
0.0470255
-0.000843807
-0.00980609
-0.0171417
-0.0233689
-0.0291205
-0.0343648
-0.0390647
-0.0432332
-0.0468858
-0.0500358
-0.052698
-0.0548882
-0.0566226
-0.0579181
-0.0587916
-0.0592601
-0.0593404
-0.0590491
-0.0584024
-0.0574159
-0.0561049
-0.0544842
-0.0525678
-0.0503693
-0.0479019
-0.0451781
-0.0422101
-0.0390097
-0.0355882
-0.0319569
-0.0281268
-0.0241089
-0.0199141
-0.0155534
-0.0110382
-0.00638
-0.0015906
0.00331758
0.00833163
0.013438
0.0186223
0.0238696
0.0291638
0.034488
0.0398245
0.0451543
0.0504573
0.0557125
0.0608978
0.06599
0.0709647
0.0757968
0.08046
0.0849273
0.0891709
0.0931627
0.0968739
0.100276
0.103339
0.106035
0.108337
0.110216
0.111646
0.112603
0.113063
0.113005
0.112411
0.111264
0.109549
0.107258
0.104381
0.100914
0.0968578
0.092213
0.086982
0.0811699
0.0748356
0.0680322
0.0601072
0.0505229
-0.006389
-0.0156725
-0.0232614
-0.0296925
-0.0356218
-0.0410164
-0.0458382
-0.0501011
-0.0538216
-0.0570143
-0.0596951
-0.0618811
-0.0635901
-0.0648402
-0.0656499
-0.0660376
-0.0660214
-0.0656193
-0.0648487
-0.0637264
-0.0622688
-0.0604916
-0.0584098
-0.0560377
-0.0533891
-0.0504772
-0.0473145
-0.0439133
-0.0402852
-0.0364417
-0.032394
-0.0281529
-0.0237296
-0.019135
-0.0143803
-0.00947694
-0.00443665
0.000728326
0.00600521
0.0113806
0.0168402
0.022369
0.0279511
0.0335696
0.0392064
0.0448425
0.0504574
0.0560298
0.0615369
0.0669548
0.0722583
0.0774213
0.0824164
0.0872152
0.0917884
0.0961061
0.100138
0.103853
0.107219
0.110207
0.112786
0.114925
0.116597
0.117773
0.118428
0.118537
0.118081
0.11704
0.115398
0.113143
0.110266
0.10676
0.102624
0.0978601
0.0924686
0.0864551
0.0798808
0.0728013
0.0645336
0.0545159
-0.0125091
-0.0221236
-0.0299726
-0.0366114
-0.0427202
-0.0482652
-0.0532069
-0.0575602
-0.0613429
-0.0645708
-0.0672612
-0.0694326
-0.0711045
-0.0722965
-0.0730288
-0.0733213
-0.0731937
-0.0726654
-0.0717551
-0.0704812
-0.0688609
-0.0669112
-0.0646479
-0.0620864
-0.059241
-0.0561255
-0.052753
-0.0491361
-0.0452868
-0.0412166
-0.0369369
-0.0324588
-0.027793
-0.0229507
-0.0179428
-0.0127805
-0.00747549
-0.00203975
0.00351413
0.00917293
0.0149226
0.0207483
0.0266342
0.0325632
0.0385174
0.0444774
0.0504228
0.0563318
0.0621809
0.0679457
0.0736002
0.0791172
0.0844682
0.0896234
0.0945521
0.0992225
0.103602
0.107658
0.111357
0.114665
0.11755
0.119978
0.121919
0.123342
0.124218
0.124521
0.124227
0.123314
0.121765
0.119565
0.116701
0.113168
0.108963
0.104085
0.098535
0.0923186
0.0854994
0.0781353
0.0695116
0.0590411
-0.0192337
-0.0291902
-0.0373065
-0.0441575
-0.0504479
-0.056143
-0.0612023
-0.0656415
-0.0694799
-0.0727345
-0.0754243
-0.0775695
-0.0791912
-0.0803109
-0.0809506
-0.0811319
-0.0808763
-0.0802047
-0.0791375
-0.0776944
-0.075894
-0.0737544
-0.0712925
-0.0685245
-0.0654656
-0.0621301
-0.0585318
-0.0546835
-0.0505976
-0.0462859
-0.0417596
-0.0370299
-0.0321077
-0.0270036
-0.0217286
-0.0162937
-0.0107101
-0.0049897
0.0008553
0.00681191
0.0128664
0.0190041
0.0252093
0.0314652
0.0377538
0.0440556
0.0503501
0.0566151
0.0628268
0.0689602
0.0749883
0.0808831
0.0866149
0.0921525
0.0974637
0.102515
0.107271
0.111698
0.115759
0.119418
0.12264
0.125389
0.12763
0.12933
0.130457
0.130981
0.130876
0.130116
0.128682
0.126556
0.123724
0.120178
0.115912
0.110927
0.105223
0.0988023
0.0917334
0.0840761
0.0750822
0.0641382
-0.0265945
-0.0369052
-0.045297
-0.0523648
-0.0588393
-0.0646842
-0.0698582
-0.0743781
-0.0782646
-0.0815364
-0.084214
-0.0863197
-0.0878765
-0.088908
-0.089438
-0.0894903
-0.0890883
-0.0882546
-0.0870115
-0.08538
-0.0833805
-0.081032
-0.0783529
-0.0753601
-0.0720698
-0.068497
-0.0646559
-0.0605598
-0.0562214
-0.0516525
-0.0468646
-0.0418687
-0.0366755
-0.0312956
-0.0257396
-0.0200181
-0.0141423
-0.00812336
-0.00197328
0.00429536
0.0106692
0.0171338
0.0236739
0.0302729
0.0369127
0.0435742
0.0502364
0.0568771
0.0634722
0.069996
0.076421
0.082718
0.0888562
0.0948032
0.100525
0.105986
0.11115
0.115979
0.120434
0.124478
0.12807
0.131173
0.133747
0.135757
0.137167
0.137943
0.138056
0.137478
0.136184
0.134154
0.131373
0.12783
0.123517
0.118433
0.112577
0.105952
0.0986288
0.0906695
0.0812904
0.0698509
-0.0346255
-0.045304
-0.0539805
-0.0612704
-0.0679312
-0.0739256
-0.079211
-0.0838055
-0.0877315
-0.0910094
-0.0936618
-0.0957129
-0.0971881
-0.0981134
-0.0985147
-0.0984181
-0.097849
-0.0968324
-0.0953922
-0.0935514
-0.0913317
-0.0887539
-0.0858373
-0.0826001
-0.0790592
-0.0752305
-0.0711287
-0.0667676
-0.0621599
-0.0573178
-0.0522527
-0.0469754
-0.0414967
-0.0358267
-0.0299757
-0.0239541
-0.0177723
-0.0114412
-0.00497227
0.00162237
0.0083298
0.0151361
0.0220264
0.0289842
0.0359921
0.0430307
0.0500794
0.0571155
0.0641149
0.0710513
0.0778966
0.0846208
0.0911919
0.0975761
0.103738
0.10964
0.115243
0.120507
0.125392
0.129854
0.133853
0.137345
0.140289
0.142645
0.144373
0.145436
0.1458
0.145432
0.144307
0.142399
0.139691
0.136168
0.131822
0.126649
0.120647
0.113818
0.106236
0.0979655
0.0881855
0.0762269
-0.043363
-0.0544247
-0.0633961
-0.0709138
-0.0777636
-0.0839068
-0.0892997
-0.0939618
-0.0979173
-0.101189
-0.103801
-0.10578
-0.107155
-0.107954
-0.108205
-0.107937
-0.107178
-0.105955
-0.104294
-0.102221
-0.0997584
-0.0969287
-0.0937527
-0.0902498
-0.0864379
-0.0823335
-0.077952
-0.0733076
-0.0684132
-0.0632812
-0.0579228
-0.0523489
-0.0465698
-0.0405953
-0.0344354
-0.0280999
-0.0215986
-0.014942
-0.00814075
-0.00120648
0.00584851
0.0130109
0.0202662
0.0275985
0.0349908
0.0424239
0.0498774
0.0573286
0.0647531
0.0721245
0.0794139
0.0865907
0.0936218
0.100472
0.107104
0.113478
0.119554
0.125289
0.130639
0.135558
0.140002
0.143923
0.147276
0.150017
0.152102
0.153488
0.154139
0.154017
0.153091
0.151334
0.148724
0.145242
0.140879
0.135628
0.129487
0.122456
0.11461
0.106019
0.0958215
0.0833185
-0.0528463
-0.0643085
-0.0735862
-0.0813384
-0.0883799
-0.094671
-0.100167
-0.104888
-0.108861
-0.112112
-0.114666
-0.116554
-0.117807
-0.118456
-0.118533
-0.118069
-0.117094
-0.115639
-0.113732
-0.111401
-0.10867
-0.105564
-0.102105
-0.0983129
-0.0942079
-0.0898067
-0.0851253
-0.0801784
-0.0749791
-0.0695398
-0.0638717
-0.0579854
-0.0518909
-0.0455976
-0.0391149
-0.0324519
-0.0256179
-0.0186226
-0.011476
-0.00418891
0.0032271
0.0107594
0.0183941
0.0261161
0.0339087
0.0417533
0.0496296
0.0575153
0.0653859
0.0732145
0.0809722
0.0886273
0.0961459
0.103491
0.110625
0.117506
0.12409
0.130332
0.136186
0.141602
0.146531
0.150923
0.154728
0.157896
0.16038
0.162132
0.163109
0.163271
0.16258
0.161005
0.15852
0.155104
0.150743
0.145429
0.139155
0.131924
0.123812
0.11489
0.104258
0.0911832
-0.0631178
-0.0750002
-0.0845973
-0.092591
-0.0998272
-0.106265
-0.111857
-0.116628
-0.120606
-0.123819
-0.126296
-0.12807
-0.129177
-0.12965
-0.129524
-0.128835
-0.127616
-0.125901
-0.123719
-0.1211
-0.118074
-0.114664
-0.110896
-0.106791
-0.102369
-0.0976483
-0.0926457
-0.0873761
-0.0818528
-0.0760883
-0.0700936
-0.0638789
-0.0574538
-0.0508273
-0.0440079
-0.0370041
-0.0298245
-0.0224778
-0.0149733
-0.00732071
0.000469182
0.00838464
0.0164127
0.0245388
0.0327471
0.0410196
0.0493364
0.0576756
0.0660127
0.0743209
0.0825708
0.0907302
0.0987644
0.106636
0.114303
0.121725
0.128854
0.135642
0.14204
0.147995
0.153454
0.158363
0.162665
0.166308
0.169236
0.1714
0.172748
0.173234
0.172818
0.171462
0.169135
0.165812
0.161475
0.156113
0.149718
0.142289
0.133907
0.124646
0.113559
0.099884
-0.0742238
-0.0865487
-0.0964798
-0.104723
-0.112157
-0.118739
-0.124422
-0.129231
-0.133198
-0.136352
-0.138729
-0.140364
-0.141296
-0.141563
-0.141205
-0.140259
-0.138764
-0.136754
-0.134265
-0.131329
-0.127976
-0.124234
-0.120128
-0.115682
-0.110918
-0.105854
-0.100508
-0.0948939
-0.0890268
-0.0829184
-0.0765796
-0.0700203
-0.0632494
-0.0562752
-0.0491056
-0.0417481
-0.0342104
-0.0265002
-0.0186256
-0.0105956
-0.00241961
0.00589153
0.0143259
0.0228699
0.0315086
0.0402246
0.048999
0.0578101
0.0666339
0.0754436
0.0842097
0.0928995
0.101478
0.109905
0.11814
0.126138
0.13385
0.141226
0.148211
0.154751
0.160787
0.16626
0.17111
0.175277
0.178702
0.181326
0.183094
0.183953
0.183856
0.18276
0.180627
0.177427
0.17314
0.16775
0.161245
0.153624
0.144969
0.135358
0.123798
0.10949
-0.0862146
-0.0990077
-0.109289
-0.117791
-0.125426
-0.13215
-0.137915
-0.142749
-0.146686
-0.14976
-0.15201
-0.153476
-0.154201
-0.154228
-0.153601
-0.152362
-0.150553
-0.148214
-0.145383
-0.142094
-0.13838
-0.134273
-0.129799
-0.124984
-0.11985
-0.114416
-0.108702
-0.102722
-0.09649
-0.0900185
-0.0833179
-0.0763974
-0.0692654
-0.0619294
-0.0543962
-0.0466724
-0.0387646
-0.0306793
-0.0224235
-0.0140047
-0.0054314
0.00328702
0.0121398
0.0211146
0.0301973
0.0393719
0.0486199
0.0579207
0.0672506
0.0765833
0.0858892
0.0951356
0.104286
0.113301
0.122138
0.130749
0.139083
0.147089
0.154707
0.161879
0.168543
0.174633
0.180085
0.184832
0.188808
0.191948
0.194191
0.195475
0.195746
0.194955
0.193058
0.190019
0.18581
0.180414
0.173815
0.166008
0.157079
0.147107
0.135052
0.120078
-0.0991457
-0.112436
-0.123088
-0.131858
-0.139697
-0.14656
-0.152397
-0.157238
-0.161124
-0.164091
-0.166183
-0.167445
-0.167926
-0.167674
-0.166738
-0.165166
-0.163003
-0.160293
-0.157079
-0.153398
-0.149288
-0.14478
-0.139904
-0.134688
-0.129154
-0.123324
-0.117216
-0.110846
-0.104228
-0.0973734
-0.0902928
-0.0829945
-0.0754862
-0.0677742
-0.0598646
-0.0517625
-0.0434733
-0.0350021
-0.0263546
-0.0175369
-0.00855592
0.000580339
0.00986255
0.0192798
0.0288193
0.0384661
0.048203
0.0580103
0.0678651
0.0777415
0.0876104
0.0974389
0.10719
0.116825
0.126297
0.135559
0.144558
0.153237
0.161536
0.169392
0.176736
0.1835
0.189612
0.194999
0.199587
0.203305
0.206082
0.20785
0.208546
0.208112
0.206497
0.20366
0.199565
0.194189
0.187513
0.179529
0.170325
0.159983
0.147409
0.131732
-0.113078
-0.1269
-0.137943
-0.146993
-0.155039
-0.162036
-0.167932
-0.172763
-0.176571
-0.179399
-0.181297
-0.182316
-0.18251
-0.181934
-0.180643
-0.17869
-0.176126
-0.173001
-0.169359
-0.165245
-0.160696
-0.155748
-0.150435
-0.144783
-0.138817
-0.132561
-0.126033
-0.119249
-0.112222
-0.104964
-0.0974847
-0.089792
-0.0818922
-0.0737907
-0.0654921
-0.0570004
-0.0483193
-0.0394525
-0.0304039
-0.0211781
-0.0117803
-0.00221686
0.00750452
0.0173746
0.0273821
0.0375138
0.0477536
0.0580829
0.0684802
0.0789203
0.0893746
0.0998105
0.110191
0.120476
0.130619
0.140571
0.150276
0.159676
0.168706
0.177298
0.185381
0.192879
0.199714
0.205806
0.211073
0.215436
0.218814
0.221132
0.222315
0.222298
0.22102
0.218431
0.21449
0.209166
0.202435
0.194285
0.184805
0.174082
0.160966
0.144544
-0.12808
-0.142472
-0.153931
-0.163273
-0.17153
-0.178654
-0.184595
-0.189391
-0.193091
-0.195744
-0.197405
-0.198134
-0.197992
-0.197041
-0.195342
-0.192956
-0.189938
-0.186345
-0.182227
-0.177631
-0.172598
-0.167169
-0.161377
-0.155253
-0.148822
-0.142109
-0.135132
-0.127907
-0.120448
-0.112766
-0.10487
-0.0967659
-0.0884599
-0.0799557
-0.0712564
-0.0623645
-0.053282
-0.0440107
-0.0345529
-0.0249112
-0.0150888
-0.00509038
0.00507845
0.0154103
0.0258957
0.0365231
0.0472782
0.058144
0.0691001
0.0801225
0.0911836
0.102251
0.113289
0.124256
0.135105
0.145786
0.156241
0.166409
0.176222
0.185608
0.194491
0.202787
0.210413
0.217281
0.223302
0.228384
0.232438
0.235378
0.23712
0.237586
0.236707
0.234422
0.23068
0.225445
0.218684
0.210382
0.20063
0.189516
0.175831
0.158618
-0.144228
-0.159234
-0.171137
-0.180785
-0.189255
-0.1965
-0.202467
-0.2072
-0.210755
-0.213189
-0.214564
-0.214949
-0.214413
-0.213027
-0.21086
-0.20798
-0.20445
-0.200332
-0.195682
-0.19055
-0.184985
-0.179027
-0.172714
-0.166077
-0.159145
-0.151942
-0.144486
-0.136794
-0.128879
-0.120752
-0.112419
-0.103888
-0.0951614
-0.0862419
-0.0771311
-0.0678294
-0.058337
-0.0486539
-0.0387801
-0.0287161
-0.0184631
-0.00802332
0.00259952
0.0134002
0.0243716
0.035504
0.0467852
0.0582
0.0697297
0.0813518
0.0930399
0.104763
0.116485
0.128164
0.139755
0.151205
0.162454
0.17344
0.184091
0.194331
0.204077
0.213242
0.221733
0.229455
0.236307
0.242191
0.247005
0.250649
0.25303
0.254057
0.253647
0.251728
0.248241
0.243138
0.236379
0.227942
0.217921
0.206405
0.192121
0.174069
-0.161606
-0.17728
-0.189659
-0.199628
-0.208314
-0.215667
-0.221637
-0.226274
-0.22964
-0.231803
-0.232834
-0.232811
-0.231815
-0.229925
-0.227221
-0.223779
-0.219669
-0.214962
-0.209717
-0.203993
-0.19784
-0.191303
-0.184421
-0.17723
-0.169758
-0.162029
-0.154063
-0.145876
-0.137481
-0.128887
-0.1201
-0.111125
-0.101964
-0.0926176
-0.0830853
-0.0733656
-0.0634564
-0.0533554
-0.0430604
-0.0325695
-0.0218814
-0.0109961
8.54037e-05
0.0113602
0.0228235
0.0344682
0.0462843
0.0582587
0.0703749
0.0826123
0.094946
0.107346
0.119778
0.132201
0.144568
0.156826
0.168916
0.18077
0.192315
0.203471
0.21415
0.224257
0.233693
0.242353
0.250126
0.256902
0.262568
0.26701
0.27012
0.271794
0.271934
0.270456
0.267286
0.262366
0.255647
0.247098
0.236814
0.224886
0.209972
0.191024
-0.180311
-0.196713
-0.209607
-0.219913
-0.228815
-0.236263
-0.242208
-0.246706
-0.249832
-0.251661
-0.252279
-0.251775
-0.250241
-0.247769
-0.244448
-0.240365
-0.235601
-0.230231
-0.224324
-0.217942
-0.211141
-0.203969
-0.196469
-0.188677
-0.180624
-0.172333
-0.163824
-0.155114
-0.146214
-0.137132
-0.127872
-0.118438
-0.10883
-0.0990464
-0.0890841
-0.0789394
-0.068608
-0.0580849
-0.0473654
-0.0364448
-0.0253195
-0.0139863
-0.00244374
0.00930813
0.0212672
0.0334291
0.0457866
0.0583291
0.0710425
0.0839086
0.0969045
0.110002
0.123169
0.136363
0.149541
0.162648
0.175623
0.188398
0.200897
0.213035
0.224718
0.235847
0.246314
0.256002
0.264794
0.272563
0.279183
0.284527
0.288469
0.290889
0.291674
0.290722
0.287944
0.283268
0.276633
0.268
0.257462
0.245112
0.229533
0.209626
-0.200455
-0.217655
-0.231106
-0.241767
-0.250885
-0.25841
-0.264293
-0.268603
-0.271424
-0.272847
-0.27297
-0.271897
-0.269735
-0.266589
-0.262561
-0.257749
-0.252244
-0.24613
-0.239484
-0.232374
-0.224859
-0.216993
-0.208821
-0.20038
-0.191701
-0.18281
-0.173726
-0.164464
-0.155033
-0.145442
-0.135692
-0.125785
-0.115718
-0.105487
-0.0950879
-0.0845132
-0.0737559
-0.0628085
-0.0516632
-0.0403126
-0.0287498
-0.016969
-0.00496534
0.00726404
0.0197202
0.0324017
0.0453044
0.0584208
0.0717397
0.0852456
0.0989182
0.112732
0.126655
0.14065
0.154671
0.168665
0.182572
0.196321
0.209834
0.223022
0.235787
0.248022
0.259611
0.270429
0.280344
0.289217
0.296907
0.30327
0.308161
0.311442
0.312979
0.312652
0.310353
0.305994
0.299498
0.290815
0.280036
0.267255
0.250973
0.230035
-0.222163
-0.240245
-0.254301
-0.265337
-0.274668
-0.282245
-0.288022
-0.292081
-0.294521
-0.295448
-0.29498
-0.293236
-0.290341
-0.286416
-0.281577
-0.275935
-0.269593
-0.262645
-0.255174
-0.247257
-0.238958
-0.230333
-0.22143
-0.212288
-0.20294
-0.193409
-0.183715
-0.173871
-0.163887
-0.153766
-0.143509
-0.133115
-0.122579
-0.111894
-0.101053
-0.090045
-0.0788605
-0.0674888
-0.0559188
-0.0441401
-0.0321425
-0.0199166
-0.00745465
0.00524994
0.0182016
0.0314022
0.0448513
0.0585445
0.0724742
0.0866281
0.100989
0.115534
0.130235
0.145055
0.159952
0.174872
0.189756
0.204533
0.219121
0.23343
0.247357
0.260788
0.273599
0.285654
0.296808
0.306909
0.315798
0.323311
0.329285
0.333557
0.335972
0.336386
0.33467
0.330714
0.324424
0.315735
0.304732
0.291511
0.274483
0.252435
-0.245582
-0.264642
-0.27936
-0.290792
-0.30033
-0.307925
-0.313541
-0.317272
-0.319238
-0.319564
-0.318388
-0.315854
-0.312103
-0.307276
-0.301506
-0.29492
-0.287633
-0.279749
-0.271361
-0.262552
-0.253391
-0.243938
-0.234243
-0.224347
-0.214281
-0.20407
-0.193732
-0.183278
-0.172715
-0.162045
-0.151267
-0.140375
-0.129362
-0.118217
-0.106931
-0.095489
-0.0838784
-0.0720849
-0.0600941
-0.047892
-0.0354648
-0.0227997
-0.00988497
0.00328945
0.0167318
0.030448
0.0444412
0.0587111
0.0732537
0.0880607
0.103119
0.118408
0.133904
0.149573
0.165374
0.181258
0.197164
0.213021
0.228749
0.244252
0.259425
0.274147
0.288285
0.301694
0.314216
0.325681
0.335912
0.344726
0.351933
0.357347
0.360786
0.362077
0.361066
0.357618
0.351615
0.342972
0.331771
0.318103
0.300281
0.277029
-0.270882
-0.291034
-0.30648
-0.318328
-0.32806
-0.335633
-0.341015
-0.344324
-0.345701
-0.345299
-0.34328
-0.339811
-0.335061
-0.329192
-0.322356
-0.314696
-0.306341
-0.297409
-0.288001
-0.278206
-0.2681
-0.257746
-0.247194
-0.236487
-0.225656
-0.214725
-0.203709
-0.192617
-0.181453
-0.170217
-0.158904
-0.147504
-0.136008
-0.124401
-0.112669
-0.100796
-0.0887628
-0.076553
-0.0641482
-0.0515304
-0.0386821
-0.0255866
-0.0122281
0.00140746
0.0153325
0.0295571
0.0440886
0.0589313
0.0740854
0.0895469
0.105307
0.12135
0.137656
0.154194
0.170927
0.187808
0.204779
0.22177
0.238701
0.255474
0.27198
0.288093
0.303673
0.318563
0.33259
0.345571
0.357306
0.367587
0.376201
0.382931
0.387563
0.389893
0.389733
0.386918
0.3813
0.372772
0.361405
0.347285
0.328616
0.304053
-0.298264
-0.319642
-0.335889
-0.348174
-0.358082
-0.365575
-0.370635
-0.373404
-0.374054
-0.372768
-0.369741
-0.365172
-0.359256
-0.35218
-0.344121
-0.335241
-0.325684
-0.315579
-0.305038
-0.294158
-0.283017
-0.271683
-0.260208
-0.248633
-0.236989
-0.225296
-0.213569
-0.201813
-0.190028
-0.178211
-0.166351
-0.154438
-0.142456
-0.130387
-0.118213
-0.105912
-0.0934641
-0.0808469
-0.0680381
-0.0550158
-0.0417583
-0.0282446
-0.0144548
-0.000370418
0.0140255
0.0287475
0.0438078
0.0592154
0.0749754
0.0910889
0.107552
0.124354
0.141479
0.158903
0.176592
0.194502
0.21258
0.230757
0.248954
0.267074
0.285003
0.302613
0.319755
0.336262
0.351948
0.36661
0.380029
0.39197
0.402188
0.410435
0.416459
0.420018
0.420883
0.418852
0.413742
0.405413
0.393923
0.37935
0.359775
0.333778
-0.327963
-0.350726
-0.367859
-0.380601
-0.390655
-0.397993
-0.402616
-0.404698
-0.40445
-0.402094
-0.397864
-0.391996
-0.384718
-0.376249
-0.366789
-0.356523
-0.345611
-0.334197
-0.322401
-0.310327
-0.298059
-0.285665
-0.273197
-0.260696
-0.24819
-0.235698
-0.223228
-0.210783
-0.19836
-0.185949
-0.173537
-0.161107
-0.148639
-0.136112
-0.123501
-0.110783
-0.0979305
-0.0849181
-0.0717192
-0.0583071
-0.044656
-0.0307403
-0.0165355
-0.00201849
0.0128324
0.0280369
0.0436121
0.0595724
0.0759283
0.0926866
0.109849
0.127411
0.145362
0.163684
0.182347
0.201316
0.220538
0.239951
0.259477
0.27902
0.298466
0.317682
0.336514
0.354785
0.372295
0.388824
0.404127
0.417943
0.429993
0.439989
0.447638
0.452651
0.454752
0.45369
0.449237
0.441216
0.429662
0.41464
0.394091
0.366514
-0.360262
-0.384598
-0.402714
-0.415929
-0.426084
-0.433167
-0.437206
-0.438417
-0.437061
-0.433409
-0.427741
-0.420339
-0.411472
-0.401393
-0.39033
-0.378492
-0.366059
-0.353185
-0.340003
-0.326622
-0.313127
-0.299589
-0.286059
-0.272575
-0.259161
-0.245832
-0.232592
-0.219439
-0.206363
-0.193351
-0.180382
-0.167436
-0.154488
-0.14151
-0.128474
-0.11535
-0.102108
-0.0887173
-0.0751459
-0.0613629
-0.0473378
-0.0330402
-0.0184409
-0.00351169
0.0117742
0.0274416
0.0435133
0.0600093
0.0769464
0.0943373
0.11219
0.130508
0.149285
0.168512
0.188165
0.208215
0.228616
0.249312
0.270227
0.291269
0.312326
0.333262
0.353919
0.374111
0.393626
0.412223
0.429635
0.44557
0.459712
0.471729
0.481276
0.488012
0.491601
0.491735
0.488128
0.48055
0.46901
0.45355
0.431954
0.402626
-0.395498
-0.42163
-0.44084
-0.454537
-0.464727
-0.471424
-0.474689
-0.474799
-0.472074
-0.466849
-0.459464
-0.450252
-0.43953
-0.427591
-0.414697
-0.40108
-0.38694
-0.372446
-0.357737
-0.342927
-0.328105
-0.313339
-0.298678
-0.284156
-0.269791
-0.255593
-0.241559
-0.227682
-0.213945
-0.200327
-0.186805
-0.173349
-0.159929
-0.146514
-0.133067
-0.119556
-0.105944
-0.0921948
-0.0782729
-0.0641421
-0.0497668
-0.0351119
-0.0201429
-0.00482645
0.0108696
0.0269757
0.0435206
0.0605304
0.0780283
0.0960342
0.114563
0.133625
0.153224
0.173357
0.194009
0.215158
0.236768
0.258787
0.281148
0.303765
0.326526
0.349299
0.371922
0.394202
0.415915
0.436803
0.456575
0.474905
0.491437
0.505788
0.517557
0.526337
0.531722
0.533329
0.530802
0.523845
0.512422
0.496549
0.473821
0.442539
-0.434079
-0.462275
-0.482705
-0.496882
-0.507011
-0.513143
-0.515391
-0.514107
-0.509692
-0.502558
-0.493117
-0.481769
-0.468884
-0.454801
-0.439817
-0.424192
-0.408144
-0.391855
-0.375472
-0.35911
-0.342859
-0.326782
-0.310924
-0.295312
-0.279958
-0.264863
-0.250019
-0.235407
-0.221006
-0.206787
-0.192718
-0.178764
-0.164889
-0.151053
-0.137218
-0.123341
-0.109383
-0.0953014
-0.0810558
-0.066605
-0.0519081
-0.0369249
-0.0216157
-0.00594172
0.0101348
0.0266504
0.0436399
0.0611359
0.0791689
0.0977659
0.11695
0.13674
0.157149
0.178181
0.199833
0.222093
0.244932
0.268312
0.292172
0.316433
0.340992
0.365719
0.390452
0.414996
0.439116
0.462539
0.484948
0.505984
0.525246
0.542298
0.556671
0.56788
0.575434
0.578861
0.577711
0.571601
0.560437
0.544191
0.520237
0.486761
-0.476506
-0.507088
-0.528878
-0.543514
-0.553443
-0.558772
-0.559686
-0.556637
-0.550131
-0.540677
-0.528778
-0.514907
-0.499502
-0.48295
-0.465589
-0.447703
-0.42953
-0.411263
-0.393052
-0.375013
-0.357231
-0.339764
-0.322648
-0.305902
-0.289528
-0.273518
-0.257852
-0.242505
-0.227445
-0.212634
-0.198034
-0.183601
-0.169292
-0.15506
-0.140861
-0.126648
-0.112373
-0.0979901
-0.0834527
-0.0687145
-0.0537294
-0.0384519
-0.0228369
-0.00683996
0.00958241
0.0264729
0.0438727
0.0618217
0.0803575
0.0995154
0.119327
0.139821
0.161018
0.182936
0.205582
0.228954
0.253039
0.277806
0.303209
0.32918
0.355625
0.382422
0.409414
0.436404
0.463153
0.489374
0.514727
0.538819
0.561203
0.581381
0.598809
0.61291
0.623092
0.628768
0.629371
0.624404
0.61369
0.597137
0.571855
0.535894
-0.523393
-0.55675
-0.580056
-0.595101
-0.604629
-0.608832
-0.607998
-0.602714
-0.593618
-0.581343
-0.5665
-0.549656
-0.531319
-0.511931
-0.491871
-0.47145
-0.450922
-0.430485
-0.410292
-0.390452
-0.371044
-0.352114
-0.333689
-0.315773
-0.298358
-0.281422
-0.264935
-0.24886
-0.233154
-0.217772
-0.202663
-0.187777
-0.173063
-0.158467
-0.143937
-0.129421
-0.114865
-0.100217
-0.0854251
-0.0704373
-0.0552025
-0.0396696
-0.0237883
-0.00750831
0.00921978
0.0264449
0.0442151
0.0625774
0.0815774
0.101259
0.121663
0.142827
0.164785
0.187566
0.211189
0.235666
0.260998
0.287171
0.314152
0.341889
0.370303
0.399282
0.428678
0.458303
0.487914
0.517216
0.545849
0.573389
0.599341
0.623139
0.644157
0.66171
0.675082
0.683545
0.686381
0.682946
0.672944
0.656189
0.629468
0.59067
-0.575507
-0.612113
-0.637105
-0.652458
-0.661297
-0.663937
-0.660813
-0.652691
-0.640382
-0.624674
-0.60631
-0.585962
-0.56422
-0.541585
-0.518476
-0.495226
-0.472101
-0.449301
-0.426972
-0.405215
-0.384094
-0.363641
-0.343866
-0.324758
-0.306292
-0.288434
-0.271138
-0.254353
-0.238027
-0.222101
-0.206516
-0.191212
-0.17613
-0.161209
-0.146388
-0.13161
-0.116814
-0.101943
-0.0869392
-0.0717452
-0.0563044
-0.0405605
-0.0244575
-0.00793972
0.00904846
0.0265623
0.0446567
0.0633863
0.0828046
0.102964
0.123917
0.145711
0.168391
0.192
0.216572
0.242136
0.268707
0.29629
0.324872
0.354419
0.384871
0.416135
0.44808
0.480527
0.513241
0.545924
0.578204
0.609627
0.639651
0.667644
0.692882
0.714562
0.731817
0.743745
0.749436
0.748045
0.739116
0.722321
0.694047
0.651984
-0.633816
-0.67425
-0.701104
-0.716591
-0.724324
-0.724804
-0.718676
-0.706943
-0.690643
-0.670757
-0.648182
-0.623714
-0.598031
-0.571694
-0.545155
-0.518769
-0.492801
-0.467447
-0.442839
-0.41906
-0.396153
-0.374132
-0.352983
-0.332677
-0.313169
-0.294405
-0.276325
-0.258864
-0.241954
-0.225525
-0.209507
-0.19383
-0.178426
-0.163225
-0.148161
-0.133168
-0.118181
-0.103135
-0.0879679
-0.0726164
-0.0570188
-0.0411135
-0.024839
-0.008134
0.00906298
0.0268136
0.0451798
0.0642236
0.084007
0.104592
0.126041
0.148412
0.171766
0.196158
0.221639
0.248254
0.27604
0.305022
0.335211
0.366596
0.399142
0.432782
0.467407
0.502859
0.538919
0.575297
0.611615
0.6474
0.682067
0.714916
0.745121
0.771742
0.793736
0.809987
0.819336
0.820677
0.813321
0.796738
0.766796
0.720942
-0.699554
-0.744528
-0.773418
-0.788745
-0.794769
-0.79227
-0.782191
-0.765857
-0.744595
-0.719622
-0.692021
-0.662723
-0.632496
-0.601959
-0.57159
-0.54175
-0.512699
-0.484611
-0.457596
-0.431711
-0.406969
-0.383355
-0.360831
-0.33934
-0.318816
-0.299184
-0.280363
-0.262273
-0.24483
-0.22795
-0.211553
-0.195559
-0.179887
-0.164463
-0.149211
-0.134058
-0.118934
-0.103768
-0.0884913
-0.0730368
-0.057337
-0.0413252
-0.0249348
-0.00809885
0.00924988
0.0271793
0.0457582
0.0650562
0.0851439
0.106093
0.127975
0.150863
0.174829
0.199944
0.226278
0.253895
0.282855
0.313206
0.344987
0.378216
0.412891
0.448975
0.486395
0.525023
0.564667
0.605058
0.645827
0.686493
0.726439
0.764901
0.80095
0.833495
0.861287
0.882949
0.897006
0.902002
0.896926
0.880939
0.849234
0.798938
-0.774321
-0.824719
-0.855788
-0.870471
-0.873908
-0.867301
-0.852014
-0.829807
-0.802371
-0.771213
-0.737628
-0.70269
-0.667255
-0.631986
-0.597374
-0.56377
-0.531408
-0.500431
-0.470909
-0.442861
-0.416263
-0.391062
-0.367187
-0.344552
-0.323061
-0.302617
-0.283118
-0.264463
-0.246553
-0.22929
-0.212581
-0.196334
-0.180461
-0.164877
-0.1495
-0.13425
-0.11905
-0.103824
-0.0884987
-0.0730011
-0.0572591
-0.0412013
-0.0247558
-0.00785068
0.00958699
0.0276311
0.0463571
0.0658421
0.086165
0.107407
0.129651
0.152981
0.177486
0.203251
0.230366
0.258917
0.288987
0.320654
0.353987
0.389041
0.42585
0.464421
0.504722
0.546672
0.590122
0.634838
0.680482
0.72658
0.772504
0.817437
0.860354
0.900002
0.934901
0.96336
0.983504
0.993411
0.991613
0.976817
0.9433
0.887752
-0.860225
-0.917149
-0.950463
-0.963717
-0.963283
-0.950998
-0.92883
-0.899113
-0.864001
-0.82534
-0.784659
-0.743173
-0.701812
-0.661261
-0.621998
-0.58434
-0.548474
-0.514488
-0.482399
-0.452172
-0.423734
-0.396987
-0.37182
-0.348109
-0.325729
-0.304554
-0.284459
-0.265323
-0.247029
-0.229465
-0.212523
-0.196102
-0.180103
-0.164433
-0.149002
-0.133724
-0.118516
-0.103297
-0.0879892
-0.072514
-0.0567952
-0.0407568
-0.0243225
-0.00741526
0.0100429
0.0281315
0.0469325
0.0665298
0.0870108
0.108466
0.130988
0.154677
0.179631
0.205958
0.233763
0.263158
0.294252
0.327154
0.36197
0.398794
0.437707
0.478768
0.522
0.567381
0.614825
0.664157
0.715091
0.767193
0.819846
0.872209
0.923175
0.971336
1.01496
1.05198
1.08002
1.09656
1.09948
1.08679
1.05151
0.989697
-0.960102
-1.02493
-1.06038
-1.07093
-1.06473
-1.04458
-1.0133
-0.973981
-0.92934
-0.881614
-0.832568
-0.783542
-0.735505
-0.689127
-0.644836
-0.602879
-0.563366
-0.526308
-0.491646
-0.459276
-0.429064
-0.400856
-0.374492
-0.34981
-0.326648
-0.30485
-0.284266
-0.264754
-0.246177
-0.228408
-0.211327
-0.19482
-0.17878
-0.163106
-0.147701
-0.132472
-0.117331
-0.102192
-0.0869727
-0.0715907
-0.0559656
-0.0400171
-0.023665
-0.00682801
0.0105766
0.0286338
0.0474309
0.0670589
0.0876125
0.109191
0.131899
0.155847
0.18115
0.20793
0.236316
0.266442
0.298446
0.332473
0.368665
0.407165
0.448107
0.49161
0.537768
0.586636
0.63821
0.692404
0.749014
0.807683
0.86785
0.928688
0.989047
1.04738
1.1017
1.14953
1.18788
1.21342
1.22312
1.214
1.17721
1.10786
-1.07786
-1.15229
-1.18942
-1.1952
-1.18043
-1.14936
-1.106
-1.0544
-0.997973
-0.93936
-0.88054
-0.822925
-0.767467
-0.714759
-0.665127
-0.618703
-0.57548
-0.535363
-0.498195
-0.463783
-0.431919
-0.402386
-0.374969
-0.349459
-0.325656
-0.303373
-0.282431
-0.262666
-0.243925
-0.226064
-0.208951
-0.192459
-0.176475
-0.160888
-0.145595
-0.130499
-0.115505
-0.100525
-0.0854709
-0.0702576
-0.054801
-0.0390177
-0.0228236
-0.00613395
0.0111382
0.0290821
0.0477905
0.0673602
0.0878931
0.109497
0.132286
0.156382
0.181915
0.209025
0.23786
0.268578
0.30135
0.336354
0.373776
0.413809
0.456648
0.502484
0.551494
0.603829
0.659592
0.718816
0.781423
0.847182
0.915642
0.986058
1.0573
1.12774
1.19515
1.25663
1.30846
1.34628
1.36582
1.36255
1.3249
1.24643
-1.21905
-1.30514
-1.34275
-1.3404
-1.31287
-1.2666
-1.20721
-1.13998
-1.06907
-0.997504
-0.9274
-0.860149
-0.796585
-0.737142
-0.681968
-0.631022
-0.584138
-0.541076
-0.501558
-0.465287
-0.431965
-0.401302
-0.373024
-0.346872
-0.322605
-0.300003
-0.278861
-0.258991
-0.240223
-0.222398
-0.205371
-0.189008
-0.173184
-0.157783
-0.142697
-0.127822
-0.113063
-0.0983244
-0.0835168
-0.068552
-0.0533431
-0.037804
-0.021848
-0.00538715
0.0116687
0.0294125
0.0479414
0.0673574
0.0877684
0.10929
0.132044
0.156165
0.181796
0.209091
0.238221
0.269368
0.302731
0.338525
0.376983
0.418352
0.462892
0.510875
0.562575
0.618256
0.678158
0.742466
0.811279
0.884551
0.962023
1.04312
1.12684
1.21156
1.29494
1.37362
1.44312
1.49779
1.53165
1.53789
1.50082
1.41135
-1.39184
-1.49188
-1.52736
-1.51134
-1.46478
-1.39732
-1.31674
-1.22973
-1.14119
-1.05442
-0.971515
-0.89367
-0.821465
-0.75505
-0.694306
-0.638947
-0.588596
-0.542834
-0.501234
-0.463378
-0.42887
-0.397339
-0.368447
-0.341884
-0.317368
-0.294645
-0.273485
-0.253678
-0.235038
-0.217391
-0.200582
-0.184469
-0.168919
-0.153811
-0.139032
-0.124475
-0.11004
-0.0956309
-0.0811548
-0.0665219
-0.0516434
-0.0364312
-0.0207966
-0.00464978
0.0121019
0.0295542
0.0478077
0.0669683
0.0871491
0.108471
0.131066
0.155075
0.180655
0.207975
0.237223
0.268605
0.302349
0.338708
0.377957
0.4204
0.46637
0.516223
0.570342
0.629124
0.692968
0.762254
0.837308
0.918345
1.0054
1.09819
1.19598
1.29738
1.40002
1.5003
1.59293
1.67077
1.72561
1.7473
1.71379
1.61125
-1.60876
-1.72474
-1.75262
-1.7138
-1.63882
-1.54191
-1.43347
-1.32169
-1.21203
-1.10777
-1.01068
-0.92152
-0.840404
-0.76705
-0.700954
-0.641508
-0.588069
-0.540007
-0.496723
-0.457663
-0.422326
-0.390259
-0.361057
-0.334359
-0.309845
-0.28723
-0.266258
-0.246702
-0.228359
-0.211046
-0.194599
-0.178866
-0.163711
-0.149009
-0.134642
-0.120502
-0.106486
-0.0924966
-0.0784401
-0.0642251
-0.0497621
-0.034962
-0.0197352
-0.00399056
0.0123658
0.0294315
0.0473091
0.0661075
0.0859433
0.106943
0.129242
0.152992
0.178358
0.205523
0.23469
0.266087
0.299969
0.33662
0.376362
0.419553
0.466597
0.517941
0.574082
0.635563
0.702969
0.776907
0.857989
0.946774
1.0437
1.14895
1.26229
1.38277
1.50837
1.6355
1.75828
1.86801
1.95373
2.00056
1.97659
1.85937
-1.8901
-2.02191
-2.03107
-1.95437
-1.83703
-1.69939
-1.55476
-1.4125
-1.2781
-1.15428
-1.04201
-0.941259
-0.851394
-0.771516
-0.700615
-0.637682
-0.581761
-0.531978
-0.48755
-0.447782
-0.412064
-0.379862
-0.350709
-0.324198
-0.299973
-0.27772
-0.257164
-0.238064
-0.220203
-0.20339
-0.187454
-0.17224
-0.157607
-0.143427
-0.129581
-0.11596
-0.102461
-0.0889841
-0.0754369
-0.0617277
-0.0477671
-0.033466
-0.018735
-0.00348265
0.012385
0.028966
0.046364
0.0646892
0.0840603
0.104606
0.126468
0.149801
0.174777
0.201591
0.230459
0.261624
0.295365
0.331997
0.371878
0.415421
0.463095
0.515437
0.57306
0.636661
0.707021
0.785011
0.871574
0.967698
1.07436
1.19239
1.32233
1.46409
1.61646
1.77645
1.93815
2.0916
2.22282
2.31062
2.30813
2.17696
-2.2706
-2.41093
-2.37889
-2.23955
-2.05946
-1.86621
-1.67546
-1.4967
-1.33434
-1.18957
-1.0619
-0.949979
-0.852149
-0.766679
-0.691938
-0.626447
-0.568904
-0.518178
-0.473299
-0.433433
-0.397871
-0.366004
-0.337312
-0.311348
-0.287727
-0.266115
-0.246222
-0.227795
-0.21061
-0.194472
-0.179205
-0.164651
-0.15067
-0.137131
-0.123918
-0.11092
-0.0980343
-0.0851643
-0.0722169
-0.0591019
-0.0457311
-0.0320166
-0.01787
-0.0032012
0.012083
0.0280798
0.0448923
0.0626305
0.0814134
0.101371
0.122645
0.145395
0.169797
0.19605
0.224381
0.255045
0.288338
0.324597
0.364214
0.407644
0.455415
0.508147
0.56656
0.6315
0.70395
0.785055
0.876129
0.978655
1.09427
1.22467
1.37151
1.53602
1.71858
1.91776
2.12877
2.34152
2.53955
2.69419
2.73692
2.60032
-2.81315
-2.93358
-2.81507
-2.57292
-2.30131
-2.03395
-1.7864
-1.56585
-1.3736
-1.20792
-1.06589
-0.944314
-0.840155
-0.750688
-0.673571
-0.606825
-0.548797
-0.498111
-0.453624
-0.414384
-0.379596
-0.348594
-0.320819
-0.295796
-0.27312
-0.252445
-0.233474
-0.215948
-0.199641
-0.184357
-0.169919
-0.15617
-0.142972
-0.130196
-0.117727
-0.105456
-0.0932826
-0.0811127
-0.0688554
-0.0564229
-0.0437292
-0.0306888
-0.0172155
-0.00322158
0.011384
0.0266962
0.0428162
0.0598519
0.0779207
0.0971509
0.117684
0.139679
0.163312
0.188785
0.216327
0.246202
0.278712
0.314211
0.353113
0.395903
0.443156
0.495552
0.553908
0.619196
0.692589
0.775492
0.869594
0.976911
1.09982
1.24109
1.40378
1.59109
1.80589
2.04981
2.32129
2.61265
2.90749
3.17069
3.30595
3.19487
-3.63211
-3.65032
-3.35766
-2.95029
-2.54886
-2.18663
-1.87297
-1.60795
-1.38662
-1.20243
-1.04899
-0.920714
-0.812922
-0.721812
-0.644325
-0.578011
-0.520906
-0.471432
-0.428314
-0.390514
-0.357185
-0.327626
-0.301256
-0.277588
-0.256213
-0.236783
-0.218999
-0.202607
-0.187382
-0.173131
-0.159683
-0.146885
-0.134601
-0.122707
-0.111091
-0.0996496
-0.0882856
-0.0769081
-0.0654298
-0.0537666
-0.0418358
-0.0295556
-0.0168432
-0.00361439
0.0102183
0.0247465
0.0400673
0.0562853
0.0735139
0.0918777
0.111515
0.13258
0.155246
0.179713
0.206206
0.234989
0.266365
0.300693
0.338394
0.379967
0.426014
0.477254
0.534565
0.599015
0.671921
0.754909
0.85
0.959714
1.08719
1.23632
1.41189
1.61958
1.86589
2.15741
2.49909
2.89069
3.32213
3.7584
4.07681
4.07838
-4.93394
-4.64065
-4.01645
-3.35563
-2.77798
-2.30083
-1.91621
-1.60908
-1.36376
-1.1667
-1.0071
-0.876642
-0.768963
-0.679253
-0.603845
-0.539928
-0.485326
-0.43834
-0.397626
-0.362114
-0.330939
-0.303399
-0.278915
-0.257007
-0.237276
-0.219381
-0.203037
-0.187994
-0.174041
-0.160991
-0.14868
-0.136963
-0.125711
-0.114807
-0.104144
-0.0936243
-0.0831559
-0.0726527
-0.0620325
-0.0512157
-0.0401244
-0.0286812
-0.0168081
-0.00442517
0.00854998
0.022204
0.0366291
0.0519241
0.0681969
0.0855658
0.104162
0.124134
0.145647
0.168893
0.194089
0.221489
0.251389
0.28414
0.320154
0.359929
0.404064
0.453288
0.508499
0.570809
0.641613
0.722675
0.816251
0.925249
1.05346
1.20584
1.38893
1.61128
1.88396
2.22079
2.63781
3.15048
3.76663
4.46678
5.12953
5.46078
-7.17814
-6.00422
-4.75337
-3.73053
-2.93578
-2.33561
-1.88773
-1.55093
-1.29373
-1.09405
-0.936458
-0.81011
-0.707353
-0.622708
-0.552184
-0.492826
-0.44241
-0.399232
-0.361971
-0.329586
-0.301246
-0.276279
-0.254138
-0.234372
-0.216603
-0.200515
-0.185839
-0.172345
-0.159834
-0.148134
-0.137092
-0.126574
-0.116459
-0.10664
-0.0970171
-0.0874993
-0.0780019
-0.0684447
-0.0587517
-0.0488488
-0.0386639
-0.0281249
-0.0171597
-0.00569399
0.00634866
0.0190487
0.0324917
0.0467694
0.0619821
0.0782396
0.0956642
0.114393
0.134581
0.156406
0.180072
0.205817
0.233917
0.264701
0.298562
0.335968
0.377493
0.423835
0.475865
0.534671
0.601635
0.678537
0.767699
0.872198
0.996181
1.14533
1.32756
1.55404
1.84066
2.2101
2.69466
3.33686
4.18015
5.25641
6.56567
7.80735
-11.5602
-7.80269
-5.29308
-3.82001
-2.84178
-2.1723
-1.71136
-1.38443
-1.14419
-0.962317
-0.821131
-0.709159
-0.618739
-0.544611
-0.483054
-0.431371
-0.387558
-0.350097
-0.317818
-0.289801
-0.265317
-0.243774
-0.224693
-0.207677
-0.192393
-0.178565
-0.165953
-0.154357
-0.143599
-0.133527
-0.124005
-0.114915
-0.106148
-0.0976092
-0.0892087
-0.0808653
-0.0725028
-0.0640496
-0.055437
-0.0465985
-0.0374692
-0.0279843
-0.0180786
-0.00768559
0.00326365
0.0148414
0.0271242
0.0401947
0.0541423
0.0690653
0.0850729
0.102287
0.120847
0.140908
0.162654
0.186293
0.212073
0.240283
0.271271
0.305451
0.343331
0.385531
0.432823
0.486176
0.546827
0.61638
0.696946
0.791363
0.903534
1.03896
1.2056
1.41536
1.68652
2.04824
2.54904
3.26601
4.30364
5.85008
8.4499
12.3182
-18.9699
-9.55628
-5.06816
-3.2474
-2.28439
-1.70024
-1.32934
-1.07809
-0.896661
-0.759577
-0.652649
-0.567232
-0.497734
-0.440361
-0.392433
-0.351995
-0.31758
-0.288064
-0.262573
-0.240411
-0.221022
-0.203951
-0.188822
-0.175325
-0.163197
-0.152215
-0.142189
-0.132954
-0.124367
-0.116301
-0.108646
-0.101301
-0.0941772
-0.0871933
-0.0802743
-0.0733513
-0.0663595
-0.0592376
-0.0519269
-0.0443705
-0.0365128
-0.028298
-0.0196704
-0.0105728
-0.000946442
0.00927046
0.0201431
0.0317415
0.0441413
0.0574251
0.0716845
0.0870213
0.10355
0.121401
0.140723
0.161687
0.184493
0.209375
0.236611
0.266532
0.299536
0.336112
0.376857
0.422521
0.474049
0.532656
0.599927
0.677977
0.769697
0.879156
1.01231
1.1783
1.39196
1.67955
2.09194
2.72596
3.75691
5.67365
10.2794
19.8164
)
;

boundaryField
{
    movingWall
    {
        type            zeroGradient;
    }
    fixedWalls
    {
        type            zeroGradient;
    }
    frontAndBack
    {
        type            empty;
    }
}


// ************************************************************************* //
