/*--------------------------------*- C++ -*----------------------------------*\
  =========                 |
  \\      /  F ield         | OpenFOAM: The Open Source CFD Toolbox
   \\    /   O peration     | Website:  https://openfoam.org
    \\  /    A nd           | Version:  7
     \\/     M anipulation  |
\*---------------------------------------------------------------------------*/
FoamFile
{
    version     2.0;
    format      ascii;
    class       volScalarField;
    location    "0.15";
    object      p;
}
// * * * * * * * * * * * * * * * * * * * * * * * * * * * * * * * * * * * * * //

dimensions      [0 2 -2 0 0 0 0];

internalField   nonuniform List<scalar> 
6400
(
1.26811e-07
1.17303e-05
-0.00049484
-0.00152618
-0.00296598
-0.0047043
-0.00664104
-0.00868682
-0.0107645
-0.0128089
-0.014765
-0.0165868
-0.0182359
-0.0196806
-0.0208951
-0.0218589
-0.0225556
-0.0229734
-0.0231035
-0.0229408
-0.0224826
-0.0217291
-0.0206827
-0.0193479
-0.0177311
-0.0158405
-0.013686
-0.0112788
-0.00863151
-0.00575814
-0.00267362
0.000605972
0.00406368
0.00768169
0.0114414
0.0153235
0.0193079
0.0233742
0.0275011
0.0316674
0.0358512
0.0400303
0.0441827
0.048286
0.052318
0.0562568
0.0600805
0.0637677
0.0672976
0.0706499
0.0738052
0.076745
0.079452
0.0819102
0.0841048
0.0860229
0.0876532
0.0889866
0.0900161
0.0907372
0.0911479
0.0912493
0.0910454
0.0905434
0.0897544
0.0886934
0.0873797
0.0858373
0.0840955
0.0821895
0.080161
0.0780589
0.0759406
0.0738732
0.0719341
0.0702116
0.0688026
0.067811
0.0673434
0.0673802
-1.08262e-05
1.5861e-06
-0.000451823
-0.00133384
-0.00254549
-0.0040077
-0.00564481
-0.00738465
-0.00916205
-0.0109198
-0.0126084
-0.0141854
-0.0156149
-0.0168666
-0.0179155
-0.0187412
-0.0193275
-0.019662
-0.0197357
-0.0195424
-0.0190788
-0.0183443
-0.0173402
-0.01607
-0.0145391
-0.0127545
-0.010725
-0.00846069
-0.00597315
-0.00327505
-0.000380171
0.00269665
0.00593969
0.00933239
0.0128574
0.0164966
0.0202314
0.0240424
0.0279101
0.0318141
0.0357343
0.0396498
0.0435398
0.0473837
0.0511606
0.0548499
0.0584315
0.0618854
0.0651922
0.0683333
0.0712907
0.0740474
0.0765876
0.0788967
0.0809614
0.08277
0.0843127
0.0855816
0.0865708
0.0872768
0.0876987
0.0878381
0.0876999
0.0872917
0.0866248
0.0857141
0.0845786
0.0832416
0.0817311
0.0800802
0.0783278
0.0765186
0.0747041
0.0729427
0.0712997
0.0698463
0.0686555
0.0678019
0.0673789
0.0674167
0.000495048
0.000456435
2.95053e-06
-0.000811671
-0.00190033
-0.00319977
-0.00464899
-0.00618813
-0.00776168
-0.00931963
-0.0108178
-0.0122175
-0.0134856
-0.0145938
-0.0155183
-0.0162395
-0.0167417
-0.0170125
-0.0170428
-0.0168261
-0.0163588
-0.0156396
-0.0146692
-0.0134504
-0.0119878
-0.0102877
-0.00835795
-0.00620788
-0.00384802
-0.00129016
0.00145286
0.00436722
0.00743819
0.0106502
0.013987
0.0174314
0.020966
0.0245725
0.0282323
0.0319264
0.0356354
0.03934
0.0430203
0.0466569
0.0502301
0.0537206
0.0571093
0.0603775
0.063507
0.0664804
0.0692809
0.0718926
0.074301
0.0764923
0.0784545
0.0801768
0.0816505
0.0828685
0.0838258
0.0845195
0.0849493
0.0851174
0.0850288
0.0846914
0.0841163
0.0833181
0.0823151
0.0811295
0.0797876
0.0783204
0.0767637
0.075158
0.0735494
0.0719888
0.0705319
0.069238
0.0681662
0.0673765
0.0669543
0.0669509
0.00152637
0.00134106
0.00081796
1.60713e-07
-0.00104587
-0.00226661
-0.00361036
-0.00502662
-0.00646787
-0.00789063
-0.00925574
-0.0105286
-0.0116788
-0.0126805
-0.0135116
-0.0141535
-0.0145914
-0.0148133
-0.0148104
-0.0145762
-0.014107
-0.0134011
-0.012459
-0.0112829
-0.00987696
-0.00824682
-0.00639972
-0.00434426
-0.0020903
0.000351205
0.0029682
0.00574765
0.00867568
0.0117376
0.014918
0.0182006
0.0215689
0.0250056
0.0284929
0.0320128
0.035547
0.0390768
0.0425836
0.0460488
0.0494539
0.0527803
0.0560101
0.0591255
0.0621094
0.0649451
0.067617
0.0701101
0.0724106
0.0745058
0.0763843
0.0780364
0.0794537
0.0806299
0.0815606
0.0822434
0.0826783
0.0828676
0.0828164
0.0825324
0.0820264
0.0813123
0.0804076
0.079333
0.078113
0.0767763
0.0753553
0.0738867
0.0724112
0.0709736
0.0696216
0.0684057
0.0673762
0.0665846
0.0660989
0.0659626
0.00297255
0.00256121
0.00191058
0.00104011
-1.32098e-05
-0.00120466
-0.00249034
-0.00382807
-0.00517768
-0.0065018
-0.0077663
-0.00894055
-0.00999743
-0.0109134
-0.0116683
-0.0122451
-0.0126299
-0.0128115
-0.0127814
-0.0125336
-0.0120642
-0.0113715
-0.0104557
-0.00931895
-0.00796474
-0.00639834
-0.00462646
-0.00265707
-0.000499405
0.00183624
0.00433857
0.00699529
0.00979329
0.0127187
0.0157568
0.0188923
0.0221094
0.0253917
0.0287223
0.0320841
0.0354595
0.0388309
0.0421806
0.0454906
0.0487436
0.0519218
0.0550081
0.0579858
0.0608384
0.0635504
0.0661067
0.0684932
0.0706969
0.0727059
0.0745094
0.0760983
0.0774649
0.0786033
0.0795095
0.0801813
0.080619
0.0808249
0.080804
0.0805635
0.0801139
0.0794681
0.0786425
0.0776563
0.076532
0.0752956
0.0739764
0.0726072
0.0712237
0.0698645
0.0685705
0.0673842
0.0663486
0.0655075
0.0649018
0.0645538
0.00473164
0.00404407
0.00322284
0.00225944
0.00115756
-4.59488e-05
-0.00131388
-0.00261154
-0.00390544
-0.00516381
-0.00635725
-0.00745917
-0.00844557
-0.00929553
-0.00999086
-0.0105162
-0.0108589
-0.0110087
-0.0109576
-0.0107001
-0.0102324
-0.009553
-0.00866197
-0.00756115
-0.00625396
-0.00474523
-0.0030412
-0.00114937
0.00092157
0.00316193
0.00556106
0.00810734
0.0107883
0.0135908
0.016501
0.0195042
0.0225854
0.0257291
0.028919
0.0321389
0.0353719
0.0386014
0.0418103
0.0449817
0.0480987
0.0511446
0.0541031
0.0569581
0.0596941
0.0622961
0.0647497
0.0670417
0.0691597
0.0710923
0.0728294
0.0743622
0.0756836
0.076788
0.0776715
0.0783324
0.0787706
0.0789886
0.0789909
0.0787844
0.0783788
0.0777863
0.0770216
0.0761025
0.0750493
0.0738856
0.0726374
0.0713336
0.0700054
0.068686
0.0674097
0.066212
0.0651297
0.0641996
0.0634314
0.062821
0.00671304
0.00572123
0.00469973
0.00361183
0.00242747
0.00117697
-0.000107964
-0.00139932
-0.00266956
-0.00389202
-0.0050417
-0.00609571
-0.00703332
-0.00783603
-0.00848789
-0.00897522
-0.00928661
-0.00941289
-0.00934692
-0.00908357
-0.00861957
-0.00795346
-0.00708548
-0.00601737
-0.00475234
-0.00329503
-0.00165135
0.000171622
0.00216569
0.00432167
0.00662942
0.00907793
0.0116554
0.0143492
0.0171462
0.0200325
0.0229936
0.0260148
0.0290806
0.0321753
0.035283
0.0383875
0.0414727
0.0445222
0.04752
0.0504502
0.0532968
0.0560447
0.0586788
0.0611849
0.0635493
0.0657592
0.0678027
0.069669
0.0713483
0.0728323
0.074114
0.0751883
0.0760514
0.0767012
0.0771379
0.0773635
0.0773823
0.0772007
0.0768274
0.0762734
0.0755523
0.0746801
0.0736751
0.0725582
0.0713526
0.0700835
0.0687777
0.0674636
0.06617
0.064926
0.0637635
0.0627131
0.0617524
0.0608502
0.00883773
0.00752831
0.00628759
0.0050521
0.00375918
0.00243398
0.00110381
-0.000209155
-0.00148266
-0.00269461
-0.00382407
-0.00485154
-0.00575939
-0.00653165
-0.00715442
-0.00761575
-0.0079057
-0.00801618
-0.00794089
-0.00767537
-0.00721684
-0.00656413
-0.00571761
-0.0046791
-0.00345175
-0.00204
-0.000449553
0.00131283
0.00323935
0.00532124
0.00754886
0.00991166
0.0123983
0.014997
0.0176949
0.0204788
0.023335
0.0262492
0.0292065
0.0321921
0.0351905
0.0381864
0.041164
0.0441078
0.0470024
0.0498323
0.0525823
0.0552377
0.0577842
0.0602079
0.0624957
0.0646352
0.0666149
0.0684244
0.0700543
0.0714963
0.0727439
0.0737919
0.0746364
0.0752754
0.0757088
0.0759383
0.0759676
0.0758026
0.0754509
0.0749225
0.0742295
0.0733863
0.0724093
0.0713168
0.0701291
0.0688682
0.0675571
0.0662198
0.0648802
0.0635619
0.0622928
0.0610988
0.059926
0.0587176
0.0110389
0.00940795
0.00793699
0.00653781
0.00511693
0.00369554
0.00229759
0.000940273
-0.000358813
-0.00158161
-0.00271084
-0.00373025
-0.0046249
-0.00538136
-0.00598775
-0.00643384
-0.00671108
-0.00681259
-0.00673304
-0.00646862
-0.0060171
-0.00537773
-0.00455114
-0.00353925
-0.00234524
-0.000973485
0.000570472
0.00228014
0.00414801
0.00616564
0.00832378
0.0106123
0.0130205
0.0155368
0.0181491
0.0208446
0.0236102
0.026432
0.029296
0.0321876
0.0350922
0.0379948
0.0408804
0.0437338
0.0465403
0.0492849
0.0519528
0.0545299
0.0570022
0.0593564
0.0615797
0.06366
0.0655862
0.0673481
0.0689364
0.0703433
0.0715621
0.0725875
0.0734156
0.0740443
0.074473
0.0747032
0.0747379
0.0745822
0.0742428
0.0737286
0.0730503
0.0722206
0.0712539
0.0701664
0.0689757
0.0677007
0.066361
0.0649769
0.0635681
0.0621534
0.0607579
0.0594034
0.0580067
0.0564872
0.0132608
0.0113102
0.0096035
0.00802985
0.00646692
0.00493294
0.00344941
0.00202933
0.000686323
-0.000565209
-0.00171111
-0.00273815
-0.00363398
-0.00438741
-0.00498847
-0.0054287
-0.00570099
-0.00579956
-0.00572006
-0.00545951
-0.00501626
-0.00439
-0.00358166
-0.00259342
-0.00142853
-9.13489e-05
0.00141271
0.00307727
0.00489502
0.00685783
0.00895681
0.0111822
0.0135236
0.0159699
0.0185095
0.02113
0.0238188
0.0265625
0.0293476
0.0321601
0.0349856
0.0378099
0.0406182
0.0433962
0.0461292
0.0488027
0.0514025
0.0539148
0.0563261
0.0586232
0.0607936
0.0628256
0.0647083
0.0664315
0.0679863
0.0693646
0.0705599
0.0715666
0.0723808
0.073
0.0734233
0.0736517
0.0736875
0.073535
0.0732
0.07269
0.0720147
0.071185
0.0702136
0.0691144
0.0679028
0.0665948
0.0652073
0.0637572
0.0622605
0.0607323
0.0591952
0.0576688
0.0560419
0.0542122
0.0154568
0.0131917
0.0112476
0.00949262
0.00777764
0.0061188
0.00453586
0.00303832
0.00163642
0.000341499
-0.000835286
-0.00188322
-0.00279238
-0.00355366
-0.00415901
-0.0046015
-0.00487539
-0.00497616
-0.00490042
-0.00464596
-0.00421179
-0.00359811
-0.00280625
-0.00183859
-0.000698572
0.000609402
0.00207993
0.00370675
0.00548272
0.00739992
0.00944971
0.0116226
0.0139086
0.0162969
0.0187763
0.0213348
0.0239602
0.0266396
0.0293598
0.0321072
0.0348681
0.0376284
0.040374
0.0430907
0.0457643
0.0483808
0.0509261
0.0533868
0.0557496
0.0580017
0.0601307
0.0621251
0.0639741
0.0656675
0.0671965
0.068553
0.0697301
0.0707224
0.0715255
0.0721365
0.0725542
0.072779
0.0728125
0.0726581
0.0723206
0.0718066
0.0711243
0.0702832
0.0692941
0.0681693
0.0669217
0.0655651
0.0641139
0.0625821
0.0609826
0.0593275
0.0576381
0.0559319
0.0540723
0.0519367
0.0175875
0.0150148
0.012834
0.0108939
0.00901996
0.00722721
0.00553428
0.00394778
0.00247498
0.00112463
-9.46493e-05
-0.00117454
-0.00210724
-0.00288555
-0.00350319
-0.00395475
-0.00423583
-0.00434304
-0.00427397
-0.00402725
-0.00360256
-0.00300063
-0.00222319
-0.00127292
-0.00015346
0.00113064
0.00257395
0.00417029
0.00591261
0.00779315
0.00980343
0.0119343
0.0141759
0.0165178
0.0189491
0.0214582
0.0240332
0.0266616
0.0293305
0.0320267
0.0347369
0.0374473
0.0401441
0.0428135
0.0454415
0.0480143
0.0505184
0.0529404
0.0552671
0.057486
0.0595849
0.0615521
0.063377
0.0650496
0.0665606
0.067902
0.0690667
0.070049
0.0708441
0.0714489
0.0718614
0.0720815
0.0721102
0.0719499
0.0716045
0.0710795
0.0703819
0.0695197
0.0685023
0.06734
0.066044
0.064626
0.063098
0.0614718
0.059758
0.0579659
0.0561161
0.0542253
0.0521328
0.0496972
0.0196195
0.0167468
0.0143316
0.0122043
0.0101671
0.00823396
0.00642302
0.00473858
0.00318546
0.00177001
0.000498737
-0.000622165
-0.00158676
-0.0023897
-0.00302627
-0.00349248
-0.00378523
-0.00390223
-0.00384205
-0.00360412
-0.0031888
-0.00259738
-0.00183201
-0.000895766
0.000207504
0.00147311
0.00289555
0.0044686
0.00618527
0.00803791
0.0100182
0.0121171
0.0143251
0.016632
0.0190271
0.0214991
0.0240363
0.0266266
0.0292575
0.031916
0.0345891
0.0372632
0.0399248
0.0425604
0.0451563
0.0476988
0.0501746
0.0525704
0.0548734
0.0570708
0.0591505
0.0611011
0.0629117
0.0645721
0.0660732
0.0674064
0.0685647
0.0695417
0.0703326
0.0709334
0.0713419
0.0715571
0.0715793
0.0714102
0.0710526
0.0705112
0.0697915
0.0689004
0.0678457
0.0666363
0.0652816
0.0637915
0.0621762
0.0604457
0.0586083
0.0566717
0.0546559
0.0525775
0.0502533
0.0475241
0.0215242
0.018359
0.0157125
0.0133976
0.0111942
0.0091162
0.00718144
0.00539219
0.00375131
0.00226316
0.000932325
-0.000236848
-0.00124015
-0.00207385
-0.00273465
-0.00321995
-0.00352785
-0.00365714
-0.00360731
-0.00337859
-0.00297202
-0.00238946
-0.00163354
-0.000707686
0.000383976
0.00163657
0.00304447
0.00460139
0.00630036
0.00813378
0.0100934
0.0121705
0.0143555
0.0166384
0.0190089
0.0214557
0.0239676
0.0265326
0.0291384
0.0317724
0.0344215
0.0370727
0.0397126
0.0423277
0.0449046
0.0474299
0.0498902
0.0522724
0.0545635
0.0567511
0.0588228
0.0607671
0.0625731
0.0642304
0.0657296
0.0670619
0.0682199
0.069197
0.0699877
0.0705877
0.0709939
0.0712048
0.0712199
0.07104
0.0706673
0.0701051
0.069358
0.0684317
0.0673327
0.0660683
0.0646465
0.0630758
0.0613648
0.059522
0.057554
0.055467
0.0532814
0.0510137
0.0484595
0.0454429
0.0232767
0.0198261
0.0169516
0.0144494
0.0120784
0.00985253
0.00778968
0.00589053
0.0041562
0.00258943
0.00119308
-3.00628e-05
-0.00107742
-0.00194664
-0.0026358
-0.00314356
-0.00346916
-0.00361239
-0.00357363
-0.00335392
-0.00295496
-0.00237919
-0.00162971
-0.000710341
0.000374509
0.00161972
0.0030195
0.0045675
0.00625671
0.00807956
0.0100279
0.0120929
0.0142653
0.0165353
0.0188925
0.0213261
0.0238248
0.026377
0.0289704
0.0315927
0.034231
0.0368724
0.0395037
0.0421115
0.0446826
0.0472035
0.049661
0.0520419
0.0543332
0.0565225
0.0585972
0.0605457
0.062357
0.0640203
0.065526
0.066865
0.0680295
0.0690123
0.0698075
0.0704101
0.0708166
0.0710246
0.0710329
0.0708415
0.0704517
0.0698658
0.0690874
0.068121
0.0669719
0.0656463
0.0641509
0.0624928
0.0606794
0.0587179
0.0566139
0.0543722
0.0520138
0.0495558
0.0467736
0.0434752
0.0248551
0.0211252
0.0180261
0.0153377
0.0127984
0.0104227
0.00822876
0.00621598
0.00438396
0.00273405
0.00126766
-1.38311e-05
-0.00110927
-0.00201759
-0.00273814
-0.00327073
-0.00361565
-0.00377365
-0.003746
-0.00353447
-0.00314144
-0.00256993
-0.0018235
-0.000906388
0.000176666
0.0014203
0.00281855
0.00436493
0.00605238
0.0078733
0.00981956
0.0118824
0.0140526
0.0163204
0.0186757
0.0211076
0.0236052
0.0261568
0.0287504
0.0313737
0.0340142
0.0366588
0.0392944
0.041908
0.0444861
0.0470155
0.0494827
0.0518746
0.0541783
0.0563808
0.0584697
0.0604331
0.0622596
0.0639384
0.0654592
0.0668129
0.0679908
0.0689856
0.0697906
0.0704002
0.0708102
0.0710176
0.0710203
0.0708177
0.0704099
0.0697986
0.0689861
0.0679761
0.0667727
0.0653811
0.0638068
0.062056
0.0601351
0.0580501
0.0558057
0.0534059
0.0508726
0.0482238
0.0452153
0.0416397
0.0262395
0.022236
0.0189153
0.0160417
0.0133342
0.0108074
0.00848038
0.00635129
0.00441855
0.0026822
0.00114248
-0.000200593
-0.001347
-0.00229693
-0.00305088
-0.00360973
-0.00397475
-0.0041476
-0.00413037
-0.00392559
-0.00353627
-0.00296601
-0.00221886
-0.00129945
-0.000212894
0.0010352
0.00243866
0.00399085
0.00568461
0.0075123
0.00946573
0.0115362
0.0137145
0.0159909
0.0183554
0.0207972
0.0233055
0.0258687
0.0284749
0.0311119
0.0337672
0.0364279
0.0390809
0.0417131
0.0443112
0.0468618
0.0493514
0.0517667
0.0540947
0.0563222
0.0584366
0.0604257
0.0622778
0.0639816
0.0655268
0.0669033
0.0681024
0.0691159
0.0699365
0.0705581
0.0709758
0.0711857
0.0711851
0.0709724
0.0705469
0.0699094
0.0690614
0.0680054
0.0667447
0.0652836
0.0636267
0.0617791
0.0597465
0.0575342
0.0551461
0.0525855
0.0498756
0.0470354
0.0438019
0.0399526
0.0274119
0.0231393
0.0195998
0.0165423
0.0136666
0.0109882
0.00852683
0.00627964
0.00424405
0.00241902
0.000803662
-0.000603111
-0.00180238
-0.00279547
-0.00358391
-0.00416956
-0.00455465
-0.00474169
-0.00473355
-0.00453347
-0.00414511
-0.00357262
-0.00282057
-0.00189398
-0.000798325
0.000460498
0.0018761
0.00344168
0.00514994
0.00699314
0.00896305
0.0110509
0.0132476
0.0155433
0.0179281
0.0203914
0.0229222
0.0255091
0.0281402
0.0308034
0.0334863
0.0361759
0.0388592
0.0415229
0.0441539
0.0467384
0.049263
0.0517143
0.0540787
0.0563431
0.0584945
0.0605204
0.0624087
0.0641478
0.0657267
0.067135
0.0683633
0.0694028
0.0702456
0.070885
0.0713152
0.0715316
0.0715307
0.0713101
0.0708683
0.0702049
0.0693209
0.0682177
0.066898
0.0653651
0.0636227
0.0616754
0.059528
0.0571854
0.0546507
0.0519272
0.0490392
0.046007
0.0425493
0.0384284
0.0283556
0.0238175
0.0200612
0.016821
0.0137776
0.0109474
0.00835083
0.00598448
0.00384469
0.00192957
0.000237184
-0.0012345
-0.00248764
-0.00352455
-0.00434771
-0.00495992
-0.00536428
-0.00556413
-0.0055631
-0.0053651
-0.00497444
-0.0043958
-0.00363424
-0.00269523
-0.00158457
-0.000308489
0.0011264
0.00271311
0.00444417
0.00631172
0.00830746
0.0104226
0.0126479
0.0149737
0.01739
0.0198861
0.0224512
0.0250738
0.0277422
0.0304442
0.0331673
0.0358986
0.038625
0.0413333
0.04401
0.0466414
0.0492138
0.0517135
0.0541268
0.0564403
0.0586405
0.0607146
0.0626501
0.064435
0.0660576
0.067507
0.0687732
0.0698467
0.0707191
0.0713827
0.0718311
0.0720589
0.0720617
0.0718362
0.0713802
0.0706925
0.069773
0.0686227
0.0672431
0.065637
0.0638074
0.0617582
0.0594937
0.0570183
0.0543349
0.0514465
0.0483789
0.045154
0.041472
0.0370806
0.0290543
0.0242534
0.0202822
0.0168601
0.0136494
0.0106674
0.00793542
0.00544935
0.00320471
0.0011988
-0.000571196
-0.00210823
-0.00341544
-0.00449601
-0.00535334
-0.0059911
-0.00641324
-0.00662386
-0.00662732
-0.00642822
-0.00603146
-0.00544229
-0.00466622
-0.00370917
-0.0025773
-0.00127715
0.000184408
0.00180016
0.00356248
0.00546335
0.00749438
0.0096467
0.011911
0.0142777
0.0167365
0.019277
0.0218881
0.0245586
0.0272766
0.0300298
0.0328058
0.0355917
0.0383743
0.0411401
0.0438756
0.0465669
0.0492
0.0517609
0.0542358
0.0566106
0.0588718
0.061006
0.0630002
0.0648418
0.0665186
0.068019
0.0693324
0.0704487
0.0713586
0.0720537
0.0725268
0.0727716
0.072783
0.0725567
0.0720897
0.0713801
0.0704268
0.0692301
0.0677909
0.0661112
0.0641935
0.062041
0.0596576
0.0570476
0.0542136
0.0511586
0.04791
0.044491
0.0405838
0.0359215
0.0294925
0.0244305
0.0202456
0.0166423
0.0132647
0.0101311
0.00726377
0.00465789
0.00230829
0.000211522
-0.00163601
-0.00323816
-0.00459888
-0.00572221
-0.00661242
-0.00727403
-0.00771175
-0.00793047
-0.00793524
-0.00773129
-0.00732413
-0.00671955
-0.00592356
-0.00494247
-0.00378285
-0.00245153
-0.000955681
0.000697256
0.00249946
0.00444278
0.00651869
0.0087182
0.011032
0.0134503
0.0159629
0.0185592
0.0212283
0.0239587
0.0267386
0.0295558
0.0323975
0.0352509
0.0381026
0.0409391
0.0437466
0.0465108
0.0492177
0.051853
0.0544022
0.0568513
0.059186
0.0613925
0.0634572
0.065367
0.0671091
0.0686711
0.0700418
0.0712102
0.0721664
0.0729011
0.0734062
0.0736746
0.0737003
0.0734782
0.0730044
0.0722761
0.0712916
0.0700504
0.0685527
0.0667998
0.0647937
0.0625372
0.0600339
0.0572878
0.0543017
0.0510783
0.0476469
0.0440322
0.0398983
0.0349635
0.0296549
0.0243327
0.0199347
0.0161506
0.0126065
0.00932161
0.00631907
0.00359364
0.00113943
-0.00104774
-0.00297216
-0.00463852
-0.00605152
-0.00721605
-0.0081372
-0.00882028
-0.00927077
-0.00949428
-0.00949656
-0.00928348
-0.00886112
-0.0082358
-0.00741402
-0.00640252
-0.00520823
-0.00383835
-0.00230031
-0.000601807
0.00124914
0.00324421
0.00537472
0.00763158
0.0100053
0.0124862
0.0150638
0.0177277
0.0204666
0.0232692
0.0261235
0.0290172
0.0319375
0.0348714
0.0378055
0.0407259
0.0436186
0.0464693
0.0492633
0.0519861
0.0546231
0.0571594
0.0595805
0.0618721
0.0640198
0.0660098
0.0678288
0.0694637
0.0709023
0.0721331
0.073145
0.0739282
0.0744735
0.074773
0.0748197
0.0746077
0.0741322
0.0733896
0.0723775
0.0710944
0.0695401
0.0677151
0.0656211
0.0632606
0.0606367
0.0577537
0.0546139
0.0512205
0.0476042
0.0437917
0.0394287
0.0342184
0.0295263
0.0239438
0.0193327
0.0153681
0.0116578
0.0082218
0.00508452
0.00224009
-0.000318059
-0.00259469
-0.00459486
-0.00632392
-0.00778738
-0.00899092
-0.00994043
-0.010642
-0.0111018
-0.0113262
-0.0113217
-0.0110946
-0.0106517
-0.00999985
-0.00914597
-0.00809726
-0.00686105
-0.00544486
-0.00385644
-0.00210373
-0.000194969
0.00186134
0.00405635
0.00638086
0.00882528
0.0113797
0.0140338
0.0167768
0.0195976
0.0224846
0.0254258
0.0284088
0.0314208
0.0344484
0.0374781
0.0404959
0.0434874
0.0464381
0.0493329
0.052157
0.0548952
0.0575323
0.0600532
0.0624429
0.0646866
0.0667696
0.0686778
0.0703975
0.0719156
0.0732197
0.0742979
0.0751392
0.0757339
0.0760728
0.0761482
0.0759531
0.075482
0.0747304
0.0736949
0.0723735
0.0707653
0.0688703
0.0666896
0.0642254
0.0614809
0.0584601
0.0551653
0.0516001
0.0477968
0.0437838
0.0391884
0.0336984
0.0290911
0.0232476
0.0184231
0.0142778
0.0104013
0.00681459
0.00354308
0.000580416
-0.00208063
-0.00444542
-0.00651968
-0.00830943
-0.00982097
-0.0110608
-0.0120355
-0.0127519
-0.013217
-0.0134379
-0.0134216
-0.0131752
-0.0127059
-0.0120212
-0.0111284
-0.0100353
-0.00874954
-0.00727897
-0.00563166
-0.00381582
-0.0018399
0.000287371
0.00255699
0.0049596
0.00748551
0.0101247
0.0128667
0.0157007
0.0186155
0.0215994
0.0246402
0.0277254
0.0308421
0.0339768
0.0371156
0.0402444
0.0433485
0.046413
0.0494226
0.052362
0.0552154
0.0579673
0.0606019
0.0631036
0.0654567
0.067646
0.0696565
0.0714737
0.0730836
0.0744728
0.0756285
0.0765388
0.0771928
0.0775806
0.0776933
0.077523
0.0770633
0.0763088
0.0752553
0.0739
0.0722414
0.070279
0.0680135
0.0654468
0.0625818
0.0594226
0.0559717
0.0522326
0.0482396
0.0440231
0.0391912
0.0334162
0.0283339
0.0222278
0.017189
0.0128626
0.00881984
0.0050827
0.00167754
-0.00140244
-0.00416507
-0.00661635
-0.00876259
-0.0106106
-0.0121673
-0.0134401
-0.0144362
-0.0151634
-0.0156292
-0.0158415
-0.0158079
-0.0155362
-0.0150342
-0.0143098
-0.013371
-0.0122258
-0.0108824
-0.00934901
-0.00763397
-0.00574576
-0.00369308
-0.00148487
0.000869674
0.00336105
0.00597946
0.00871474
0.0115563
0.0144933
0.0175143
0.0206075
0.0237607
0.0269612
0.0301959
0.0334511
0.0367128
0.0399665
0.0431973
0.0463899
0.0495286
0.0525976
0.0555808
0.0584619
0.0612246
0.0638525
0.0663293
0.0686389
0.0707656
0.0726938
0.0744087
0.0758957
0.0771412
0.0781321
0.0788566
0.0793036
0.0794632
0.0793266
0.0788863
0.078136
0.0770707
0.0756869
0.0739823
0.0719559
0.069608
0.0669403
0.0639554
0.0606575
0.0570491
0.0531341
0.0489486
0.0445249
0.0394515
0.033385
0.0272386
0.0208678
0.0156133
0.0111051
0.0068958
0.00300839
-0.000529756
-0.00372596
-0.00658863
-0.00912436
-0.0113401
-0.0132434
-0.014842
-0.0161439
-0.0171572
-0.0178903
-0.0183517
-0.0185497
-0.0184928
-0.0181893
-0.0176477
-0.0168763
-0.0158837
-0.0146784
-0.0132689
-0.0116638
-0.0098718
-0.00790166
-0.00576232
-0.00346293
-0.00101289
0.00157814
0.00430024
0.00714311
0.0100961
0.0131481
0.0162877
0.0195029
0.0227815
0.0261104
0.0294765
0.032866
0.0362645
0.0396573
0.0430291
0.0463643
0.0496468
0.0528602
0.0559881
0.0590134
0.0619191
0.0646882
0.0673036
0.0697484
0.0720058
0.0740595
0.0758933
0.0774919
0.0788403
0.0799246
0.0807316
0.0812493
0.0814666
0.0813736
0.0809617
0.0802238
0.0791539
0.0777478
0.0760024
0.0739162
0.0714891
0.0687222
0.0656185
0.0621817
0.0584147
0.0543214
0.0499402
0.0453051
0.0399846
0.0336189
0.0257887
0.0191503
0.0136782
0.00898727
0.004611
0.00057342
-0.00309703
-0.00640822
-0.00936915
-0.011987
-0.0142694
-0.0162246
-0.0178612
-0.0191878
-0.0202134
-0.0209472
-0.0213984
-0.0215759
-0.021489
-0.0211467
-0.0205579
-0.0197317
-0.0186771
-0.017403
-0.0159185
-0.0142325
-0.012354
-0.010292
-0.00805575
-0.00565466
-0.00309831
-0.000396494
0.00244069
0.00540285
0.00847917
0.0116585
0.0149292
0.0182793
0.0216962
0.0251669
0.0286781
0.0322157
0.0357651
0.0393114
0.0428389
0.0463316
0.049773
0.0531462
0.056434
0.059619
0.0626834
0.0656094
0.068379
0.0709745
0.0733781
0.0755724
0.0775402
0.079265
0.0807306
0.0819221
0.0828249
0.0834258
0.0837126
0.0836742
0.083301
0.0825846
0.0815184
0.0800971
0.078317
0.076176
0.0736733
0.07081
0.0675885
0.064013
0.0600861
0.0558123
0.0512319
0.0463808
0.0408067
0.034133
0.0239669
0.0170575
0.0113656
0.00649052
0.00194667
-0.00224104
-0.0060431
-0.00946786
-0.012525
-0.0152224
-0.0175682
-0.0195715
-0.0212416
-0.0225881
-0.0236206
-0.0243492
-0.0247837
-0.0249339
-0.0248098
-0.0244209
-0.0237769
-0.0228875
-0.0217621
-0.0204102
-0.0188413
-0.0170646
-0.0150895
-0.0129254
-0.0105818
-0.00806816
-0.0053944
-0.00257047
0.000393429
0.00348674
0.00669856
0.0100176
0.0134321
0.0169299
0.0204984
0.0241246
0.0277946
0.0314944
0.0352092
0.0389237
0.0426218
0.0462872
0.0499029
0.0534516
0.0569154
0.0602762
0.0635155
0.0666146
0.0695549
0.0723174
0.0748835
0.0772346
0.0793524
0.0812191
0.0828174
0.0841308
0.0851438
0.0858417
0.0862111
0.0862396
0.0859163
0.0852319
0.0841787
0.0827504
0.0809426
0.0787524
0.0761786
0.0732218
0.0698843
0.0661704
0.0620828
0.057626
0.0528425
0.0477701
0.0419353
0.0349437
0.0217552
0.0145707
0.00865626
0.00359546
-0.00111678
-0.00545464
-0.00938754
-0.0129244
-0.0160755
-0.0188493
-0.0212549
-0.0233021
-0.0250008
-0.0263616
-0.027395
-0.0281118
-0.0285226
-0.0286381
-0.0284687
-0.028025
-0.0273172
-0.0263555
-0.02515
-0.0237107
-0.0220475
-0.02017
-0.0180879
-0.015811
-0.013349
-0.0107118
-0.00790927
-0.0049516
-0.00184914
0.00138741
0.00474704
0.00821835
0.0117895
0.0154482
0.0191818
0.022977
0.02682
0.0306964
0.0345912
0.0384887
0.0423728
0.0462265
0.0500325
0.0537727
0.0574289
0.0609821
0.0644132
0.0677026
0.0708307
0.0737775
0.0765233
0.0790483
0.0813331
0.0833586
0.085106
0.0865576
0.0876964
0.0885064
0.0889726
0.0890814
0.0888207
0.0881799
0.0871501
0.0857241
0.0838965
0.0816637
0.0790239
0.0759773
0.0725261
0.0686744
0.0644249
0.0597826
0.0547919
0.0494928
0.0433892
0.036069
0.0191347
0.0116704
0.0055302
0.000281841
-0.00459979
-0.00908787
-0.0131508
-0.016798
-0.0200405
-0.0228875
-0.0253488
-0.0274349
-0.0291569
-0.0305259
-0.0315536
-0.0322513
-0.0326307
-0.0327032
-0.03248
-0.0319725
-0.0311915
-0.0301479
-0.0288525
-0.0273155
-0.0255475
-0.0235586
-0.0213587
-0.018958
-0.0163664
-0.013594
-0.010651
-0.00754776
-0.00429467
-0.000902571
0.0026174
0.00625376
0.0099946
0.0138275
0.0177398
0.0217179
0.025748
0.0298156
0.0339052
0.0380012
0.0420867
0.0461447
0.0501571
0.0541056
0.0579712
0.0617341
0.0653745
0.0688719
0.0722057
0.075355
0.0782987
0.0810159
0.0834859
0.085688
0.0876024
0.0892096
0.0904911
0.0914294
0.0920081
0.0922121
0.0920279
0.0914435
0.0904489
0.0890356
0.0871972
0.0849293
0.0822295
0.0790974
0.0755352
0.0715466
0.0671346
0.0623041
0.0571019
0.05157
0.0451891
0.0375283
0.0160854
0.00833588
0.00196644
-0.0034716
-0.00852372
-0.0131622
-0.0173542
-0.0211098
-0.024441
-0.0273574
-0.0298698
-0.0319896
-0.0337286
-0.0350992
-0.0361136
-0.0367844
-0.0371239
-0.0371445
-0.0368582
-0.0362771
-0.035413
-0.0342772
-0.0328812
-0.0312359
-0.0293521
-0.0272405
-0.0249115
-0.0223754
-0.0196426
-0.0167233
-0.0136278
-0.0103668
-0.00695072
-0.00339057
0.000302474
0.00411684
0.00804056
0.0120612
0.0161658
0.020341
0.0245727
0.0288461
0.0331458
0.0374555
0.0417584
0.0460368
0.0502725
0.0544463
0.0585386
0.0625292
0.0663971
0.070121
0.0736794
0.0770501
0.080211
0.0831397
0.0858141
0.0882123
0.0903126
0.0920941
0.0935367
0.0946211
0.0953294
0.0956449
0.0955525
0.0950389
0.0940923
0.0927033
0.0908643
0.0885699
0.0858169
0.0826046
0.0789345
0.0748105
0.0702353
0.065214
0.0597958
0.0540246
0.0473572
0.0393427
0.0125863
0.00454557
-0.00205714
-0.00768729
-0.0129112
-0.0177001
-0.0220202
-0.0258822
-0.0292988
-0.0322805
-0.0348389
-0.0369864
-0.0387358
-0.0401004
-0.0410934
-0.0417284
-0.0420188
-0.0419777
-0.0416182
-0.0409531
-0.039995
-0.038756
-0.0372482
-0.035483
-0.0334719
-0.0312259
-0.0287559
-0.0260725
-0.0231863
-0.0201078
-0.0168476
-0.0134164
-0.00982476
-0.0060838
-0.00220477
0.00180073
0.00592069
0.0101426
0.0144536
0.0188401
0.0232878
0.027782
0.0323069
0.0368462
0.0413826
0.0458981
0.050374
0.0547906
0.0591278
0.0633643
0.0674786
0.0714485
0.0752511
0.0788633
0.0822615
0.0854222
0.0883217
0.0909363
0.093243
0.095219
0.0968424
0.0980923
0.0989489
0.0993937
0.09941
0.0989828
0.0980988
0.0967471
0.0949189
0.0926077
0.0898095
0.0865228
0.0827488
0.0784911
0.0737524
0.0685378
0.0628988
0.0568816
0.0499176
0.0415355
0.00861511
0.000276567
-0.00656387
-0.0123888
-0.0177858
-0.0227253
-0.0271724
-0.0311384
-0.0346369
-0.0376793
-0.040278
-0.0424466
-0.0441988
-0.045549
-0.0465117
-0.0471013
-0.0473323
-0.047219
-0.0467752
-0.0460148
-0.0449511
-0.0435971
-0.0419653
-0.0400682
-0.0379175
-0.0355247
-0.0329012
-0.030058
-0.0270059
-0.0237557
-0.0203182
-0.016704
-0.012924
-0.00898923
-0.00491109
-0.000701164
0.00362854
0.00806556
0.0125969
0.017209
0.0218875
0.0266175
0.0313832
0.0361679
0.0409542
0.0457237
0.0504572
0.0551346
0.0597351
0.0642367
0.068617
0.0728528
0.0769202
0.0807949
0.0844519
0.0878662
0.0910124
0.0938655
0.0964003
0.0985925
0.100418
0.101854
0.10288
0.103473
0.103617
0.103293
0.102488
0.101188
0.0993835
0.0970665
0.0942321
0.0908779
0.0870048
0.0826158
0.0777134
0.0723031
0.0664385
0.0601681
0.0528968
0.0441322
0.00414848
-0.00449522
-0.0115784
-0.0176009
-0.0231727
-0.0282629
-0.0328356
-0.036903
-0.0404794
-0.0435772
-0.04621
-0.0483921
-0.0501388
-0.0514655
-0.0523878
-0.0529215
-0.053082
-0.0528848
-0.0523448
-0.0514767
-0.0502948
-0.048813
-0.0470446
-0.0450025
-0.0426992
-0.0401467
-0.0373567
-0.0343407
-0.0311097
-0.0276747
-0.0240467
-0.0202365
-0.0162551
-0.0121134
-0.00782284
-0.00339503
0.00115806
0.00582399
0.0105898
0.0154419
0.020366
0.025347
0.030369
0.0354153
0.0404681
0.0455088
0.0505177
0.0554743
0.060357
0.0651434
0.06981
0.0743327
0.0786864
0.0828454
0.0867836
0.0904743
0.0938905
0.0970052
0.0997916
0.102223
0.104274
0.10592
0.107136
0.107899
0.108191
0.10799
0.107281
0.106049
0.104282
0.101972
0.0991116
0.0956979
0.0917311
0.0872138
0.0821482
0.0765398
0.0704447
0.0639137
0.0563237
0.0471605
-0.000838473
-0.00979539
-0.0171267
-0.0233502
-0.0290984
-0.0343394
-0.0390363
-0.0432019
-0.0468517
-0.0499991
-0.0526588
-0.0548463
-0.0565781
-0.057871
-0.058742
-0.059208
-0.0592858
-0.0589919
-0.0583426
-0.0573535
-0.0560399
-0.0544166
-0.0524977
-0.0502968
-0.0478271
-0.0451011
-0.042131
-0.0389285
-0.035505
-0.0318719
-0.0280401
-0.0240205
-0.0198242
-0.0154622
-0.0109458
-0.00628653
-0.00149633
0.00341245
0.0084269
0.0135335
0.018718
0.0239653
0.0292594
0.0345835
0.0399196
0.0452488
0.0505513
0.0558058
0.0609903
0.0660816
0.0710554
0.0758866
0.0805489
0.0850153
0.0892582
0.0932493
0.0969599
0.100361
0.103424
0.10612
0.108422
0.110301
0.111731
0.112689
0.113149
0.113093
0.1125
0.111354
0.109641
0.107351
0.104477
0.101013
0.0969588
0.092317
0.0870892
0.0812806
0.07495
0.0681504
0.0602299
0.0506509
-0.00637198
-0.0156511
-0.0232365
-0.0296646
-0.0355909
-0.0409829
-0.0458021
-0.0500626
-0.0537807
-0.0569711
-0.0596496
-0.0618333
-0.0635399
-0.0647877
-0.0655951
-0.0659805
-0.065962
-0.0655576
-0.0647845
-0.0636599
-0.0621999
-0.0604202
-0.058336
-0.0559616
-0.0533108
-0.0503967
-0.047232
-0.0438289
-0.0401989
-0.0363537
-0.0323042
-0.0280616
-0.0236368
-0.0190409
-0.014285
-0.00938061
-0.00433952
0.000826052
0.00610333
0.0114789
0.0169387
0.0224675
0.0280495
0.0336677
0.0393041
0.0449395
0.0505538
0.0561254
0.0616316
0.0670485
0.0723511
0.0775131
0.0825072
0.087305
0.0918773
0.0961942
0.100225
0.103939
0.107305
0.110293
0.112871
0.115011
0.116682
0.117858
0.118513
0.118624
0.118169
0.117129
0.115488
0.113235
0.110359
0.106855
0.102722
0.09796
0.0925714
0.0865608
0.0799897
0.0729135
0.0646497
0.0546367
-0.0124799
-0.022091
-0.0299373
-0.0365738
-0.0426803
-0.0482231
-0.0531627
-0.057514
-0.0612948
-0.0645208
-0.0672091
-0.0693785
-0.0710483
-0.0722384
-0.0729686
-0.0732591
-0.0731294
-0.0725989
-0.0716865
-0.0704103
-0.0687879
-0.0668359
-0.0645705
-0.0620067
-0.0591592
-0.0560416
-0.0526672
-0.0490484
-0.0451973
-0.0411255
-0.0368442
-0.0323645
-0.0276973
-0.0228537
-0.0178446
-0.0126814
-0.00737556
-0.00193925
0.00361503
0.00927406
0.0150238
0.0208495
0.0267351
0.0326638
0.0386175
0.0445769
0.0505216
0.0564296
0.0622777
0.0680415
0.0736949
0.0792108
0.0845608
0.0897149
0.0946425
0.0993119
0.103691
0.107746
0.111443
0.114751
0.117635
0.120064
0.122004
0.123427
0.124303
0.124607
0.124313
0.123401
0.121853
0.119653
0.116792
0.11326
0.109056
0.10418
0.098633
0.0924191
0.0856026
0.0782413
0.0696208
0.0591543
-0.0191921
-0.0291461
-0.0372606
-0.0441098
-0.0503986
-0.0560921
-0.0611497
-0.0655874
-0.0694242
-0.0726773
-0.0753654
-0.0775089
-0.0791289
-0.0802469
-0.0808848
-0.0810644
-0.0808069
-0.0801334
-0.0790643
-0.0776192
-0.0758169
-0.0736752
-0.0712113
-0.0684412
-0.0653802
-0.0620428
-0.0584426
-0.0545926
-0.050505
-0.0461916
-0.0416639
-0.0369327
-0.032009
-0.0269037
-0.0216276
-0.0161917
-0.0106074
-0.00488647
0.000958901
0.00691574
0.0129703
0.0191079
0.0253128
0.0315683
0.0378564
0.0441575
0.0504512
0.0567152
0.0629258
0.069058
0.075085
0.0809786
0.0867092
0.0922457
0.0975556
0.102605
0.107361
0.111786
0.115846
0.119505
0.122726
0.125474
0.127715
0.129414
0.130541
0.131065
0.13096
0.130201
0.128768
0.126642
0.123811
0.120266
0.116002
0.111019
0.105316
0.0988975
0.0918307
0.0841757
0.0751844
0.0642437
-0.0265401
-0.0368493
-0.0452401
-0.0523069
-0.0587802
-0.0646242
-0.0697971
-0.0743159
-0.0782013
-0.0814719
-0.0841483
-0.0862527
-0.087808
-0.0888381
-0.0893667
-0.0894174
-0.0890138
-0.0881785
-0.0869337
-0.0853005
-0.0832991
-0.0809489
-0.0782678
-0.0752731
-0.0719809
-0.0684063
-0.0645634
-0.0604656
-0.0561256
-0.0515552
-0.0467658
-0.0417684
-0.0365739
-0.0311928
-0.0256357
-0.0199134
-0.0140369
-0.00801743
-0.001867
0.00440185
0.0107757
0.0172402
0.02378
0.0303785
0.0370177
0.0436784
0.0503398
0.0569794
0.0635733
0.0700958
0.0765195
0.0828153
0.0889522
0.0948979
0.100618
0.106078
0.11124
0.116068
0.120522
0.124565
0.128156
0.131258
0.133832
0.135841
0.13725
0.138026
0.138139
0.137561
0.136267
0.134238
0.131457
0.127914
0.123602
0.11852
0.112665
0.106042
0.0987201
0.0907624
0.0813854
0.0699484
-0.0345579
-0.045236
-0.0539122
-0.0612018
-0.0678622
-0.0738562
-0.0791411
-0.0837351
-0.0876604
-0.0909376
-0.0935891
-0.0956393
-0.0971135
-0.0980375
-0.0984377
-0.0983398
-0.0977694
-0.0967514
-0.0953098
-0.0934675
-0.0912463
-0.0886668
-0.0857485
-0.0825095
-0.0789669
-0.0751364
-0.0710329
-0.0666702
-0.0620609
-0.0572173
-0.0521508
-0.0468722
-0.0413922
-0.035721
-0.029869
-0.0238465
-0.0176641
-0.0113325
-0.00486328
0.00173153
0.00843897
0.0152451
0.022135
0.0290924
0.0360996
0.0431373
0.0501849
0.0572199
0.064218
0.071153
0.0779969
0.0847197
0.0912894
0.0976722
0.103832
0.109733
0.115334
0.120597
0.12548
0.129941
0.133939
0.13743
0.140373
0.142728
0.144455
0.145518
0.145881
0.145513
0.144388
0.14248
0.139772
0.136249
0.131903
0.126731
0.12073
0.113902
0.106321
0.0980517
0.0882732
0.0763163
-0.0432821
-0.0543445
-0.0633164
-0.0708346
-0.0776846
-0.0838281
-0.0892209
-0.0938831
-0.0978384
-0.101109
-0.103721
-0.1057
-0.107074
-0.107872
-0.108122
-0.107853
-0.107093
-0.105869
-0.104207
-0.102133
-0.0996688
-0.0968377
-0.0936602
-0.0901557
-0.0863421
-0.082236
-0.0778529
-0.0732069
-0.068311
-0.0631775
-0.0578178
-0.0522426
-0.0464623
-0.0404867
-0.0343259
-0.0279895
-0.0214876
-0.0148305
-0.00802904
-0.00109464
0.0059603
0.0131225
0.0203774
0.0277092
0.0351006
0.0425328
0.049985
0.0574349
0.0648581
0.0722279
0.0795159
0.0866912
0.0937207
0.100569
0.1072
0.113572
0.119647
0.12538
0.130728
0.135646
0.140087
0.144007
0.14736
0.150099
0.152183
0.153569
0.154218
0.154096
0.15317
0.151412
0.148801
0.14532
0.140956
0.135706
0.129565
0.122534
0.114689
0.106099
0.0959019
0.0833998
-0.0527521
-0.064216
-0.0734952
-0.0812485
-0.088291
-0.0945829
-0.100079
-0.104801
-0.108775
-0.112025
-0.11458
-0.116468
-0.11772
-0.118369
-0.118445
-0.11798
-0.117004
-0.115549
-0.113641
-0.111308
-0.108576
-0.105469
-0.102008
-0.0982152
-0.0941085
-0.0897058
-0.0850229
-0.0800744
-0.0748737
-0.069433
-0.0637636
-0.0578761
-0.0517804
-0.0454861
-0.0390025
-0.0323387
-0.0255042
-0.0185084
-0.0113616
-0.00407444
0.00334146
0.0108735
0.0185078
0.0262291
0.0340208
0.0418643
0.0497393
0.0576235
0.0654925
0.0733196
0.0810756
0.0887291
0.096246
0.10359
0.110722
0.1176
0.124183
0.130423
0.136275
0.141689
0.146616
0.151007
0.154811
0.157978
0.16046
0.162211
0.163187
0.163347
0.162656
0.16108
0.158595
0.155178
0.150816
0.145502
0.139228
0.131997
0.123885
0.114963
0.104331
0.0912564
-0.0630105
-0.0748958
-0.0844951
-0.0924908
-0.0997286
-0.106168
-0.111761
-0.116534
-0.120512
-0.123725
-0.126202
-0.127977
-0.129084
-0.129556
-0.129431
-0.128741
-0.127522
-0.125805
-0.123623
-0.121004
-0.117976
-0.114566
-0.110796
-0.10669
-0.102266
-0.0975441
-0.09254
-0.0872689
-0.0817443
-0.0759784
-0.0699825
-0.0637666
-0.0573405
-0.050713
-0.0438928
-0.0368883
-0.0297082
-0.0223611
-0.0148563
-0.00720375
0.000585977
0.00850108
0.0165286
0.024654
0.0328612
0.0411325
0.0494479
0.0577854
0.0661208
0.0744273
0.0826754
0.0908331
0.0988655
0.106735
0.114401
0.12182
0.128947
0.135733
0.142129
0.148083
0.15354
0.158446
0.162747
0.166388
0.169316
0.171477
0.172824
0.173309
0.172892
0.171535
0.169206
0.165882
0.161544
0.156182
0.149786
0.142357
0.133974
0.124712
0.113625
0.0999491
-0.0741038
-0.0864327
-0.0963669
-0.104613
-0.112049
-0.118633
-0.124318
-0.129129
-0.133096
-0.136252
-0.138629
-0.140265
-0.141197
-0.141465
-0.141106
-0.14016
-0.138664
-0.136655
-0.134165
-0.131228
-0.127874
-0.124131
-0.120025
-0.115578
-0.110812
-0.105747
-0.100399
-0.0947837
-0.0889153
-0.0828056
-0.0764657
-0.0699053
-0.0631334
-0.0561583
-0.0489879
-0.0416298
-0.0340916
-0.0263811
-0.0185064
-0.0104763
-0.00230063
0.00601009
0.0144438
0.022987
0.0316245
0.0403393
0.049112
0.0579214
0.0667433
0.0755512
0.0843153
0.0930034
0.10158
0.110005
0.118238
0.126234
0.133943
0.141317
0.1483
0.154838
0.160872
0.166343
0.171191
0.175357
0.17878
0.181402
0.183168
0.184026
0.183927
0.182829
0.180695
0.177494
0.173205
0.167814
0.161308
0.153686
0.14503
0.135417
0.123856
0.109547
-0.0860823
-0.0988804
-0.109166
-0.117671
-0.125309
-0.132036
-0.137803
-0.142639
-0.146577
-0.149653
-0.151903
-0.15337
-0.154096
-0.154124
-0.153497
-0.152258
-0.15045
-0.14811
-0.145278
-0.141989
-0.138275
-0.134167
-0.129692
-0.124876
-0.11974
-0.114306
-0.10859
-0.102609
-0.0963758
-0.0899031
-0.0832014
-0.0762799
-0.069147
-0.0618101
-0.0542763
-0.046552
-0.0386437
-0.0305582
-0.0223023
-0.0138836
-0.00531059
0.00340736
0.0122594
0.0212333
0.0303148
0.0394879
0.0487343
0.0580332
0.0673612
0.0766919
0.0859958
0.0952401
0.104389
0.113402
0.122236
0.130844
0.139177
0.14718
0.154796
0.161966
0.168627
0.174715
0.180165
0.18491
0.188884
0.192023
0.194263
0.195545
0.195815
0.195022
0.193123
0.190082
0.185872
0.180474
0.173873
0.166064
0.157134
0.14716
0.135103
0.120127
-0.0990017
-0.112298
-0.122954
-0.131729
-0.139571
-0.146437
-0.152277
-0.157121
-0.161008
-0.163977
-0.16607
-0.167334
-0.167816
-0.167565
-0.16663
-0.165057
-0.162894
-0.160185
-0.15697
-0.15329
-0.149179
-0.14467
-0.139794
-0.134577
-0.129042
-0.123211
-0.117102
-0.110731
-0.104111
-0.0972558
-0.0901742
-0.082875
-0.0753658
-0.0676531
-0.0597428
-0.0516403
-0.0433507
-0.0348794
-0.0262319
-0.0174144
-0.00843369
0.000702062
0.00998352
0.0193997
0.0289379
0.0385832
0.0483184
0.0581237
0.0679765
0.0778509
0.0877176
0.097544
0.107293
0.116925
0.126395
0.135655
0.144651
0.153328
0.161625
0.169477
0.17682
0.183581
0.189691
0.195075
0.199662
0.203378
0.206152
0.207918
0.208612
0.208176
0.206559
0.203719
0.199622
0.194244
0.187566
0.17958
0.170373
0.160029
0.147453
0.131772
-0.112923
-0.126752
-0.1378
-0.146854
-0.154905
-0.161905
-0.167805
-0.172638
-0.176449
-0.179279
-0.181179
-0.1822
-0.182395
-0.181821
-0.18053
-0.178578
-0.176014
-0.172889
-0.169247
-0.165133
-0.160584
-0.155636
-0.150321
-0.144669
-0.138703
-0.132446
-0.125917
-0.119131
-0.112103
-0.104845
-0.0973644
-0.0896708
-0.0817703
-0.0736681
-0.065369
-0.0568769
-0.0481955
-0.0393286
-0.0302801
-0.0210545
-0.0116571
-0.00209418
0.00762642
0.0174954
0.0275016
0.0376316
0.0478697
0.0581971
0.0685923
0.0790302
0.0894823
0.0999159
0.110294
0.120577
0.130717
0.140666
0.150369
0.159766
0.168793
0.177383
0.185464
0.192959
0.199792
0.205881
0.211146
0.215507
0.218883
0.221198
0.222378
0.222359
0.221079
0.218487
0.214543
0.209217
0.202483
0.19433
0.184848
0.174122
0.161003
0.144577
-0.127914
-0.142314
-0.153779
-0.163126
-0.171388
-0.178516
-0.184461
-0.18926
-0.192963
-0.195618
-0.197282
-0.198013
-0.197873
-0.196923
-0.195225
-0.192839
-0.189823
-0.18623
-0.182112
-0.177516
-0.172483
-0.167054
-0.161262
-0.155137
-0.148706
-0.141992
-0.135014
-0.127788
-0.120328
-0.112645
-0.104748
-0.0966436
-0.0883369
-0.0798321
-0.0711324
-0.0622401
-0.0531574
-0.0438861
-0.0344284
-0.0247869
-0.014965
-0.00496716
0.00520085
0.0155315
0.0260156
0.0366413
0.0473947
0.0582585
0.0692125
0.0802328
0.0912915
0.102357
0.113392
0.124356
0.135203
0.145881
0.156333
0.166499
0.176309
0.185692
0.194572
0.202866
0.21049
0.217355
0.223373
0.228452
0.232504
0.235441
0.237181
0.237644
0.236762
0.234474
0.23073
0.225491
0.218727
0.210422
0.200666
0.189549
0.17586
0.158643
-0.144051
-0.159067
-0.170977
-0.18063
-0.189106
-0.196355
-0.202326
-0.207063
-0.210621
-0.213058
-0.214436
-0.214823
-0.214289
-0.212905
-0.210739
-0.20786
-0.204331
-0.200214
-0.195564
-0.190433
-0.184868
-0.17891
-0.172596
-0.16596
-0.159027
-0.151823
-0.144366
-0.136674
-0.128758
-0.12063
-0.112297
-0.103765
-0.0950376
-0.0861177
-0.0770064
-0.0677045
-0.058212
-0.0485289
-0.0386552
-0.0285915
-0.018339
-0.00789993
0.00272202
0.0135216
0.0244915
0.0356223
0.0469017
0.0583145
0.0698421
0.081462
0.0931477
0.104868
0.116587
0.128264
0.139852
0.151299
0.162546
0.173529
0.184177
0.194414
0.204157
0.213319
0.221808
0.229527
0.236377
0.242257
0.247068
0.25071
0.253088
0.254111
0.253698
0.251777
0.248286
0.243179
0.236416
0.227976
0.217951
0.206431
0.192143
0.174085
-0.16142
-0.177104
-0.189491
-0.199465
-0.208157
-0.215516
-0.22149
-0.226131
-0.229501
-0.231667
-0.232701
-0.232681
-0.231687
-0.2298
-0.227097
-0.223656
-0.219548
-0.214841
-0.209597
-0.203873
-0.19772
-0.191184
-0.184302
-0.177111
-0.169638
-0.161909
-0.153943
-0.145755
-0.137359
-0.128765
-0.119977
-0.111001
-0.10184
-0.0924931
-0.0829605
-0.0732405
-0.0633313
-0.0532303
-0.0429355
-0.0324449
-0.0217574
-0.0108728
0.000207679
0.0114813
0.0229432
0.0345862
0.0464004
0.0583729
0.0704869
0.0827221
0.0950533
0.107451
0.11988
0.1323
0.144664
0.156919
0.169006
0.180857
0.1924
0.203553
0.214229
0.224333
0.233766
0.242423
0.250193
0.256966
0.262629
0.267068
0.270175
0.271845
0.271982
0.270501
0.267327
0.262403
0.255679
0.247127
0.236838
0.224905
0.209987
0.191032
-0.180117
-0.196529
-0.209431
-0.219744
-0.228652
-0.236106
-0.242055
-0.246558
-0.249688
-0.251521
-0.252142
-0.251641
-0.25011
-0.24764
-0.244321
-0.24024
-0.235477
-0.230108
-0.224202
-0.217821
-0.21102
-0.203849
-0.19635
-0.188558
-0.180504
-0.172213
-0.163704
-0.154993
-0.146093
-0.13701
-0.12775
-0.118315
-0.108706
-0.098922
-0.0889594
-0.0788146
-0.0684831
-0.0579601
-0.0472407
-0.0363206
-0.0251958
-0.0138635
-0.00232197
0.00942861
0.0213862
0.0335464
0.045902
0.0584425
0.0711538
0.0840176
0.0970111
0.110106
0.12327
0.136462
0.149636
0.16274
0.175712
0.188484
0.20098
0.213115
0.224795
0.235921
0.246385
0.25607
0.264858
0.272624
0.279241
0.284582
0.28852
0.290937
0.291718
0.290762
0.28798
0.2833
0.27666
0.268023
0.25748
0.245125
0.22954
0.209626
-0.200253
-0.217465
-0.230924
-0.241592
-0.250717
-0.258247
-0.264136
-0.268451
-0.271276
-0.272702
-0.272829
-0.271759
-0.2696
-0.266457
-0.262432
-0.257622
-0.252119
-0.246006
-0.239361
-0.232252
-0.224738
-0.216873
-0.208701
-0.20026
-0.191581
-0.18269
-0.173605
-0.164343
-0.154912
-0.14532
-0.13557
-0.125662
-0.115594
-0.105363
-0.0949636
-0.0843887
-0.0736315
-0.0626841
-0.0515391
-0.0401889
-0.0286268
-0.0168468
-0.00484432
0.0073837
0.0198383
0.0325181
0.0454189
0.0585332
0.0718499
0.0853535
0.0990236
0.112835
0.126755
0.140747
0.154765
0.168756
0.18266
0.196406
0.209915
0.2231
0.235862
0.248094
0.25968
0.270494
0.280406
0.289276
0.296963
0.303321
0.308209
0.311486
0.31302
0.312688
0.310385
0.306021
0.299521
0.290833
0.280048
0.267262
0.250973
0.230029
-0.221955
-0.240048
-0.254113
-0.265157
-0.274495
-0.282077
-0.287861
-0.291924
-0.294369
-0.295301
-0.294836
-0.293096
-0.290204
-0.286282
-0.281445
-0.275806
-0.269466
-0.26252
-0.255051
-0.247135
-0.238837
-0.230213
-0.22131
-0.212169
-0.20282
-0.193289
-0.183595
-0.173751
-0.163766
-0.153644
-0.143387
-0.132993
-0.122456
-0.111771
-0.100929
-0.0899212
-0.0787367
-0.0673651
-0.0557955
-0.0440173
-0.0320203
-0.0197954
-0.00733461
0.00536856
0.0183186
0.0315174
0.0449645
0.0586556
0.0725831
0.0867346
0.101093
0.115636
0.130334
0.145151
0.160044
0.174961
0.189842
0.204615
0.219201
0.233507
0.24743
0.260858
0.273665
0.285717
0.296868
0.306965
0.315851
0.32336
0.32933
0.333598
0.336009
0.336419
0.334698
0.330737
0.324442
0.315747
0.304739
0.291512
0.274477
0.252421
-0.245368
-0.26444
-0.279168
-0.290607
-0.300152
-0.307754
-0.313376
-0.317112
-0.319082
-0.319413
-0.318242
-0.315711
-0.311964
-0.30714
-0.301374
-0.29479
-0.287505
-0.279623
-0.271238
-0.262429
-0.253269
-0.243818
-0.234123
-0.224228
-0.214162
-0.203951
-0.193613
-0.183159
-0.172595
-0.161925
-0.151146
-0.140254
-0.12924
-0.118095
-0.106808
-0.0953662
-0.0837555
-0.0719622
-0.0599718
-0.0477702
-0.0353438
-0.0226796
-0.00976613
0.00340684
0.0168475
0.0305619
0.044553
0.0588206
0.073361
0.0881655
0.103221
0.118508
0.134001
0.149667
0.165465
0.181345
0.197247
0.213102
0.228826
0.244326
0.259496
0.274214
0.288349
0.301755
0.314273
0.325734
0.335962
0.344771
0.351974
0.357384
0.360819
0.362106
0.36109
0.357637
0.351628
0.342979
0.331772
0.318098
0.300269
0.277009
-0.270663
-0.290828
-0.306283
-0.318139
-0.327878
-0.335458
-0.340847
-0.344161
-0.345544
-0.345146
-0.343131
-0.339667
-0.334921
-0.329055
-0.322222
-0.314565
-0.306214
-0.297284
-0.287878
-0.278085
-0.26798
-0.257626
-0.247076
-0.23637
-0.225539
-0.214607
-0.203591
-0.192499
-0.181335
-0.170098
-0.158784
-0.147384
-0.135887
-0.12428
-0.112548
-0.100674
-0.0886412
-0.0764317
-0.0640272
-0.05141
-0.0385625
-0.0254679
-0.0121106
0.00152346
0.0154468
0.0296694
0.0441988
0.0590392
0.0741909
0.0896499
0.105407
0.121448
0.13775
0.154285
0.171015
0.187893
0.20486
0.221849
0.238776
0.255545
0.272048
0.288158
0.303734
0.31862
0.332644
0.345621
0.357352
0.36763
0.37624
0.382965
0.387593
0.389918
0.389753
0.386932
0.381309
0.372775
0.361401
0.347275
0.328599
0.304027
-0.298042
-0.319432
-0.335689
-0.347982
-0.357898
-0.365397
-0.370464
-0.373239
-0.373894
-0.372614
-0.369592
-0.365027
-0.359115
-0.352043
-0.343988
-0.335111
-0.325556
-0.315454
-0.304916
-0.294037
-0.282898
-0.271566
-0.260091
-0.248517
-0.236873
-0.225181
-0.213453
-0.201696
-0.189911
-0.178093
-0.166234
-0.15432
-0.142337
-0.130268
-0.118093
-0.105792
-0.0933441
-0.080727
-0.0679186
-0.0548969
-0.0416401
-0.0281274
-0.0143389
-0.000255963
0.0141382
0.0288582
0.0439163
0.0593215
0.075079
0.0911899
0.10765
0.12445
0.141572
0.158992
0.176678
0.194585
0.212659
0.230833
0.249026
0.267142
0.285068
0.302675
0.319813
0.336316
0.351999
0.366657
0.380072
0.392009
0.402223
0.410466
0.416485
0.420039
0.4209
0.418863
0.413747
0.405412
0.393916
0.379336
0.359753
0.333746
-0.327739
-0.350514
-0.367657
-0.380407
-0.390469
-0.397814
-0.402443
-0.404531
-0.404289
-0.401939
-0.397714
-0.39185
-0.384577
-0.376112
-0.366657
-0.356393
-0.345485
-0.334073
-0.32228
-0.310208
-0.297942
-0.285549
-0.273082
-0.260582
-0.248076
-0.235584
-0.223114
-0.210669
-0.198245
-0.185834
-0.173421
-0.16099
-0.148522
-0.135994
-0.123383
-0.110665
-0.0978123
-0.0848001
-0.0716014
-0.0581899
-0.0445395
-0.0306248
-0.0164213
-0.00190573
0.0129434
0.0281459
0.0437188
0.0596766
0.0760299
0.0927855
0.109945
0.127504
0.145452
0.16377
0.182431
0.201395
0.220614
0.240024
0.259546
0.279085
0.298528
0.31774
0.336569
0.354836
0.372343
0.388868
0.404167
0.417979
0.430025
0.440017
0.447661
0.452669
0.454765
0.453697
0.449239
0.441211
0.42965
0.414621
0.394065
0.366478
-0.360036
-0.384384
-0.40251
-0.415733
-0.425896
-0.432987
-0.437032
-0.43825
-0.4369
-0.433253
-0.427591
-0.420194
-0.411332
-0.401257
-0.390199
-0.378364
-0.365934
-0.353063
-0.339884
-0.326504
-0.313012
-0.299475
-0.285946
-0.272463
-0.259049
-0.24572
-0.23248
-0.219327
-0.206251
-0.193237
-0.180269
-0.167322
-0.154373
-0.141394
-0.128358
-0.115234
-0.101992
-0.0886012
-0.07503
-0.0612475
-0.0472231
-0.0329265
-0.0183284
-0.00340078
0.0118832
0.0275486
0.043618
0.0601115
0.0770458
0.0944339
0.112284
0.130598
0.149373
0.168595
0.188246
0.208292
0.22869
0.249381
0.270293
0.291331
0.312384
0.333317
0.353971
0.374159
0.39367
0.412264
0.429672
0.445603
0.459741
0.471753
0.481296
0.488027
0.491611
0.491739
0.488126
0.480542
0.468995
0.453528
0.431923
0.402585
-0.395272
-0.421416
-0.440636
-0.454342
-0.464539
-0.471243
-0.474516
-0.474632
-0.471914
-0.466694
-0.459314
-0.450108
-0.439391
-0.427456
-0.414567
-0.400954
-0.386817
-0.372326
-0.35762
-0.342812
-0.327992
-0.313228
-0.298568
-0.284046
-0.269682
-0.255484
-0.24145
-0.227572
-0.213835
-0.200217
-0.186693
-0.173237
-0.159817
-0.1464
-0.132953
-0.119442
-0.10583
-0.0920807
-0.078159
-0.0640287
-0.0496541
-0.0350002
-0.0200324
-0.00471755
0.0109766
0.0270806
0.0436231
0.0606303
0.0781256
0.0961285
0.114654
0.133713
0.153309
0.173438
0.194087
0.215232
0.236838
0.258853
0.281211
0.303824
0.326582
0.349351
0.37197
0.394247
0.415956
0.436841
0.456609
0.474935
0.491462
0.505809
0.517574
0.526349
0.531728
0.533331
0.530798
0.523834
0.512404
0.496524
0.473787
0.442495
-0.433854
-0.462063
-0.482502
-0.496688
-0.506824
-0.512964
-0.515219
-0.513941
-0.509533
-0.502405
-0.49297
-0.481627
-0.468747
-0.454668
-0.439689
-0.424068
-0.408024
-0.391738
-0.375358
-0.358998
-0.342749
-0.326673
-0.310816
-0.295205
-0.279852
-0.264757
-0.249912
-0.235301
-0.220899
-0.206679
-0.192609
-0.178655
-0.164779
-0.150942
-0.137106
-0.123229
-0.109271
-0.0951895
-0.0809441
-0.0664938
-0.0517976
-0.0368153
-0.0215073
-0.00583492
0.0102398
0.0267532
0.0437403
0.0612337
0.0792639
0.0978579
0.117039
0.136826
0.157231
0.178259
0.199908
0.222164
0.245
0.268375
0.292231
0.316489
0.341044
0.365768
0.390497
0.415037
0.439154
0.462573
0.484978
0.50601
0.525269
0.542316
0.556685
0.567889
0.575438
0.57886
0.577703
0.571587
0.560416
0.544162
0.5202
0.486713
-0.476283
-0.506877
-0.528677
-0.543321
-0.553258
-0.558594
-0.559515
-0.556473
-0.549974
-0.540526
-0.528632
-0.514768
-0.499368
-0.482821
-0.465464
-0.447582
-0.429413
-0.411149
-0.392941
-0.374904
-0.357124
-0.339659
-0.322544
-0.305799
-0.289425
-0.273415
-0.257749
-0.242402
-0.227341
-0.212529
-0.197928
-0.183494
-0.169184
-0.154952
-0.140752
-0.126538
-0.112263
-0.0978805
-0.0833434
-0.0686055
-0.0536211
-0.0383445
-0.0227307
-0.00673538
0.00968512
0.0265734
0.0439709
0.0619172
0.0804502
0.0996051
0.119414
0.139904
0.161098
0.183012
0.205655
0.229023
0.253103
0.277866
0.303266
0.329233
0.355674
0.382468
0.409456
0.436442
0.463188
0.489405
0.514754
0.538842
0.561223
0.581397
0.59882
0.612917
0.623094
0.628765
0.629361
0.624387
0.613667
0.597106
0.571816
0.535844
-0.523174
-0.556543
-0.579858
-0.59491
-0.604446
-0.608656
-0.60783
-0.602552
-0.593463
-0.581195
-0.566358
-0.549519
-0.531187
-0.511805
-0.491749
-0.471333
-0.450808
-0.430375
-0.410184
-0.390347
-0.37094
-0.352012
-0.333588
-0.315673
-0.298259
-0.281323
-0.264836
-0.24876
-0.233054
-0.21767
-0.20256
-0.187673
-0.172958
-0.158362
-0.143831
-0.129315
-0.114758
-0.10011
-0.0853182
-0.0703308
-0.0550966
-0.0395646
-0.0236845
-0.00740605
0.00932019
0.0265432
0.044311
0.0626707
0.0816679
0.101346
0.121747
0.142908
0.164863
0.187639
0.211259
0.235732
0.26106
0.287229
0.314206
0.341939
0.370349
0.399324
0.428717
0.458338
0.487945
0.517243
0.545873
0.57341
0.599357
0.623152
0.644165
0.661714
0.675081
0.683539
0.686369
0.682927
0.672919
0.656156
0.629427
0.590618
-0.575293
-0.61191
-0.63691
-0.652271
-0.661118
-0.663765
-0.660648
-0.652532
-0.64023
-0.624529
-0.606171
-0.585828
-0.564092
-0.541462
-0.518358
-0.495113
-0.471992
-0.449195
-0.426869
-0.405114
-0.383994
-0.363543
-0.343769
-0.324661
-0.306197
-0.288338
-0.271041
-0.254257
-0.237929
-0.222002
-0.206416
-0.191112
-0.176029
-0.161106
-0.146285
-0.131506
-0.11671
-0.101839
-0.086835
-0.0716412
-0.056201
-0.0404579
-0.0243561
-0.00783983
0.00914655
0.0266583
0.0447504
0.0634773
0.0828928
0.10305
0.123999
0.145789
0.168466
0.192071
0.21664
0.242199
0.268766
0.296345
0.324923
0.354466
0.384914
0.416174
0.448116
0.480559
0.513269
0.545948
0.578225
0.609644
0.639665
0.667654
0.692889
0.714564
0.731814
0.743737
0.749422
0.748025
0.739089
0.722287
0.694004
0.651931
-0.633607
-0.674051
-0.700914
-0.716409
-0.724149
-0.724636
-0.718514
-0.706788
-0.690495
-0.670615
-0.648046
-0.623584
-0.597906
-0.571575
-0.545041
-0.518659
-0.492695
-0.467344
-0.442739
-0.418962
-0.396058
-0.374037
-0.35289
-0.332584
-0.313076
-0.294313
-0.276233
-0.258771
-0.24186
-0.225429
-0.20941
-0.193733
-0.178327
-0.163126
-0.148061
-0.133068
-0.11808
-0.103034
-0.0878664
-0.0725151
-0.0569179
-0.0410134
-0.0247401
-0.00803654
0.0091587
0.0269073
0.0452712
0.0643124
0.084093
0.104675
0.12612
0.148489
0.171839
0.196227
0.221703
0.248314
0.276096
0.305075
0.335259
0.36664
0.399182
0.432818
0.467439
0.502888
0.538945
0.575319
0.611633
0.647415
0.682079
0.714924
0.745125
0.771742
0.793731
0.809977
0.819321
0.820655
0.813294
0.796703
0.766753
0.720889
-0.699352
-0.744335
-0.773233
-0.788567
-0.794598
-0.792106
-0.782033
-0.765707
-0.744451
-0.719484
-0.69189
-0.662597
-0.632376
-0.601844
-0.57148
-0.541645
-0.512597
-0.484513
-0.457501
-0.431617
-0.406877
-0.383265
-0.360742
-0.339252
-0.318728
-0.299095
-0.280274
-0.262183
-0.244739
-0.227859
-0.21146
-0.195465
-0.179792
-0.164367
-0.149114
-0.133961
-0.118836
-0.103669
-0.0883926
-0.0729381
-0.0572388
-0.0412277
-0.0248383
-0.00800379
0.00934327
0.0272708
0.0458474
0.0651429
0.0852277
0.106173
0.128052
0.150937
0.174899
0.200011
0.226341
0.253954
0.282909
0.313256
0.345032
0.378258
0.412928
0.449009
0.486425
0.525049
0.56469
0.605077
0.645843
0.686505
0.726448
0.764906
0.800952
0.833493
0.861281
0.882938
0.89699
0.901981
0.896897
0.880904
0.849191
0.798885
-0.774126
-0.824532
-0.855609
-0.870299
-0.873742
-0.867141
-0.851861
-0.82966
-0.802231
-0.77108
-0.737501
-0.702568
-0.667139
-0.631875
-0.597268
-0.563668
-0.53131
-0.500336
-0.470818
-0.442772
-0.416175
-0.390976
-0.367102
-0.344467
-0.322976
-0.302532
-0.283032
-0.264376
-0.246465
-0.229202
-0.212491
-0.196243
-0.180369
-0.164784
-0.149406
-0.134155
-0.118955
-0.103728
-0.0884027
-0.0729051
-0.0571636
-0.0411063
-0.0246618
-0.00775797
0.00967811
0.0277204
0.0464442
0.0659267
0.0862468
0.107486
0.129726
0.153053
0.177554
0.203316
0.230426
0.258973
0.289039
0.320702
0.354031
0.38908
0.425885
0.464452
0.50475
0.546696
0.590142
0.634855
0.680495
0.72659
0.772511
0.817441
0.860355
0.899999
0.934894
0.963348
0.983487
0.993389
0.991585
0.976782
0.943257
0.887699
-0.860037
-0.916969
-0.95029
-0.96355
-0.963122
-0.950843
-0.928682
-0.898971
-0.863865
-0.825211
-0.784536
-0.743055
-0.7017
-0.661154
-0.621897
-0.584243
-0.54838
-0.514398
-0.482312
-0.452087
-0.42365
-0.396905
-0.371738
-0.348027
-0.325648
-0.304472
-0.284377
-0.26524
-0.246945
-0.22938
-0.212437
-0.196014
-0.180014
-0.164343
-0.148911
-0.133632
-0.118423
-0.103204
-0.0878958
-0.0724206
-0.0567022
-0.0406643
-0.0242308
-0.00732476
0.0101319
0.0282188
0.0470176
0.0666126
0.0870908
0.108543
0.131062
0.154747
0.179698
0.20602
0.233822
0.263212
0.294302
0.327201
0.362012
0.398832
0.437741
0.478797
0.522026
0.567403
0.614844
0.664172
0.715103
0.767201
0.819851
0.872211
0.923174
0.971331
1.01495
1.05196
1.08001
1.09654
1.09945
1.08676
1.05147
0.989646
-0.959922
-1.02476
-1.06021
-1.07077
-1.06458
-1.04443
-1.01316
-0.973844
-0.929209
-0.881489
-0.83245
-0.783429
-0.735398
-0.689025
-0.644739
-0.602786
-0.563277
-0.526222
-0.491563
-0.459195
-0.428984
-0.400777
-0.374414
-0.349732
-0.32657
-0.304772
-0.284188
-0.264674
-0.246096
-0.228326
-0.211243
-0.194735
-0.178695
-0.163019
-0.147612
-0.132383
-0.117241
-0.102102
-0.0868819
-0.0714998
-0.0558748
-0.0399268
-0.0235755
-0.00673955
0.0106637
0.0287192
0.0475144
0.06714
0.0876911
0.109267
0.131972
0.155916
0.181215
0.207991
0.236373
0.266495
0.298496
0.332518
0.368706
0.407202
0.448139
0.491638
0.537793
0.586657
0.638228
0.692417
0.749024
0.80769
0.867854
0.928689
0.989045
1.04738
1.10169
1.14951
1.18786
1.2134
1.2231
1.21397
1.17717
1.10781
-1.07769
-1.15213
-1.18926
-1.19505
-1.18028
-1.14921
-1.10586
-1.05427
-0.997847
-0.93924
-0.880426
-0.822817
-0.767364
-0.714662
-0.665034
-0.618614
-0.575395
-0.535281
-0.498115
-0.463706
-0.431843
-0.402311
-0.374895
-0.349385
-0.325582
-0.303298
-0.282355
-0.26259
-0.243848
-0.225986
-0.20887
-0.192378
-0.176392
-0.160804
-0.14551
-0.130412
-0.115418
-0.100437
-0.0853825
-0.0701689
-0.0547124
-0.0389294
-0.0227361
-0.00604732
0.0112236
0.0291659
0.0478725
0.0674401
0.0879706
0.109572
0.132357
0.15645
0.18198
0.209085
0.237916
0.268631
0.301399
0.336398
0.373816
0.413845
0.45668
0.502512
0.551518
0.603849
0.659608
0.718828
0.781432
0.847188
0.915645
0.986058
1.0573
1.12773
1.19514
1.25661
1.30844
1.34626
1.3658
1.36252
1.32486
1.24639
-1.21889
-1.30499
-1.3426
-1.34025
-1.31273
-1.26646
-1.20708
-1.13985
-1.06895
-0.997389
-0.927291
-0.860045
-0.796487
-0.737048
-0.681879
-0.630937
-0.584057
-0.540998
-0.501483
-0.465213
-0.431892
-0.401231
-0.372953
-0.346801
-0.322534
-0.299931
-0.278788
-0.258918
-0.240149
-0.222322
-0.205294
-0.188929
-0.173104
-0.157701
-0.142614
-0.127739
-0.112978
-0.0982387
-0.0834306
-0.0684654
-0.0532565
-0.0377177
-0.0217622
-0.00530214
0.0117526
0.0294951
0.0480223
0.0674363
0.087845
0.109363
0.132115
0.156233
0.18186
0.209152
0.238277
0.26942
0.302779
0.33857
0.377023
0.418387
0.462924
0.510903
0.562599
0.618276
0.678174
0.742479
0.811288
0.884557
0.962025
1.04312
1.12683
1.21156
1.29493
1.37361
1.4431
1.49777
1.53162
1.53786
1.50078
1.4113
-1.39168
-1.49173
-1.52722
-1.5112
-1.46464
-1.39719
-1.31661
-1.22961
-1.14108
-1.05431
-0.97141
-0.893571
-0.821371
-0.754961
-0.694222
-0.638867
-0.588519
-0.54276
-0.501163
-0.463308
-0.428801
-0.397271
-0.368379
-0.341816
-0.3173
-0.294577
-0.273416
-0.253608
-0.234966
-0.217318
-0.200508
-0.184393
-0.168842
-0.153732
-0.138952
-0.124394
-0.109958
-0.0955475
-0.0810707
-0.0664373
-0.0515586
-0.0363465
-0.0207124
-0.00456617
0.0121846
0.0296358
0.0478877
0.0670465
0.0872251
0.108545
0.131137
0.155143
0.180719
0.208035
0.237279
0.268658
0.302398
0.338752
0.377997
0.420436
0.466402
0.516251
0.570366
0.629144
0.692984
0.762267
0.837317
0.918351
1.0054
1.09818
1.19598
1.29737
1.40001
1.50029
1.59291
1.67075
1.72559
1.74727
1.71375
1.61121
-1.60862
-1.72459
-1.75248
-1.71366
-1.63869
-1.54178
-1.43335
-1.32157
-1.21192
-1.10766
-1.01058
-0.921424
-0.840314
-0.766965
-0.700873
-0.641431
-0.587996
-0.539937
-0.496654
-0.457596
-0.42226
-0.390194
-0.360992
-0.334295
-0.309781
-0.287165
-0.266192
-0.246635
-0.228291
-0.210977
-0.194528
-0.178793
-0.163637
-0.148933
-0.134564
-0.120423
-0.106406
-0.0924153
-0.0783579
-0.0641424
-0.0496791
-0.034879
-0.0196524
-0.00390814
0.0124475
0.0295122
0.0473885
0.0661853
0.0860191
0.107016
0.129313
0.15306
0.178423
0.205584
0.234748
0.266141
0.300019
0.336666
0.376403
0.419591
0.46663
0.51797
0.574107
0.635585
0.702986
0.776921
0.857998
0.94678
1.0437
1.14895
1.26228
1.38276
1.50836
1.63549
1.75827
1.868
1.95371
2.00053
1.97656
1.85933
-1.88996
-2.02177
-2.03093
-1.95424
-1.8369
-1.69927
-1.55464
-1.41238
-1.27799
-1.15418
-1.04192
-0.941167
-0.851308
-0.771434
-0.700537
-0.637608
-0.581691
-0.531911
-0.487485
-0.447718
-0.412001
-0.3798
-0.350648
-0.324137
-0.299911
-0.277658
-0.257101
-0.238
-0.220138
-0.203324
-0.187386
-0.17217
-0.157535
-0.143353
-0.129506
-0.115884
-0.102383
-0.0889048
-0.0753565
-0.0616466
-0.0476856
-0.0333843
-0.0186532
-0.0034012
0.0124659
0.0290462
0.0464431
0.0647668
0.0841361
0.10468
0.126539
0.149869
0.174843
0.201653
0.230517
0.261679
0.295416
0.332044
0.371921
0.41546
0.46313
0.515468
0.573087
0.636684
0.70704
0.785026
0.871584
0.967704
1.07436
1.19239
1.32233
1.46408
1.61645
1.77644
1.93813
2.09158
2.2228
2.3106
2.3081
2.17692
-2.27046
-2.4108
-2.37876
-2.23942
-2.05934
-1.86609
-1.67534
-1.49659
-1.33423
-1.18947
-1.0618
-0.949891
-0.852065
-0.766601
-0.691864
-0.626377
-0.568837
-0.518114
-0.473237
-0.433373
-0.397812
-0.365946
-0.337254
-0.31129
-0.287669
-0.266056
-0.246162
-0.227734
-0.210549
-0.194409
-0.17914
-0.164584
-0.150601
-0.13706
-0.123845
-0.110845
-0.0979582
-0.0850869
-0.0721383
-0.0590224
-0.0456509
-0.031936
-0.0177892
-0.00312049
0.0121634
0.0281597
0.0449714
0.0627084
0.0814897
0.101445
0.122717
0.145464
0.169863
0.196114
0.224441
0.255102
0.288391
0.324646
0.364259
0.407685
0.455453
0.50818
0.566589
0.631524
0.703971
0.785072
0.876141
0.978664
1.09427
1.22468
1.3715
1.53601
1.71857
1.91775
2.12875
2.3415
2.53953
2.69417
2.73689
2.60029
-2.81302
-2.93345
-2.81494
-2.5728
-2.30118
-2.03383
-1.78629
-1.56574
-1.3735
-1.20782
-1.06579
-0.944228
-0.840074
-0.750612
-0.6735
-0.606758
-0.548734
-0.49805
-0.453565
-0.414327
-0.37954
-0.348539
-0.320765
-0.295741
-0.273065
-0.252389
-0.233417
-0.21589
-0.199583
-0.184296
-0.169856
-0.156106
-0.142906
-0.130128
-0.117656
-0.105383
-0.0932084
-0.081037
-0.0687784
-0.0563448
-0.0436502
-0.0306091
-0.0171355
-0.00314135
0.0114641
0.0267762
0.0428955
0.0599302
0.0779977
0.0972261
0.117757
0.13975
0.16338
0.18885
0.216389
0.24626
0.278767
0.314263
0.353161
0.395947
0.443195
0.495588
0.553939
0.619224
0.692612
0.775511
0.869609
0.976922
1.09983
1.24109
1.40378
1.59108
1.80589
2.04981
2.32128
2.61264
2.90747
3.17067
3.30593
3.19485
-3.63199
-3.65019
-3.35753
-2.95017
-2.54874
-2.18651
-1.87286
-1.60785
-1.38652
-1.20234
-1.0489
-0.920631
-0.812844
-0.721739
-0.644257
-0.577947
-0.520845
-0.471374
-0.428258
-0.390461
-0.357133
-0.327575
-0.301205
-0.277537
-0.256162
-0.23673
-0.218946
-0.202552
-0.187326
-0.173074
-0.159624
-0.146823
-0.134537
-0.122641
-0.111023
-0.0995792
-0.0882133
-0.0768339
-0.0653541
-0.0536895
-0.0417577
-0.0294766
-0.0167636
-0.0035343
0.0102986
0.0248267
0.0401472
0.0563645
0.073592
0.0919543
0.111589
0.132652
0.155316
0.17978
0.20627
0.23505
0.266423
0.300747
0.338444
0.380014
0.426057
0.477293
0.5346
0.599046
0.671947
0.754931
0.850018
0.959728
1.0872
1.23633
1.41189
1.61958
1.86588
2.1574
2.49908
2.89068
3.32211
3.75838
4.07679
4.07836
-4.93382
-4.64053
-4.01633
-3.35551
-2.77786
-2.30071
-1.9161
-1.60898
-1.36366
-1.1666
-1.00702
-0.876561
-0.768888
-0.679183
-0.60378
-0.539867
-0.485269
-0.438285
-0.397575
-0.362064
-0.330891
-0.303351
-0.278867
-0.25696
-0.237228
-0.219333
-0.202987
-0.187943
-0.173989
-0.160936
-0.148623
-0.136904
-0.12565
-0.114743
-0.104078
-0.0935559
-0.0830853
-0.07258
-0.061958
-0.0511396
-0.040047
-0.0286027
-0.0167285
-0.0043449
0.00863073
0.022285
0.0367099
0.0520045
0.0682763
0.085644
0.104239
0.124208
0.145719
0.168962
0.194155
0.221553
0.25145
0.284197
0.320208
0.35998
0.40411
0.453331
0.508537
0.570843
0.641643
0.722701
0.816272
0.925266
1.05347
1.20585
1.38894
1.61129
1.88396
2.22078
2.6378
3.15047
3.76662
4.46677
5.12952
5.46076
-7.17802
-6.0041
-4.75325
-3.73041
-2.93566
-2.3355
-1.88762
-1.55082
-1.29363
-1.09396
-0.936373
-0.810031
-0.707281
-0.622641
-0.552122
-0.492769
-0.442356
-0.399182
-0.361924
-0.329541
-0.301201
-0.276236
-0.254095
-0.234329
-0.216559
-0.20047
-0.185793
-0.172298
-0.159785
-0.148083
-0.137038
-0.126518
-0.116401
-0.106579
-0.0969532
-0.0874328
-0.0779328
-0.0683734
-0.0586782
-0.0487734
-0.0385868
-0.0280464
-0.0170799
-0.00561321
0.0064302
0.0191307
0.0325738
0.0468513
0.0620633
0.0783198
0.095743
0.11447
0.134656
0.156479
0.180142
0.205884
0.233981
0.264762
0.298619
0.336022
0.377543
0.423881
0.475907
0.534709
0.601669
0.678566
0.767724
0.872218
0.996197
1.14534
1.32757
1.55404
1.84066
2.2101
2.69465
3.33685
4.18014
5.2564
6.56565
7.80734
-11.5601
-7.80257
-5.29296
-3.81989
-2.84167
-2.17219
-1.71125
-1.38432
-1.1441
-0.962228
-0.821049
-0.709083
-0.61867
-0.544547
-0.482996
-0.431317
-0.387509
-0.350051
-0.317775
-0.289761
-0.265277
-0.243736
-0.224655
-0.207638
-0.192354
-0.178524
-0.165912
-0.154314
-0.143554
-0.133479
-0.123955
-0.114862
-0.106093
-0.0975506
-0.089147
-0.0808006
-0.0724353
-0.0639794
-0.0553643
-0.0465236
-0.0373922
-0.0279054
-0.0179981
-0.00760378
0.00334652
0.014925
0.0272083
0.0402788
0.054226
0.0691482
0.0851546
0.102367
0.120925
0.140984
0.162727
0.186364
0.212141
0.240348
0.271332
0.305509
0.343385
0.385582
0.432869
0.486218
0.546865
0.616413
0.696974
0.791387
0.903553
1.03897
1.20561
1.41537
1.68652
2.04824
2.54904
3.266
4.30363
5.85007
8.44988
12.3182
-18.9698
-9.55615
-5.06804
-3.24728
-2.28428
-1.70013
-1.32923
-1.07799
-0.896566
-0.759489
-0.652569
-0.56716
-0.497668
-0.440302
-0.39238
-0.351947
-0.317536
-0.288024
-0.262536
-0.240377
-0.220989
-0.203919
-0.188791
-0.175293
-0.163164
-0.152181
-0.142154
-0.132917
-0.124327
-0.116259
-0.1086
-0.101252
-0.094125
-0.0871375
-0.0802151
-0.0732887
-0.0662935
-0.0591685
-0.0518548
-0.0442957
-0.0364354
-0.0282184
-0.0195887
-0.0104894
-0.000861536
0.0093565
0.02023
0.0318287
0.0442283
0.0575116
0.07177
0.0871055
0.103633
0.121481
0.140801
0.161762
0.184566
0.209445
0.236678
0.266595
0.299595
0.336167
0.376908
0.422568
0.474091
0.532693
0.599959
0.678005
0.76972
0.879175
1.01233
1.17831
1.39196
1.67955
2.09193
2.72595
3.7569
5.67364
10.2794
19.8164
)
;

boundaryField
{
    movingWall
    {
        type            zeroGradient;
    }
    fixedWalls
    {
        type            zeroGradient;
    }
    frontAndBack
    {
        type            empty;
    }
}


// ************************************************************************* //
