/*--------------------------------*- C++ -*----------------------------------*\
  =========                 |
  \\      /  F ield         | OpenFOAM: The Open Source CFD Toolbox
   \\    /   O peration     | Website:  https://openfoam.org
    \\  /    A nd           | Version:  7
     \\/     M anipulation  |
\*---------------------------------------------------------------------------*/
FoamFile
{
    version     2.0;
    format      ascii;
    class       volScalarField;
    location    "0.175";
    object      p;
}
// * * * * * * * * * * * * * * * * * * * * * * * * * * * * * * * * * * * * * //

dimensions      [0 2 -2 0 0 0 0];

internalField   nonuniform List<scalar> 
6400
(
-2.33324e-08
1.17763e-05
-0.000495185
-0.00152759
-0.00296909
-0.00470933
-0.00664819
-0.00869622
-0.0107762
-0.0128226
-0.0147807
-0.0166042
-0.0182548
-0.0197009
-0.0209166
-0.0218812
-0.0225788
-0.0229971
-0.0231274
-0.0229646
-0.022506
-0.0217518
-0.0207043
-0.0193682
-0.01775
-0.0158578
-0.0137016
-0.0112926
-0.00864345
-0.00576801
-0.00268128
0.000600701
0.00406094
0.00768158
0.011444
0.0153288
0.019316
0.023385
0.0275147
0.0316837
0.0358701
0.0400519
0.0442069
0.0483128
0.0523473
0.0562885
0.0601146
0.063804
0.0673359
0.07069
0.073847
0.0767884
0.0794968
0.0819561
0.0841517
0.0860707
0.0877018
0.0890359
0.0900659
0.0907872
0.091198
0.091299
0.0910944
0.0905915
0.0898013
0.0887388
0.0874234
0.0858791
0.0841354
0.0822272
0.0801965
0.0780923
0.0759721
0.0739027
0.0719618
0.0702374
0.0688268
0.0678339
0.0673654
0.0674018
-1.14141e-05
1.18954e-06
-0.000452587
-0.00133552
-0.00254849
-0.00401233
-0.00565116
-0.0073928
-0.00917198
-0.0109315
-0.0126218
-0.0142004
-0.0156313
-0.0168843
-0.0179342
-0.0187607
-0.0193477
-0.0196826
-0.0197564
-0.019563
-0.0190991
-0.0183638
-0.0173587
-0.0160874
-0.0145551
-0.0127691
-0.0107381
-0.00847225
-0.00598299
-0.00328299
-0.000386071
0.00269297
0.00593835
0.00933348
0.012861
0.0165027
0.02024
0.0240535
0.0279236
0.0318302
0.0357528
0.0396707
0.0435632
0.0474094
0.0511886
0.0548802
0.0584639
0.0619198
0.0652285
0.0683713
0.0713303
0.0740884
0.0766299
0.07894
0.0810056
0.0828152
0.0843587
0.0856281
0.0866178
0.0873241
0.0877459
0.0878851
0.0877462
0.0873371
0.086669
0.0857569
0.0846199
0.0832812
0.0817688
0.080116
0.0783615
0.0765505
0.0747342
0.0729711
0.0713264
0.0698713
0.0686791
0.0678243
0.0674005
0.067438
0.000494803
0.000456225
2.32054e-06
-0.000813158
-0.00190295
-0.00320379
-0.00465457
-0.00619524
-0.0077703
-0.00932975
-0.0108293
-0.0122305
-0.0134999
-0.0146092
-0.0155347
-0.0162567
-0.0167595
-0.0170306
-0.017061
-0.0168442
-0.0163765
-0.0156565
-0.0146852
-0.0134653
-0.0120015
-0.0103002
-0.00836908
-0.00621755
-0.0038561
-0.00129649
0.00144844
0.00436485
0.00743798
0.0106523
0.0139913
0.0174381
0.020975
0.0245838
0.0282459
0.0319422
0.0356535
0.0393603
0.0430429
0.0466816
0.050257
0.0537496
0.0571403
0.0604104
0.0635417
0.0665166
0.0693186
0.0719316
0.0743411
0.0765334
0.0784965
0.0802197
0.0816942
0.0829128
0.0838705
0.0845644
0.0849942
0.085162
0.0850727
0.0847344
0.0841583
0.0833588
0.0823543
0.081167
0.0798234
0.0783544
0.0767958
0.0751884
0.0735781
0.0720158
0.0705574
0.069262
0.0681888
0.0673981
0.0669751
0.0669713
0.00152726
0.00134165
0.000817948
-7.3555e-07
-0.00104778
-0.00226977
-0.00361494
-0.00503261
-0.00647527
-0.00789938
-0.00926582
-0.0105399
-0.0116913
-0.0126941
-0.013526
-0.0141687
-0.0146071
-0.0148294
-0.0148265
-0.0145922
-0.0141225
-0.013416
-0.012473
-0.0112959
-0.00988886
-0.00825756
-0.00640924
-0.00435244
-0.00209697
0.000346184
0.00296496
0.00574633
0.00867639
0.0117404
0.0149229
0.0182078
0.0215782
0.0250169
0.0285064
0.0320283
0.0355646
0.0390964
0.0426054
0.0460726
0.0494797
0.0528081
0.0560398
0.0591569
0.0621424
0.0649797
0.0676529
0.0701473
0.0724488
0.074545
0.0764244
0.0780773
0.0794954
0.0806722
0.0816033
0.0822862
0.082721
0.08291
0.0828581
0.0825733
0.0820662
0.0813509
0.0804448
0.0793685
0.0781469
0.0768085
0.0753858
0.0739155
0.0724385
0.0709991
0.0696456
0.0684283
0.0673975
0.0666049
0.0661184
0.0659816
0.00297512
0.00256307
0.00191159
0.00104016
-1.42058e-05
-0.00120679
-0.00249372
-0.00383276
-0.00518368
-0.00650912
-0.00777487
-0.00895025
-0.0100082
-0.0109252
-0.0116809
-0.0122584
-0.0126436
-0.0128255
-0.0127955
-0.0125475
-0.0120777
-0.0113844
-0.0104679
-0.00933018
-0.00797497
-0.00640754
-0.00463453
-0.00266391
-0.000504855
0.00183235
0.00433634
0.00699484
0.00979473
0.0127221
0.0157621
0.0188997
0.0221187
0.0254029
0.0287355
0.0320991
0.0354765
0.0388498
0.0422013
0.0455134
0.0487682
0.0519483
0.0550364
0.0580157
0.0608699
0.0635833
0.0661409
0.0685286
0.0707333
0.0727432
0.0745476
0.0761373
0.0775046
0.0786435
0.07955
0.080222
0.0806595
0.0808651
0.0808435
0.0806022
0.0801516
0.0795047
0.0786777
0.0776899
0.0765641
0.0753261
0.0740053
0.0726344
0.0712492
0.0698883
0.0685928
0.0674052
0.0663684
0.0655262
0.0649197
0.0645711
0.00473603
0.00404747
0.00322525
0.00226076
0.00115774
-4.69497e-05
-0.00131605
-0.00261492
-0.00391002
-0.00516962
-0.00636431
-0.0074673
-0.00845474
-0.00930562
-0.0100018
-0.0105278
-0.010871
-0.0110209
-0.0109699
-0.0107121
-0.0102441
-0.00956413
-0.00867244
-0.00757083
-0.00626275
-0.00475307
-0.00304802
-0.00115504
0.000917207
0.00315902
0.00555968
0.00810761
0.0107904
0.0135947
0.0165066
0.0195117
0.0225947
0.02574
0.0289317
0.0321533
0.0353881
0.0386194
0.0418301
0.0450033
0.0481221
0.0511698
0.0541299
0.0569865
0.0597239
0.0623272
0.0647822
0.0670753
0.0691943
0.0711278
0.0728657
0.0743993
0.0757213
0.0768261
0.0777099
0.0783708
0.078809
0.0790266
0.0790283
0.0788211
0.0784145
0.0778208
0.0770547
0.0761342
0.0750796
0.0739143
0.0726645
0.0713591
0.0700291
0.068708
0.0674302
0.0662311
0.0651477
0.0642166
0.0634474
0.0628361
0.00671931
0.00572619
0.0047036
0.00361455
0.00242896
0.00117726
-0.000108862
-0.00140138
-0.00267276
-0.00389637
-0.00504722
-0.00610231
-0.00704089
-0.00784454
-0.00849716
-0.00898511
-0.00929693
-0.0094234
-0.0093574
-0.00909385
-0.00862953
-0.00796297
-0.0070944
-0.00602559
-0.00475982
-0.00330168
-0.00165704
0.000167007
0.00216228
0.00431958
0.00662875
0.00907878
0.0116578
0.0143533
0.0171519
0.0200399
0.0230026
0.0260254
0.0290927
0.032189
0.0352983
0.0384045
0.0414914
0.0445427
0.0475421
0.0504739
0.0533221
0.0560714
0.0587069
0.0612144
0.06358
0.065791
0.0678355
0.0697026
0.0713827
0.0728675
0.0741498
0.0752244
0.0760876
0.0767375
0.0771741
0.0773995
0.0774177
0.0772353
0.076861
0.0763059
0.0755835
0.0747099
0.0737035
0.0725851
0.0713779
0.0701071
0.0687996
0.0674838
0.0661887
0.0649433
0.0637796
0.0627281
0.0617663
0.0608631
0.0088458
0.0075348
0.0062928
0.00505613
0.00376196
0.00243555
0.00110418
-0.000209921
-0.00148453
-0.00269759
-0.0038281
-0.00485668
-0.00576549
-0.00653864
-0.00716214
-0.00762408
-0.00791439
-0.00802502
-0.00794971
-0.00768404
-0.00722523
-0.00657213
-0.00572511
-0.00468601
-0.00345799
-0.00204551
-0.000454201
0.00130917
0.00323679
0.00531988
0.00754879
0.00991297
0.0124011
0.0150013
0.0177006
0.0204861
0.0233437
0.0262592
0.029218
0.032205
0.0352049
0.0382023
0.0411815
0.0441269
0.047023
0.0498544
0.0526059
0.0552628
0.0578106
0.0602356
0.0625246
0.0646651
0.0666458
0.0684562
0.0700868
0.0715296
0.0727777
0.0738259
0.0746706
0.0753097
0.075743
0.0759723
0.0760011
0.0758352
0.0754826
0.074953
0.0742589
0.0734143
0.0724359
0.0713419
0.0701527
0.0688901
0.0675773
0.0662383
0.0648972
0.0635774
0.062307
0.0611117
0.0599377
0.0587282
0.0110487
0.00941587
0.00794341
0.00654297
0.00512085
0.00369825
0.00229913
0.000940702
-0.00035945
-0.00158333
-0.0027136
-0.00373402
-0.00462965
-0.00538694
-0.00599405
-0.0064407
-0.00671829
-0.00681994
-0.00674034
-0.00647578
-0.00602404
-0.00538435
-0.00455733
-0.00354494
-0.00235035
-0.000977941
0.000566811
0.00227737
0.0041462
0.00616491
0.00832423
0.010614
0.0130235
0.0155411
0.0181547
0.0208516
0.0236184
0.0264415
0.0293068
0.0321997
0.0351057
0.0380097
0.0408967
0.0437516
0.0465595
0.0493054
0.0519748
0.0545532
0.0570269
0.0593823
0.0616067
0.0636881
0.0656152
0.067378
0.0689671
0.0703746
0.0715938
0.0726194
0.0734478
0.0740766
0.0745053
0.0747352
0.0747695
0.0746129
0.0742726
0.0737573
0.0730778
0.0722468
0.0712787
0.0701898
0.0689975
0.0677208
0.0663795
0.0649938
0.0635834
0.0621672
0.0607702
0.0594144
0.0580164
0.0564956
0.0132721
0.0113194
0.00961105
0.00803601
0.00647182
0.00493664
0.00345194
0.00203081
0.000686766
-0.00056577
-0.00171275
-0.00274076
-0.0036375
-0.0043917
-0.00499348
-0.00543424
-0.00570683
-0.00580553
-0.00572602
-0.00546534
-0.00502188
-0.00439535
-0.00358668
-0.00259801
-0.00143259
-9.48181e-05
0.00140991
0.00307523
0.00489387
0.00685767
0.00895768
0.0111842
0.0135267
0.0159742
0.0185149
0.0211367
0.0238266
0.0265715
0.0293577
0.0321713
0.0349981
0.0378236
0.0406333
0.0434126
0.0461468
0.0488217
0.0514229
0.0539366
0.0563491
0.0586473
0.0608189
0.0628519
0.0647355
0.0664596
0.0680151
0.0693939
0.0705896
0.0715966
0.072411
0.0730304
0.0734537
0.0736818
0.0737171
0.0735638
0.0732278
0.0727169
0.0720403
0.0712094
0.0702365
0.069136
0.0679228
0.0666133
0.0652242
0.0637725
0.0622741
0.0607443
0.0592058
0.0576779
0.0560496
0.0542185
0.0154694
0.0132021
0.0112561
0.00949971
0.00778341
0.00612334
0.00453925
0.0030407
0.0016378
0.00034184
-0.000835935
-0.00188483
-0.00279485
-0.00355691
-0.00416287
-0.00460584
-0.00488006
-0.00498097
-0.00490521
-0.00465064
-0.00421631
-0.00360242
-0.00281026
-0.00184223
-0.000701758
0.000606736
0.00207787
0.00370536
0.0054821
0.00740017
0.00945086
0.0116247
0.0139117
0.0163011
0.0187815
0.0213411
0.0239675
0.0266479
0.0293691
0.0321176
0.0348796
0.0376411
0.0403879
0.0431058
0.0457806
0.0483984
0.050945
0.053407
0.055771
0.0580242
0.0601543
0.0621497
0.0639996
0.0656938
0.0672234
0.0685803
0.0697579
0.0707504
0.0715537
0.0721649
0.0725826
0.0728071
0.07284
0.0726848
0.0723465
0.0718315
0.071148
0.0703056
0.0693152
0.068189
0.06694
0.0655819
0.0641291
0.0625956
0.0609945
0.0593378
0.0576469
0.0559392
0.0540782
0.051941
0.0176011
0.0150262
0.0128436
0.0109018
0.00902652
0.00723253
0.00553845
0.00395089
0.00247713
0.00112575
-9.45103e-05
-0.00117534
-0.00210884
-0.00288791
-0.00350614
-0.00395817
-0.00423957
-0.00434693
-0.00427787
-0.00403107
-0.00360624
-0.00300412
-0.00222642
-0.00127583
-0.000155986
0.00112857
0.00257243
0.00416936
0.00591236
0.00779366
0.00980475
0.0119365
0.0141789
0.0165218
0.018954
0.0214641
0.02404
0.0266692
0.029339
0.0320363
0.0347474
0.0374589
0.0401568
0.0428272
0.0454565
0.0480306
0.050536
0.0529592
0.0552871
0.057507
0.0596069
0.0615752
0.0634009
0.0650741
0.0665856
0.0679275
0.0690926
0.0700751
0.0708704
0.0714752
0.0718877
0.0721075
0.0721356
0.0719746
0.0716284
0.0711025
0.0704037
0.0695403
0.0685216
0.0673579
0.0660605
0.064641
0.0631114
0.0614836
0.0597681
0.0579745
0.0561232
0.0542309
0.0521369
0.0496995
0.0196342
0.0167592
0.0143421
0.0122131
0.0101743
0.00823994
0.00642788
0.00474234
0.00318818
0.00177176
0.000499508
-0.000622277
-0.00158771
-0.00239135
-0.0030285
-0.00349521
-0.00378831
-0.00390548
-0.00384532
-0.00360733
-0.0031919
-0.00260032
-0.00183474
-0.000898188
0.000205442
0.00147145
0.00289434
0.00446792
0.00618521
0.00803854
0.0100195
0.0121192
0.014328
0.0166358
0.0190317
0.0215045
0.0240426
0.0266337
0.0292654
0.0319247
0.0345987
0.0372737
0.0399364
0.0425731
0.0451701
0.0477139
0.0501909
0.0525879
0.0548919
0.0570904
0.0591711
0.0611225
0.0629338
0.0645949
0.0660964
0.0674301
0.0685887
0.0695659
0.0703568
0.0709577
0.0713662
0.0715811
0.0716028
0.071433
0.0710747
0.0705324
0.0698116
0.0689192
0.0678633
0.0666525
0.0652964
0.0638048
0.062188
0.0604558
0.0586168
0.0566786
0.0546614
0.0525815
0.0502556
0.0475245
0.0215398
0.0183722
0.0157237
0.013407
0.0112021
0.00912277
0.00718681
0.00539647
0.00375452
0.00226537
0.000933536
-0.000236505
-0.00124061
-0.00207497
-0.0027364
-0.00322223
-0.00353051
-0.00365998
-0.00361019
-0.00338143
-0.00297478
-0.00239209
-0.00163597
-0.000709833
0.000382147
0.00163508
0.0030434
0.00460081
0.00630034
0.00813439
0.0100947
0.0121724
0.0143581
0.0166419
0.0190131
0.0214607
0.0239733
0.026539
0.0291456
0.0317803
0.0344302
0.0370823
0.0397231
0.0423393
0.0449174
0.0474438
0.0499053
0.0522886
0.0545807
0.0567692
0.0588418
0.0607869
0.0625936
0.0642514
0.0657511
0.0670839
0.0682421
0.0692194
0.0700101
0.07061
0.0710162
0.0712268
0.0712415
0.0710611
0.0706877
0.0701246
0.0693765
0.0684489
0.0673486
0.0660829
0.0646597
0.0630875
0.061375
0.0595306
0.057561
0.0554724
0.0532852
0.051016
0.04846
0.0454415
0.0232931
0.0198399
0.0169634
0.0144595
0.0120868
0.00985953
0.00779544
0.00589517
0.00415976
0.00259193
0.0011946
-2.94414e-05
-0.00107754
-0.00194745
-0.00263726
-0.00314557
-0.00347156
-0.00361499
-0.0035763
-0.00335657
-0.00295754
-0.00238165
-0.001632
-0.00071238
0.000372735
0.00161824
0.00301841
0.00456687
0.0062566
0.00808001
0.0100289
0.0120946
0.0142677
0.0165383
0.0188962
0.0213305
0.0238299
0.0263827
0.0289768
0.0315997
0.0342388
0.036881
0.0395132
0.0421221
0.0446942
0.0472162
0.0496748
0.0520567
0.054349
0.056539
0.0586146
0.0605639
0.0623758
0.0640396
0.0655458
0.0668852
0.0680498
0.0690327
0.0698279
0.0704305
0.0708369
0.0710447
0.0710527
0.0708608
0.0704704
0.0698837
0.0691043
0.0681366
0.0669863
0.0656593
0.0641625
0.0625029
0.0606881
0.0587251
0.0566195
0.0543761
0.0520161
0.0495565
0.0467725
0.0434721
0.0248721
0.0211397
0.0180384
0.0153482
0.0128072
0.01043
0.00823477
0.00622081
0.0043877
0.00273672
0.00126937
-1.30192e-05
-0.00110919
-0.00201822
-0.00273941
-0.00327255
-0.00361786
-0.00377609
-0.00374852
-0.00353699
-0.00314391
-0.00257229
-0.00182573
-0.000908432
0.000174841
0.00141874
0.00281734
0.00436413
0.00605204
0.00787345
0.0098202
0.0118836
0.0140544
0.0163229
0.0186788
0.0211114
0.0236095
0.0261617
0.028756
0.0313799
0.034021
0.0366664
0.039303
0.0419175
0.0444967
0.047027
0.0494952
0.0518881
0.0541925
0.0563958
0.0584855
0.0604496
0.0622767
0.063956
0.0654773
0.0668313
0.0680094
0.0690042
0.0698091
0.0704188
0.0708287
0.0710359
0.0710384
0.0708353
0.070427
0.0698148
0.0690014
0.0679901
0.0667855
0.0653925
0.0638169
0.0620647
0.0601423
0.0580558
0.0558097
0.0534083
0.0508733
0.0482229
0.0452126
0.0416349
0.026257
0.0222508
0.0189279
0.0160525
0.0133432
0.0108149
0.00848655
0.00635626
0.00442238
0.002685
0.0011443
-0.000199601
-0.00134677
-0.00229738
-0.00305195
-0.00361133
-0.00397674
-0.00414983
-0.0041327
-0.00392794
-0.00353861
-0.00296828
-0.00222106
-0.00130153
-0.000214807
0.00103351
0.00243726
0.00398979
0.00568393
0.00751202
0.00946589
0.0115368
0.0137157
0.0159927
0.0183577
0.0208002
0.0233091
0.0258728
0.0284796
0.0311173
0.0337732
0.0364346
0.0390885
0.0417216
0.0443207
0.0468721
0.0493626
0.0517788
0.0541074
0.0563357
0.0584508
0.0604406
0.0622933
0.0639977
0.0655433
0.0669202
0.0681194
0.0691328
0.0699534
0.070575
0.0709926
0.0712024
0.0712015
0.0709883
0.0705623
0.069924
0.069075
0.0680178
0.066756
0.0652935
0.0636353
0.0617864
0.0597522
0.0575384
0.0551485
0.0525863
0.0498747
0.0470329
0.0437976
0.0399461
0.0274298
0.0231544
0.0196126
0.0165532
0.0136758
0.0109958
0.00853306
0.00628468
0.00424795
0.0024219
0.000805609
-0.000601959
-0.00180197
-0.00279569
-0.00358472
-0.00417089
-0.00455635
-0.00474363
-0.00473561
-0.00453557
-0.00414725
-0.00357478
-0.00282273
-0.0018961
-0.00080033
0.000458649
0.00187446
0.00344029
0.00514882
0.00699234
0.00896261
0.0110509
0.013248
0.0155443
0.0179296
0.0203935
0.0229249
0.0255123
0.0281441
0.0308079
0.0334914
0.0361817
0.0388658
0.0415305
0.0441622
0.0467476
0.049273
0.0517249
0.0540901
0.0563552
0.0585073
0.0605339
0.0624228
0.0641624
0.0657417
0.0671504
0.0683788
0.0694183
0.0702611
0.0709004
0.0713305
0.0715468
0.0715456
0.0713245
0.0708821
0.070218
0.069333
0.0682288
0.0669079
0.0653736
0.06363
0.0616813
0.0595323
0.057188
0.0546517
0.0519265
0.0490369
0.0460031
0.0425435
0.0384204
0.0283735
0.0238326
0.020074
0.0168318
0.0137867
0.0109549
0.00835704
0.00598951
0.00384864
0.0019325
0.000239254
-0.00123321
-0.00248702
-0.00352449
-0.00434819
-0.00496089
-0.00536563
-0.00556572
-0.00556482
-0.00536691
-0.00497634
-0.0043978
-0.00363634
-0.00269736
-0.00158667
-0.000310507
0.0011245
0.00271134
0.00444259
0.00631039
0.0083064
0.0104219
0.0126476
0.0149738
0.0173906
0.0198873
0.022453
0.0250762
0.0277452
0.0304478
0.0331715
0.0359036
0.0386308
0.0413399
0.0440173
0.0466495
0.0492226
0.0517229
0.0541369
0.056451
0.058652
0.0607268
0.0626629
0.0644483
0.0660713
0.0675211
0.0687874
0.0698609
0.0707332
0.0713968
0.0718451
0.0720727
0.0720752
0.0718492
0.0713926
0.0707042
0.0697838
0.0686324
0.0672517
0.0656443
0.0638134
0.0617627
0.0594966
0.0570196
0.0543345
0.0514445
0.0483753
0.0451487
0.0414648
0.0370711
0.0290721
0.0242683
0.0202948
0.0168707
0.0136583
0.0106748
0.00794156
0.00545434
0.00320866
0.00120178
-0.000569039
-0.0021068
-0.00341458
-0.00449566
-0.00535349
-0.00599172
-0.00641421
-0.00662508
-0.0066287
-0.00642975
-0.00603317
-0.00544417
-0.00466827
-0.00371132
-0.00257952
-0.00127938
0.000182199
0.001798
0.00356043
0.00546147
0.00749268
0.00964522
0.0119099
0.0142769
0.0167362
0.0192773
0.0218891
0.0245601
0.0272787
0.0300326
0.0328093
0.0355959
0.0383792
0.0411458
0.0438819
0.0465738
0.0492076
0.0517692
0.0542446
0.0566201
0.058882
0.0610169
0.0630116
0.0648537
0.0665309
0.0680318
0.0693454
0.0704617
0.0713715
0.0720665
0.0725395
0.0727841
0.0727951
0.0725684
0.0721008
0.0713903
0.0704362
0.0692385
0.0677982
0.0661172
0.0641981
0.0620441
0.0596592
0.0570476
0.054212
0.0511554
0.0479051
0.0444844
0.0405753
0.0359107
0.02951
0.0244451
0.0202579
0.0166527
0.0132735
0.0101384
0.00726981
0.00466283
0.00231221
0.000214532
-0.00163379
-0.00323655
-0.00459777
-0.00572158
-0.00661227
-0.00727432
-0.0077124
-0.00793138
-0.00793635
-0.00773262
-0.00732571
-0.00672139
-0.00592562
-0.00494472
-0.00378524
-0.00245404
-0.000958244
0.000694682
0.00249694
0.00444033
0.00651632
0.00871598
0.01103
0.0134487
0.0159617
0.0185587
0.0212283
0.0239594
0.0267399
0.0295577
0.0324001
0.0352542
0.0381066
0.0409438
0.0437518
0.0465167
0.0492242
0.05186
0.0544099
0.0568595
0.0591949
0.061402
0.0634673
0.0653776
0.0671201
0.0686825
0.0700534
0.0712219
0.072178
0.0729126
0.0734176
0.0736858
0.0737111
0.0734885
0.0730141
0.0722851
0.0712998
0.0700576
0.0685587
0.0668045
0.064797
0.062539
0.0600342
0.0572866
0.0542988
0.0510739
0.0476407
0.0440243
0.0398886
0.0349513
0.0296721
0.024347
0.0199467
0.0161608
0.0126151
0.00932882
0.00632506
0.00359856
0.00114336
-0.00104467
-0.00296983
-0.00463671
-0.00605019
-0.00721518
-0.00813679
-0.00882031
-0.00927117
-0.00949498
-0.00949753
-0.00928473
-0.00886268
-0.00823766
-0.00741618
-0.00640494
-0.00521088
-0.00384118
-0.00230325
-0.00060481
0.00124612
0.00324118
0.00537169
0.00762863
0.0100026
0.0124838
0.0150618
0.0177262
0.0204657
0.0232689
0.0261238
0.0290181
0.0319391
0.0348737
0.0378084
0.0407295
0.0436227
0.046474
0.0492686
0.0519921
0.0546296
0.0571665
0.0595882
0.0618803
0.0640286
0.0660192
0.0678386
0.0694739
0.0709128
0.0721436
0.0731556
0.0739387
0.0744839
0.0747832
0.0748295
0.074617
0.0741409
0.0733976
0.0723846
0.0711005
0.069545
0.0677187
0.0656234
0.0632613
0.060636
0.0577514
0.05461
0.051215
0.047597
0.0437828
0.0394179
0.0342051
0.0295432
0.0239578
0.0193446
0.0153782
0.0116663
0.00822902
0.00509053
0.00224502
-0.000314066
-0.00259152
-0.00459234
-0.00632193
-0.00778586
-0.00898986
-0.00993985
-0.0106419
-0.0111021
-0.0113269
-0.0113226
-0.0110959
-0.0106534
-0.0100019
-0.00914834
-0.00809997
-0.00686406
-0.00544809
-0.00385982
-0.00210721
-0.000198533
0.0018577
0.00405266
0.0063772
0.00882178
0.0113765
0.0140309
0.0167744
0.0195957
0.0224833
0.0254251
0.0284088
0.0314214
0.0344496
0.03748
0.0404983
0.0434904
0.0464416
0.0493371
0.0521618
0.0549006
0.0575383
0.0600599
0.0624502
0.0646944
0.0667779
0.0686866
0.0704067
0.0719251
0.0732292
0.0743075
0.0751488
0.0757434
0.0760821
0.0761571
0.0759616
0.0754898
0.0747375
0.0737012
0.0723788
0.0707694
0.0688731
0.0666911
0.0642255
0.0614795
0.0584571
0.0551607
0.0515937
0.0477887
0.043774
0.0391766
0.0336843
0.0291078
0.0232615
0.0184349
0.0142879
0.0104099
0.00682189
0.00354919
0.000585435
-0.00207653
-0.00444212
-0.006517
-0.00830731
-0.00981935
-0.0110596
-0.0120348
-0.0127518
-0.0132174
-0.0134387
-0.0134227
-0.0131767
-0.0127078
-0.0120235
-0.0111312
-0.0100384
-0.00875297
-0.00728264
-0.0056355
-0.00381981
-0.00184403
0.000283117
0.00255266
0.00495528
0.00748132
0.0101207
0.012863
0.0156974
0.0186127
0.0215971
0.0246385
0.0277243
0.0308416
0.0339769
0.0371163
0.0402457
0.0433504
0.0464155
0.0494258
0.0523658
0.0552199
0.0579724
0.0606076
0.0631098
0.0654635
0.0676534
0.0696644
0.071482
0.0730922
0.0744815
0.0756373
0.0765476
0.0772016
0.0775892
0.0777015
0.0775307
0.0770704
0.0763152
0.0752608
0.0739046
0.0722449
0.0702813
0.0680145
0.0654463
0.0625799
0.0594191
0.0559665
0.0522256
0.0482309
0.0440127
0.0391787
0.0334014
0.0283504
0.0222417
0.0172008
0.0128728
0.00882852
0.00509005
0.0016837
-0.00139736
-0.00416093
-0.00661299
-0.0087599
-0.0106085
-0.0121657
-0.013439
-0.0144357
-0.0151635
-0.0156298
-0.0158425
-0.0158093
-0.015538
-0.0150364
-0.0143125
-0.0133742
-0.0122294
-0.0108863
-0.00935318
-0.00763832
-0.0057503
-0.0036978
-0.00148974
0.000864724
0.00335611
0.00597461
0.00871003
0.0115519
0.0144892
0.0175106
0.0206043
0.023758
0.0269591
0.0301943
0.0334501
0.0367124
0.0399667
0.0431981
0.0463913
0.0495307
0.0526003
0.0555842
0.058466
0.0612293
0.0638579
0.0663353
0.0686455
0.0707726
0.0727012
0.0744163
0.0759035
0.0771491
0.0781401
0.0788645
0.0793113
0.0794706
0.0793335
0.0788927
0.0781417
0.0770756
0.0756909
0.0739852
0.0719577
0.0696085
0.0669394
0.063953
0.0606535
0.0570435
0.0531266
0.0489394
0.0445139
0.0394385
0.0333696
0.0272548
0.0208815
0.015625
0.0111152
0.00690443
0.00301568
-0.000523683
-0.00372097
-0.00658461
-0.00912115
-0.0113376
-0.0132415
-0.0148406
-0.0161431
-0.0171571
-0.0178908
-0.0183527
-0.0185512
-0.0184947
-0.0181916
-0.0176504
-0.0168796
-0.0158874
-0.0146825
-0.0132733
-0.0116685
-0.00987676
-0.00790683
-0.00576768
-0.00346844
-0.00101848
0.00157255
0.00429469
0.00713765
0.0100908
0.0131431
0.016283
0.0194987
0.0227777
0.0261072
0.0294739
0.0328639
0.0362629
0.0396563
0.0430287
0.0463645
0.0496477
0.0528619
0.0559904
0.0590164
0.0619229
0.0646927
0.0673088
0.0697541
0.072012
0.0740659
0.0759
0.0774987
0.0788473
0.0799316
0.0807386
0.0812561
0.0814731
0.0813797
0.0809673
0.0802287
0.0791582
0.0777512
0.0760048
0.0739175
0.0714891
0.0687209
0.0656156
0.0621773
0.0584086
0.0543136
0.0499306
0.0452937
0.0399712
0.0336031
0.0258044
0.0191636
0.0136896
0.0089971
0.00461938
0.00058044
-0.00309125
-0.00640354
-0.00936545
-0.0119842
-0.0142673
-0.0162231
-0.0178603
-0.0191875
-0.0202138
-0.0209483
-0.0213999
-0.021578
-0.0214915
-0.0211496
-0.0205613
-0.0197356
-0.0186815
-0.0174079
-0.0159237
-0.0142379
-0.0123596
-0.0102979
-0.00806185
-0.0056609
-0.00310463
-0.000402851
0.00243435
0.00539654
0.00847299
0.0116525
0.0149236
0.018274
0.0216914
0.0251627
0.0286744
0.0322125
0.0357625
0.0393094
0.0428374
0.0463307
0.0497728
0.0531467
0.0564353
0.0596211
0.0626863
0.065613
0.0683833
0.0709793
0.0733834
0.075578
0.077546
0.0792709
0.0807367
0.0819282
0.0828309
0.0834317
0.0837182
0.0836795
0.0833058
0.082589
0.0815222
0.0801001
0.0783191
0.0761769
0.0736729
0.0708082
0.0675853
0.0640083
0.0600798
0.0558043
0.0512221
0.0463691
0.0407931
0.0341171
0.0239818
0.0170701
0.0113764
0.00649979
0.00195451
-0.00223458
-0.00603789
-0.00946378
-0.0125219
-0.0152201
-0.0175667
-0.0195706
-0.0212414
-0.0225885
-0.0236217
-0.0243509
-0.0247859
-0.0249366
-0.0248129
-0.0244246
-0.0237811
-0.0228922
-0.0217673
-0.0204159
-0.0188473
-0.0170709
-0.0150961
-0.0129322
-0.0105888
-0.00807529
-0.00540162
-0.00257773
0.000386146
0.00347948
0.0066914
0.0100106
0.0134254
0.0169236
0.0204926
0.0241193
0.0277899
0.0314903
0.0352056
0.0389206
0.0426193
0.0462853
0.0499017
0.0534511
0.0569156
0.0602772
0.0635173
0.0666173
0.0695582
0.0723213
0.0748879
0.0772393
0.0793573
0.0812242
0.0828226
0.0841361
0.085149
0.0858468
0.0862159
0.0862441
0.0859205
0.0852358
0.084182
0.082753
0.0809442
0.0787528
0.0761777
0.0732196
0.0698809
0.0661655
0.0620763
0.0576177
0.0528325
0.0477584
0.0419217
0.0349279
0.021769
0.0145823
0.00866611
0.00360383
-0.00110984
-0.00544904
-0.00938318
-0.0129211
-0.0160732
-0.0188478
-0.0212542
-0.023302
-0.0250014
-0.0263629
-0.0273969
-0.0281143
-0.0285256
-0.0286416
-0.0284727
-0.0280295
-0.0273223
-0.0263611
-0.0251562
-0.0237174
-0.0220545
-0.0201773
-0.0180955
-0.0158189
-0.013357
-0.0107199
-0.0079175
-0.00495989
-0.00185747
0.0013791
0.00473883
0.00821032
0.0117818
0.0154409
0.019175
0.0229707
0.0268143
0.0306912
0.0345866
0.0384846
0.0423692
0.0462235
0.0500301
0.0537711
0.057428
0.0609821
0.064414
0.0677041
0.0708329
0.0737804
0.0765267
0.0790521
0.0813372
0.0833627
0.0851103
0.086562
0.0877007
0.0885106
0.0889766
0.0890852
0.0888242
0.0881831
0.0871528
0.0857261
0.0838975
0.0816636
0.0790226
0.0759748
0.0725223
0.0686692
0.0644183
0.0597743
0.0547819
0.0494811
0.0433758
0.0360535
0.019147
0.0116805
0.00553872
0.000288942
-0.00459405
-0.00908342
-0.0131475
-0.0167957
-0.0200392
-0.022887
-0.025349
-0.0274358
-0.0291584
-0.0305281
-0.0315563
-0.0322546
-0.0326345
-0.0327075
-0.032485
-0.031978
-0.0311976
-0.0301546
-0.0288597
-0.0273233
-0.0255557
-0.023567
-0.0213674
-0.0189669
-0.0163755
-0.0136033
-0.0106604
-0.00755717
-0.00430412
-0.000911999
0.00260807
0.00624461
0.00998572
0.0138191
0.0177318
0.0217106
0.0257413
0.0298093
0.0338995
0.0379959
0.042082
0.0461404
0.0501535
0.0541027
0.057969
0.0617328
0.065374
0.0688722
0.0722067
0.0753566
0.0783009
0.0810186
0.0834888
0.0856912
0.0876056
0.0892129
0.0904944
0.0914327
0.0920113
0.0922152
0.0920308
0.0914461
0.0904509
0.0890368
0.0871975
0.0849286
0.0822277
0.0790945
0.0755311
0.0715413
0.0671278
0.0622957
0.057092
0.0515585
0.0451761
0.0375132
0.0160958
0.00834427
0.00197328
-0.00346611
-0.00851949
-0.0131591
-0.0173522
-0.0211088
-0.0244408
-0.0273581
-0.0298712
-0.0319916
-0.0337312
-0.0351024
-0.0361173
-0.0367886
-0.0371287
-0.0371498
-0.0368642
-0.0362837
-0.0354202
-0.034285
-0.0328896
-0.0312448
-0.0293615
-0.0272502
-0.0249214
-0.0223855
-0.0196528
-0.0167337
-0.0136384
-0.0103774
-0.00696137
-0.00340119
0.000291939
0.00410648
0.00803047
0.0120515
0.0161567
0.0203325
0.0245647
0.0288386
0.0331388
0.037449
0.0417524
0.0460313
0.0502676
0.0544421
0.0585351
0.0625264
0.0663952
0.07012
0.0736791
0.0770505
0.080212
0.0831412
0.0858159
0.0882143
0.0903147
0.0920963
0.0935389
0.0946234
0.0953317
0.0956471
0.0955546
0.0950406
0.0940935
0.0927038
0.0908639
0.0885686
0.0858147
0.0826013
0.0789302
0.074805
0.0702284
0.0652057
0.0597861
0.0540136
0.0473446
0.0393283
0.0125944
0.0045519
-0.00205223
-0.00768359
-0.0129086
-0.0176986
-0.0220197
-0.0258826
-0.0293
-0.0322824
-0.0348415
-0.0369895
-0.0387395
-0.0401046
-0.0410982
-0.0417337
-0.0420246
-0.0419841
-0.0416252
-0.0409608
-0.0400033
-0.038765
-0.0372578
-0.0354931
-0.0334824
-0.0312368
-0.028767
-0.0260838
-0.0231978
-0.0201195
-0.0168594
-0.0134282
-0.00983665
-0.00609569
-0.00221658
0.00178909
0.00590934
0.0101317
0.0144432
0.0188302
0.0232785
0.0277732
0.0322986
0.0368384
0.0413752
0.0458913
0.0503678
0.0547851
0.0591229
0.0633603
0.0674754
0.0714461
0.0752495
0.0788624
0.0822613
0.0854225
0.0883222
0.0909371
0.093244
0.0952201
0.0968436
0.0980936
0.0989502
0.0993951
0.0994112
0.0989836
0.0980992
0.0967468
0.0949178
0.0926058
0.0898068
0.0865192
0.0827443
0.0784855
0.0737456
0.0685298
0.0628896
0.0568712
0.0499057
0.041522
0.00862082
0.000280668
-0.00656105
-0.012387
-0.0177851
-0.0227255
-0.0271735
-0.0311403
-0.0346395
-0.0376825
-0.0402818
-0.0424509
-0.0442036
-0.0455544
-0.0465176
-0.0471078
-0.0473393
-0.0472265
-0.0467834
-0.0460237
-0.0449606
-0.0436073
-0.0419761
-0.0400795
-0.0379292
-0.0355368
-0.0329135
-0.0300706
-0.0270187
-0.0237687
-0.0203312
-0.0167171
-0.0129371
-0.0090024
-0.0049242
-0.000714105
0.00361589
0.00805331
0.0125851
0.0171977
0.0218768
0.0266073
0.0313735
0.0361587
0.0409455
0.0457155
0.0504497
0.0551278
0.0597289
0.0642314
0.0686125
0.0728491
0.0769174
0.0807927
0.0844503
0.0878651
0.0910117
0.093865
0.0964001
0.0985925
0.100418
0.101855
0.10288
0.103474
0.103617
0.103293
0.102488
0.101187
0.0993819
0.0970642
0.0942291
0.0908742
0.0870001
0.0826102
0.0777069
0.0722955
0.0664298
0.0601584
0.0528858
0.0441196
0.00415158
-0.0044935
-0.0115777
-0.0176013
-0.0231739
-0.028265
-0.0328384
-0.0369064
-0.0404834
-0.0435818
-0.0462151
-0.0483978
-0.050145
-0.0514722
-0.0523951
-0.0529292
-0.0530903
-0.0528936
-0.0523542
-0.0514868
-0.0503057
-0.0488245
-0.0470566
-0.045015
-0.0427121
-0.0401599
-0.0373703
-0.0343545
-0.0311237
-0.0276889
-0.024061
-0.0202509
-0.0162695
-0.0121278
-0.00783725
-0.00340929
0.00114407
0.00581038
0.0105766
0.0154292
0.0203538
0.0253353
0.0303579
0.0354047
0.040458
0.0454993
0.0505089
0.0554662
0.0603496
0.0651368
0.0698042
0.0743276
0.0786821
0.0828418
0.0867806
0.0904717
0.0938883
0.0970033
0.0997901
0.102222
0.104273
0.105919
0.107135
0.107899
0.10819
0.107989
0.10728
0.106047
0.10428
0.101969
0.0991083
0.095694
0.0917265
0.0872084
0.0821421
0.0765327
0.0704367
0.0639047
0.0563136
0.047149
-0.000838096
-0.00979617
-0.0171284
-0.0233527
-0.0291016
-0.0343433
-0.0390408
-0.043207
-0.0468573
-0.0500052
-0.0526653
-0.0548534
-0.0565858
-0.0578792
-0.0587507
-0.0592172
-0.0592954
-0.0590021
-0.0583534
-0.0573649
-0.056052
-0.0544292
-0.0525109
-0.0503105
-0.0478412
-0.0451155
-0.0421457
-0.0389435
-0.0355202
-0.0318873
-0.0280556
-0.0240361
-0.0198399
-0.0154779
-0.0109615
-0.00630209
-0.00151166
0.00339744
0.00841229
0.0135193
0.0187043
0.023952
0.0292467
0.0345713
0.0399081
0.045238
0.0505411
0.0557963
0.0609816
0.0660736
0.0710482
0.0758801
0.080543
0.0850101
0.0892536
0.0932452
0.0969562
0.100358
0.103421
0.106118
0.108419
0.110299
0.111729
0.112687
0.113148
0.113091
0.112498
0.111352
0.109639
0.107348
0.104473
0.101009
0.0969544
0.092312
0.0870834
0.0812741
0.0749427
0.0681423
0.0602207
0.0506405
-0.00637445
-0.0156545
-0.0232406
-0.0296693
-0.0355962
-0.0409887
-0.0458085
-0.0500694
-0.053788
-0.0569788
-0.0596578
-0.061842
-0.0635492
-0.0647975
-0.0656053
-0.0659912
-0.0659732
-0.0655692
-0.0647967
-0.0636726
-0.0622131
-0.060434
-0.0583503
-0.0559764
-0.053326
-0.0504123
-0.0472479
-0.043845
-0.0402153
-0.0363702
-0.0323209
-0.0280784
-0.0236537
-0.0190578
-0.014302
-0.00939749
-0.00435621
0.000809637
0.00608727
0.0114633
0.0169234
0.0224527
0.0280353
0.0336541
0.0392911
0.0449272
0.0505422
0.0561145
0.0616214
0.0670391
0.0723424
0.0775051
0.0824998
0.0872982
0.0918711
0.0961886
0.10022
0.103935
0.107301
0.110289
0.112868
0.115008
0.116679
0.117856
0.118511
0.118621
0.118166
0.117126
0.115485
0.113231
0.110355
0.106851
0.102718
0.0979553
0.092566
0.0865549
0.0799831
0.0729062
0.0646414
0.0546273
-0.0124854
-0.0220972
-0.029944
-0.0365809
-0.0426879
-0.0482311
-0.0531711
-0.0575228
-0.061304
-0.0645304
-0.0672192
-0.0693891
-0.0710594
-0.0722499
-0.0729806
-0.0732714
-0.0731422
-0.0726121
-0.0717001
-0.0704244
-0.0688024
-0.0668509
-0.0645859
-0.0620226
-0.0591755
-0.0560584
-0.0526843
-0.0490658
-0.0452149
-0.0411432
-0.0368621
-0.0323825
-0.0277155
-0.0228719
-0.0178629
-0.0126996
-0.00739364
-0.0019571
0.00359749
0.00925689
0.0150071
0.0208332
0.0267194
0.0326487
0.038603
0.0445631
0.0505085
0.0564172
0.0622661
0.0680306
0.0736848
0.0792014
0.0845519
0.0897066
0.0946348
0.0993048
0.103684
0.10774
0.111438
0.114746
0.117631
0.120059
0.122
0.123423
0.1243
0.124603
0.12431
0.123398
0.12185
0.11965
0.116788
0.113257
0.109052
0.104176
0.0986281
0.0924137
0.0855966
0.0782347
0.0696134
0.059146
-0.0192008
-0.0291553
-0.03727
-0.0441195
-0.0504087
-0.0561024
-0.0611604
-0.0655984
-0.0694356
-0.072689
-0.0753776
-0.0775215
-0.0791418
-0.0802603
-0.0808986
-0.0810785
-0.0808214
-0.0801482
-0.0790794
-0.0776346
-0.0758326
-0.0736914
-0.0712279
-0.0684583
-0.0653978
-0.0620608
-0.0584609
-0.0546112
-0.0505238
-0.0462107
-0.041683
-0.0369521
-0.0320286
-0.0269233
-0.0216473
-0.0162114
-0.010627
-0.0049058
0.000939843
0.00689703
0.012952
0.0190901
0.0252956
0.0315516
0.0378403
0.0441422
0.0504365
0.0567013
0.0629127
0.0690456
0.0750733
0.0809676
0.0866989
0.0922359
0.0975465
0.102597
0.107353
0.111779
0.11584
0.119499
0.122721
0.125469
0.12771
0.12941
0.130537
0.131061
0.130956
0.130198
0.128764
0.126639
0.123808
0.120263
0.115998
0.111015
0.105311
0.0988926
0.0918254
0.0841698
0.0751778
0.0642363
-0.0265521
-0.0368616
-0.0452524
-0.0523193
-0.0587929
-0.064637
-0.0698101
-0.0743293
-0.0782149
-0.0814858
-0.0841624
-0.0862671
-0.0878229
-0.0888533
-0.0893822
-0.0894333
-0.0890299
-0.0881949
-0.0869503
-0.0853173
-0.0833163
-0.0809664
-0.0782857
-0.0752915
-0.0719997
-0.0684254
-0.0645829
-0.0604855
-0.0561457
-0.0515755
-0.0467863
-0.0417892
-0.0365948
-0.0312138
-0.0256568
-0.0199345
-0.0140579
-0.00803831
-0.00188765
0.00438152
0.0107558
0.0172208
0.0237611
0.0303601
0.037
0.0436614
0.0503235
0.0569639
0.0635586
0.0700819
0.0765063
0.0828027
0.0889403
0.0948867
0.100608
0.106068
0.111231
0.11606
0.120515
0.124558
0.12815
0.131252
0.133826
0.135836
0.137245
0.138022
0.138135
0.137557
0.136263
0.134234
0.131454
0.127911
0.123599
0.118516
0.112661
0.106038
0.0987154
0.0907573
0.0813796
0.0699419
-0.0345734
-0.0452516
-0.0539277
-0.0612173
-0.0678777
-0.0738718
-0.0791567
-0.0837508
-0.0876763
-0.0909536
-0.0936053
-0.0956558
-0.0971303
-0.0980547
-0.0984551
-0.0983575
-0.0977873
-0.0967695
-0.095328
-0.0934858
-0.0912649
-0.0886857
-0.0857677
-0.0825291
-0.0789869
-0.0751569
-0.0710538
-0.0666913
-0.0620824
-0.0572391
-0.0521728
-0.0468944
-0.0414146
-0.0357436
-0.0298917
-0.0238693
-0.0176868
-0.011355
-0.00488559
0.00170953
0.00841737
0.015224
0.0221144
0.0290723
0.0360801
0.0431186
0.050167
0.0572028
0.0642017
0.0711376
0.0779822
0.0847057
0.0912761
0.0976595
0.10382
0.109721
0.115324
0.120588
0.125471
0.129933
0.133931
0.137423
0.140367
0.142722
0.14445
0.145513
0.145876
0.145509
0.144384
0.142476
0.139769
0.136246
0.1319
0.126728
0.120726
0.113899
0.106317
0.0980472
0.0882682
0.0763108
-0.0433013
-0.0543635
-0.0633352
-0.0708532
-0.0777031
-0.0838464
-0.0892392
-0.0939013
-0.0978566
-0.101128
-0.10374
-0.105719
-0.107093
-0.107891
-0.108141
-0.107873
-0.107113
-0.105889
-0.104227
-0.102153
-0.099689
-0.0968581
-0.0936808
-0.0901767
-0.0863635
-0.0822579
-0.0778752
-0.0732295
-0.068334
-0.0632008
-0.0578414
-0.0522664
-0.0464863
-0.040511
-0.0343503
-0.0280139
-0.021512
-0.0148548
-0.00805305
-0.00111836
0.00593697
0.0130996
0.020355
0.0276874
0.0350795
0.0425124
0.0499655
0.0574163
0.0648403
0.0722111
0.0794998
0.0866758
0.093706
0.100555
0.107186
0.11356
0.119635
0.125369
0.130718
0.135637
0.140079
0.144
0.147352
0.150092
0.152177
0.153563
0.154213
0.154091
0.153165
0.151408
0.148798
0.145316
0.140953
0.135703
0.129561
0.122531
0.114686
0.106095
0.0958976
0.0833952
-0.052775
-0.0642385
-0.0735173
-0.0812702
-0.0883123
-0.0946039
-0.1001
-0.104822
-0.108795
-0.112046
-0.1146
-0.116488
-0.117741
-0.11839
-0.118466
-0.118001
-0.117026
-0.11557
-0.113662
-0.11133
-0.108598
-0.105491
-0.10203
-0.0982377
-0.0941315
-0.0897292
-0.0850468
-0.0800987
-0.0748983
-0.0694579
-0.0637888
-0.0579016
-0.0518062
-0.0455121
-0.0390286
-0.0323649
-0.0255303
-0.0185344
-0.0113873
-0.00409987
0.0033164
0.0108488
0.0184836
0.0262056
0.033998
0.0418423
0.0497182
0.0576034
0.0654733
0.0733013
0.0810582
0.0887124
0.09623
0.103575
0.110707
0.117587
0.12417
0.130411
0.136264
0.141679
0.146607
0.150998
0.154802
0.15797
0.160453
0.162205
0.163181
0.163342
0.162651
0.161076
0.158591
0.155175
0.150813
0.145499
0.139225
0.131994
0.123881
0.11496
0.104327
0.0912525
-0.0630371
-0.0749216
-0.0845203
-0.0925153
-0.0997527
-0.106191
-0.111785
-0.116556
-0.120535
-0.123748
-0.126225
-0.128
-0.129106
-0.129579
-0.129454
-0.128764
-0.127545
-0.125828
-0.123646
-0.121027
-0.117999
-0.114589
-0.11082
-0.106714
-0.102291
-0.0975691
-0.0925655
-0.0872948
-0.0817706
-0.076005
-0.0700093
-0.0637938
-0.0573679
-0.0507406
-0.0439205
-0.0369161
-0.0297359
-0.0223887
-0.0148838
-0.00723086
0.000559239
0.00847478
0.0165028
0.0246288
0.0328368
0.041109
0.0494253
0.0577639
0.0661003
0.0744077
0.0826567
0.0908152
0.0988483
0.106718
0.114385
0.121805
0.128933
0.135721
0.142117
0.148072
0.153529
0.158437
0.162738
0.16638
0.169308
0.17147
0.172817
0.173303
0.172887
0.17153
0.169202
0.165878
0.161541
0.156178
0.149783
0.142354
0.133971
0.124709
0.113622
0.099946
-0.0741339
-0.0864616
-0.096395
-0.10464
-0.112076
-0.118659
-0.124344
-0.129154
-0.133121
-0.136277
-0.138654
-0.14029
-0.141222
-0.141489
-0.141131
-0.140185
-0.138689
-0.136679
-0.13419
-0.131253
-0.127899
-0.124156
-0.12005
-0.115603
-0.110838
-0.105773
-0.100426
-0.0948113
-0.0889432
-0.0828339
-0.0764942
-0.0699341
-0.0631624
-0.0561875
-0.0490173
-0.0416592
-0.0341209
-0.0264102
-0.0185353
-0.010505
-0.00232892
0.00598224
0.0144165
0.0229603
0.0315987
0.0403143
0.0490881
0.0578985
0.0667215
0.0755303
0.0842953
0.0929841
0.101561
0.109987
0.118221
0.126218
0.133929
0.141303
0.148287
0.154826
0.160861
0.166332
0.171181
0.175348
0.178771
0.181394
0.183161
0.18402
0.183921
0.182824
0.18069
0.17749
0.173202
0.16781
0.161305
0.153683
0.145028
0.135415
0.123854
0.109545
-0.0861157
-0.0989124
-0.109197
-0.117701
-0.125338
-0.132064
-0.137831
-0.142666
-0.146604
-0.14968
-0.15193
-0.153397
-0.154123
-0.15415
-0.153523
-0.152285
-0.150476
-0.148137
-0.145305
-0.142015
-0.138302
-0.134194
-0.129719
-0.124903
-0.119768
-0.114334
-0.108619
-0.102638
-0.0964052
-0.0899329
-0.0832315
-0.0763103
-0.0691776
-0.0618408
-0.054307
-0.0465827
-0.0386744
-0.0305887
-0.0223326
-0.0139137
-0.00534025
0.00337814
0.0122307
0.0212053
0.0302876
0.0394616
0.0487091
0.058009
0.0673381
0.0766697
0.0859745
0.0952196
0.104369
0.113383
0.122218
0.130828
0.139161
0.147165
0.154782
0.161953
0.168615
0.174704
0.180154
0.1849
0.188875
0.192014
0.194255
0.195538
0.195809
0.195016
0.193118
0.190077
0.185868
0.18047
0.17387
0.166062
0.157131
0.147158
0.135101
0.120125
-0.0990382
-0.112333
-0.122988
-0.131761
-0.139603
-0.146468
-0.152307
-0.157151
-0.161037
-0.164006
-0.166099
-0.167362
-0.167844
-0.167593
-0.166658
-0.165085
-0.162922
-0.160213
-0.156998
-0.153318
-0.149207
-0.144699
-0.139823
-0.134605
-0.129071
-0.12324
-0.117132
-0.110761
-0.104142
-0.097287
-0.0902056
-0.0829066
-0.0753976
-0.067685
-0.0597748
-0.0516722
-0.0433826
-0.0349111
-0.0262634
-0.0174455
-0.00846451
0.000671668
0.00995366
0.0193705
0.0289095
0.0385557
0.048292
0.0580983
0.0679521
0.0778274
0.0876951
0.0975223
0.107273
0.116905
0.126376
0.135637
0.144634
0.153312
0.16161
0.169464
0.176807
0.183569
0.189679
0.195065
0.199652
0.203368
0.206144
0.20791
0.208605
0.20817
0.206554
0.203714
0.199618
0.194241
0.187563
0.179578
0.170372
0.160027
0.147452
0.131772
-0.112962
-0.126789
-0.137836
-0.146889
-0.154939
-0.161939
-0.167837
-0.17267
-0.17648
-0.17931
-0.181209
-0.18223
-0.182425
-0.18185
-0.18056
-0.178607
-0.176043
-0.172918
-0.169277
-0.165162
-0.160613
-0.155665
-0.150351
-0.144699
-0.138733
-0.132477
-0.125948
-0.119163
-0.112135
-0.104877
-0.0973969
-0.0897035
-0.0818031
-0.073701
-0.0654019
-0.0569097
-0.0482283
-0.0393612
-0.0303124
-0.0210866
-0.0116888
-0.00212553
0.00759559
0.0174652
0.0274722
0.0376031
0.0478421
0.0581705
0.0685667
0.0790055
0.0894585
0.099893
0.110272
0.120556
0.130697
0.140648
0.150351
0.159749
0.168778
0.177369
0.18545
0.192946
0.199779
0.20587
0.211136
0.215497
0.218874
0.221189
0.222371
0.222352
0.221073
0.218482
0.214539
0.209213
0.20248
0.194328
0.184847
0.174121
0.161003
0.144577
-0.127957
-0.142354
-0.153818
-0.163163
-0.171424
-0.178552
-0.184495
-0.189294
-0.192996
-0.195651
-0.197314
-0.198045
-0.197904
-0.196954
-0.195256
-0.19287
-0.189853
-0.18626
-0.182143
-0.177546
-0.172514
-0.167085
-0.161293
-0.155168
-0.148737
-0.142023
-0.135046
-0.12782
-0.120361
-0.112678
-0.104782
-0.0966771
-0.0883705
-0.0798657
-0.071166
-0.0622737
-0.0531909
-0.0439194
-0.0344615
-0.0248197
-0.0149975
-0.00499924
0.00516926
0.0155006
0.0259854
0.0366119
0.0473662
0.0582309
0.0691858
0.080207
0.0912667
0.102333
0.113369
0.124334
0.135182
0.145861
0.156315
0.166481
0.176293
0.185677
0.194557
0.202852
0.210477
0.217343
0.223362
0.228442
0.232495
0.235433
0.237173
0.237638
0.236757
0.234469
0.230726
0.225488
0.218725
0.21042
0.200666
0.189549
0.17586
0.158644
-0.144097
-0.15911
-0.171018
-0.18067
-0.189144
-0.196392
-0.202362
-0.207099
-0.210656
-0.213092
-0.214469
-0.214856
-0.214322
-0.212937
-0.210771
-0.207891
-0.204363
-0.200245
-0.195595
-0.190464
-0.184899
-0.178942
-0.172628
-0.165992
-0.15906
-0.151855
-0.144399
-0.136707
-0.128792
-0.120664
-0.112331
-0.103799
-0.0950718
-0.0861519
-0.0770406
-0.0677386
-0.058246
-0.0485628
-0.0386889
-0.0286249
-0.018372
-0.00793257
0.00268986
0.01349
0.0244606
0.0355922
0.0468724
0.058286
0.0698145
0.0814353
0.0931219
0.104843
0.116564
0.128242
0.139831
0.151278
0.162526
0.17351
0.184159
0.194397
0.204142
0.213305
0.221794
0.229514
0.236365
0.242247
0.247059
0.250702
0.25308
0.254105
0.253693
0.251772
0.248282
0.243176
0.236415
0.227975
0.217951
0.206432
0.192145
0.174088
-0.161468
-0.177149
-0.189534
-0.199508
-0.208198
-0.215555
-0.221528
-0.226168
-0.229538
-0.231703
-0.232736
-0.232715
-0.231721
-0.229833
-0.22713
-0.223688
-0.21958
-0.214873
-0.20963
-0.203906
-0.197753
-0.191216
-0.184335
-0.177144
-0.169671
-0.161942
-0.153976
-0.145789
-0.137393
-0.128799
-0.120011
-0.111036
-0.101874
-0.0925277
-0.0829951
-0.0732751
-0.0633657
-0.0532646
-0.0429696
-0.0324788
-0.0217909
-0.0109059
0.000175058
0.0114492
0.0229118
0.0345555
0.0463705
0.0583437
0.0704586
0.0826946
0.0950268
0.107425
0.119856
0.132277
0.144642
0.156898
0.168986
0.180838
0.192382
0.203536
0.214213
0.224318
0.233752
0.24241
0.250182
0.256956
0.262619
0.267059
0.270167
0.271838
0.271977
0.270496
0.267324
0.262401
0.255678
0.247126
0.236839
0.224907
0.20999
0.191036
-0.180167
-0.196577
-0.209477
-0.219788
-0.228695
-0.236147
-0.242095
-0.246597
-0.249726
-0.251558
-0.252178
-0.251677
-0.250145
-0.247674
-0.244355
-0.240274
-0.235511
-0.230141
-0.224235
-0.217854
-0.211053
-0.203882
-0.196383
-0.188591
-0.180537
-0.172246
-0.163737
-0.155027
-0.146126
-0.137044
-0.127784
-0.11835
-0.108741
-0.0989568
-0.0889942
-0.0788494
-0.0685178
-0.0579947
-0.0472752
-0.0363548
-0.0252297
-0.0138969
-0.00235496
0.00939618
0.0213544
0.0335153
0.0458716
0.0584129
0.0711249
0.0839896
0.096984
0.11008
0.123245
0.136438
0.149613
0.162718
0.175691
0.188465
0.200962
0.213097
0.224779
0.235906
0.246371
0.256057
0.264847
0.272614
0.279231
0.284573
0.288513
0.290931
0.291713
0.290758
0.287977
0.283298
0.27666
0.268023
0.257482
0.245128
0.229545
0.209632
-0.200305
-0.217514
-0.230971
-0.241638
-0.250761
-0.25829
-0.264178
-0.268491
-0.271315
-0.272741
-0.272867
-0.271796
-0.269637
-0.266493
-0.262467
-0.257657
-0.252153
-0.24604
-0.239395
-0.232285
-0.224771
-0.216906
-0.208734
-0.200293
-0.191615
-0.182723
-0.173639
-0.164377
-0.154946
-0.145354
-0.135604
-0.125696
-0.115629
-0.105398
-0.0949987
-0.0844238
-0.0736665
-0.0627191
-0.0515739
-0.0402235
-0.028661
-0.0168806
-0.00487764
0.00735095
0.0198062
0.0324866
0.0453881
0.0585032
0.0718207
0.0853251
0.0989961
0.112808
0.12673
0.140722
0.154742
0.168734
0.182639
0.196386
0.209897
0.223083
0.235846
0.248079
0.259666
0.270481
0.280394
0.289265
0.296953
0.303313
0.308202
0.31148
0.313015
0.312685
0.310383
0.30602
0.299521
0.290835
0.280051
0.267266
0.250979
0.230036
-0.222008
-0.240099
-0.254162
-0.265204
-0.274541
-0.282122
-0.287904
-0.291966
-0.29441
-0.295341
-0.294875
-0.293134
-0.290241
-0.286318
-0.281481
-0.275841
-0.269501
-0.262554
-0.255085
-0.247169
-0.23887
-0.230246
-0.221344
-0.212202
-0.202854
-0.193323
-0.183629
-0.173785
-0.1638
-0.153678
-0.143422
-0.133027
-0.122491
-0.111806
-0.100964
-0.0899565
-0.078772
-0.0674003
-0.0558305
-0.0440521
-0.0320548
-0.0198295
-0.00736819
0.00533555
0.0182862
0.0314857
0.0449335
0.0586254
0.0725536
0.086706
0.101065
0.115609
0.130308
0.145126
0.16002
0.174939
0.189821
0.204595
0.219182
0.233489
0.247414
0.260843
0.273651
0.285704
0.296856
0.306955
0.315841
0.323352
0.329323
0.333592
0.336005
0.336415
0.334696
0.330737
0.324443
0.315749
0.304743
0.291517
0.274484
0.252429
-0.245423
-0.264493
-0.279218
-0.290656
-0.300199
-0.3078
-0.31342
-0.317155
-0.319124
-0.319454
-0.318282
-0.31575
-0.312002
-0.307178
-0.301411
-0.294827
-0.287541
-0.279659
-0.271272
-0.262464
-0.253304
-0.243851
-0.234157
-0.224261
-0.214195
-0.203985
-0.193646
-0.183192
-0.172629
-0.161959
-0.15118
-0.140288
-0.129274
-0.11813
-0.106843
-0.0954014
-0.0837909
-0.0719975
-0.060007
-0.0478052
-0.0353784
-0.0227139
-0.0097999
0.00337363
0.016815
0.03053
0.0445218
0.0587903
0.0733314
0.0881368
0.103193
0.118481
0.133975
0.149642
0.165441
0.181322
0.197226
0.213081
0.228807
0.244308
0.259479
0.274199
0.288335
0.301742
0.314261
0.325724
0.335953
0.344763
0.351968
0.357379
0.360815
0.362103
0.361089
0.357637
0.351629
0.342983
0.331777
0.318104
0.300277
0.277018
-0.270721
-0.290882
-0.306335
-0.318189
-0.327927
-0.335505
-0.340892
-0.344206
-0.345587
-0.345188
-0.343172
-0.339707
-0.33496
-0.329093
-0.32226
-0.314602
-0.30625
-0.297319
-0.287913
-0.278119
-0.268014
-0.25766
-0.247109
-0.236403
-0.225572
-0.214641
-0.203624
-0.192532
-0.181368
-0.170132
-0.158818
-0.147418
-0.135922
-0.124315
-0.112583
-0.100709
-0.0886765
-0.0764669
-0.0640624
-0.051445
-0.0385972
-0.0255022
-0.0121445
0.00149009
0.015414
0.0296374
0.0441675
0.0590087
0.0741612
0.089621
0.105379
0.121421
0.137724
0.15426
0.170991
0.18787
0.204839
0.221828
0.238756
0.255528
0.272031
0.288142
0.30372
0.318607
0.332632
0.34561
0.357343
0.367622
0.376233
0.38296
0.387589
0.389916
0.389752
0.386933
0.381311
0.372778
0.361407
0.347281
0.328607
0.304038
-0.2981
-0.319488
-0.335742
-0.348034
-0.357947
-0.365446
-0.370511
-0.373284
-0.373938
-0.372657
-0.369634
-0.365068
-0.359154
-0.352082
-0.344026
-0.335147
-0.325592
-0.315489
-0.304951
-0.294071
-0.282932
-0.271599
-0.260125
-0.24855
-0.236906
-0.225213
-0.213486
-0.201729
-0.189945
-0.178127
-0.166267
-0.154354
-0.142371
-0.130302
-0.118128
-0.105827
-0.0933792
-0.0807621
-0.0679537
-0.0549318
-0.0416748
-0.0281618
-0.0143729
-0.000289441
0.0141053
0.0288261
0.0438849
0.0592909
0.0750492
0.091161
0.107622
0.124422
0.141546
0.158967
0.176654
0.194562
0.212637
0.230813
0.249007
0.267124
0.285052
0.302659
0.319799
0.336303
0.351987
0.366647
0.380063
0.392001
0.402217
0.410461
0.416482
0.420037
0.420899
0.418864
0.413749
0.405416
0.393921
0.379343
0.359762
0.333757
-0.327798
-0.350571
-0.367711
-0.38046
-0.390519
-0.397863
-0.402491
-0.404578
-0.404334
-0.401982
-0.397756
-0.391891
-0.384617
-0.376151
-0.366694
-0.35643
-0.345521
-0.334109
-0.322315
-0.310242
-0.297975
-0.285582
-0.273115
-0.260615
-0.248109
-0.235616
-0.223147
-0.210702
-0.198278
-0.185867
-0.173455
-0.161024
-0.148556
-0.136028
-0.123418
-0.110699
-0.0978471
-0.084835
-0.0716363
-0.0582247
-0.0445741
-0.0306591
-0.0164552
-0.00193923
0.0129105
0.0281137
0.0436874
0.059646
0.0760002
0.0927566
0.109917
0.127477
0.145426
0.163745
0.182407
0.201373
0.220593
0.240004
0.259527
0.279067
0.298511
0.317725
0.336555
0.354824
0.372332
0.388857
0.404158
0.417971
0.430019
0.440012
0.447658
0.452667
0.454764
0.453698
0.449241
0.441215
0.429656
0.414629
0.394074
0.366489
-0.360097
-0.384442
-0.402566
-0.415787
-0.425948
-0.433037
-0.43708
-0.438297
-0.436945
-0.433297
-0.427634
-0.420235
-0.411372
-0.401295
-0.390236
-0.378401
-0.36597
-0.353098
-0.339918
-0.326538
-0.313045
-0.299508
-0.285979
-0.272495
-0.259082
-0.245752
-0.232513
-0.219359
-0.206283
-0.19327
-0.180302
-0.167355
-0.154407
-0.141428
-0.128392
-0.115269
-0.102027
-0.0886359
-0.0750647
-0.0612822
-0.0472575
-0.0329607
-0.0183623
-0.00343418
0.0118504
0.0275165
0.0435866
0.060081
0.0770162
0.0944052
0.112256
0.130571
0.149347
0.168571
0.188222
0.20827
0.228669
0.249362
0.270274
0.291314
0.312368
0.333303
0.353957
0.374147
0.393659
0.412254
0.429663
0.445596
0.459735
0.471748
0.481293
0.488025
0.49161
0.49174
0.488128
0.480546
0.469
0.453536
0.431933
0.402597
-0.395333
-0.421474
-0.440692
-0.454395
-0.464591
-0.471294
-0.474564
-0.474679
-0.471959
-0.466738
-0.459356
-0.450148
-0.439431
-0.427495
-0.414604
-0.40099
-0.386852
-0.37236
-0.357654
-0.342845
-0.328025
-0.31326
-0.2986
-0.284078
-0.269713
-0.255515
-0.241482
-0.227604
-0.213867
-0.200249
-0.186726
-0.17327
-0.15985
-0.146434
-0.132988
-0.119476
-0.105864
-0.0921151
-0.0781935
-0.0640631
-0.0496884
-0.0350342
-0.0200661
-0.00475078
0.010944
0.0270486
0.0435919
0.0606
0.0780961
0.0961
0.114627
0.133687
0.153284
0.173414
0.194064
0.21521
0.236817
0.258834
0.281193
0.303807
0.326566
0.349337
0.371957
0.394234
0.415945
0.436831
0.4566
0.474927
0.491456
0.505804
0.517571
0.526347
0.531728
0.533332
0.5308
0.523838
0.51241
0.496532
0.473797
0.442508
-0.433915
-0.462121
-0.482558
-0.496741
-0.506876
-0.513014
-0.515267
-0.513988
-0.509578
-0.502448
-0.493011
-0.481667
-0.468786
-0.454706
-0.439726
-0.424104
-0.408058
-0.391772
-0.37539
-0.35903
-0.34278
-0.326705
-0.310847
-0.295236
-0.279882
-0.264788
-0.249943
-0.235332
-0.22093
-0.206711
-0.192642
-0.178688
-0.164812
-0.150976
-0.13714
-0.123263
-0.109305
-0.0952236
-0.0809784
-0.0665279
-0.0518316
-0.0368491
-0.0215408
-0.00586795
0.0102073
0.0267214
0.0437092
0.0612035
0.0792346
0.0978297
0.117012
0.1368
0.157206
0.178235
0.199885
0.222142
0.24498
0.268356
0.292214
0.316472
0.341029
0.365753
0.390484
0.415025
0.439143
0.462563
0.48497
0.506003
0.525263
0.542312
0.556682
0.567887
0.575438
0.578861
0.577706
0.571591
0.560422
0.54417
0.52021
0.486726
-0.476344
-0.506935
-0.528732
-0.543375
-0.553309
-0.558643
-0.559563
-0.556519
-0.550018
-0.540569
-0.528673
-0.514807
-0.499406
-0.482858
-0.465499
-0.447617
-0.429447
-0.411182
-0.392973
-0.374936
-0.357155
-0.339689
-0.322574
-0.305829
-0.289455
-0.273445
-0.257779
-0.242432
-0.227372
-0.212561
-0.19796
-0.183526
-0.169217
-0.154985
-0.140786
-0.126572
-0.112297
-0.0979144
-0.0833773
-0.0686394
-0.0536549
-0.0383781
-0.022764
-0.00676817
0.00965289
0.0265418
0.04394
0.0618872
0.0804212
0.099577
0.119387
0.139878
0.161073
0.182989
0.205632
0.229002
0.253083
0.277848
0.303248
0.329216
0.355659
0.382454
0.409443
0.43643
0.463177
0.489395
0.514746
0.538835
0.561217
0.581392
0.598817
0.612915
0.623094
0.628766
0.629364
0.624392
0.613673
0.597115
0.571826
0.535857
-0.523234
-0.5566
-0.579913
-0.594963
-0.604497
-0.608706
-0.607877
-0.602598
-0.593507
-0.581237
-0.566398
-0.549558
-0.531224
-0.511841
-0.491784
-0.471366
-0.450841
-0.430406
-0.410215
-0.390377
-0.37097
-0.352042
-0.333617
-0.315702
-0.298287
-0.281352
-0.264865
-0.24879
-0.233084
-0.2177
-0.202591
-0.187705
-0.17299
-0.158394
-0.143864
-0.129348
-0.114791
-0.100143
-0.0853517
-0.0703643
-0.05513
-0.0395979
-0.0237174
-0.00743857
0.00928823
0.0265119
0.0442804
0.0626409
0.081639
0.101318
0.12172
0.142882
0.164838
0.187616
0.211236
0.235711
0.26104
0.28721
0.314189
0.341923
0.370334
0.39931
0.428705
0.458326
0.487935
0.517234
0.545865
0.573403
0.599352
0.623148
0.644162
0.661712
0.675081
0.68354
0.686372
0.682932
0.672925
0.656164
0.629438
0.590632
-0.575352
-0.611966
-0.636964
-0.652324
-0.661168
-0.663813
-0.660694
-0.652577
-0.640273
-0.62457
-0.60621
-0.585866
-0.564128
-0.541497
-0.518391
-0.495145
-0.472023
-0.449225
-0.426898
-0.405143
-0.384023
-0.363571
-0.343797
-0.324689
-0.306224
-0.288366
-0.27107
-0.254285
-0.237958
-0.222032
-0.206446
-0.191143
-0.17606
-0.161138
-0.146317
-0.131539
-0.116743
-0.101872
-0.086868
-0.0716743
-0.056234
-0.0404908
-0.0243888
-0.00787203
0.00911488
0.0266272
0.04472
0.0634477
0.0828641
0.103022
0.123972
0.145763
0.168442
0.192048
0.216618
0.242178
0.268746
0.296326
0.324905
0.35445
0.384899
0.416161
0.448103
0.480547
0.513259
0.54594
0.578217
0.609638
0.63966
0.66765
0.692886
0.714562
0.731814
0.743739
0.749425
0.74803
0.739096
0.722296
0.694015
0.651944
-0.633665
-0.674106
-0.700967
-0.71646
-0.724198
-0.724683
-0.718559
-0.706832
-0.690537
-0.670655
-0.648085
-0.623621
-0.597941
-0.571608
-0.545073
-0.51869
-0.492725
-0.467373
-0.442767
-0.41899
-0.396085
-0.374065
-0.352917
-0.332611
-0.313103
-0.29434
-0.27626
-0.258799
-0.241888
-0.225458
-0.20944
-0.193762
-0.178358
-0.163157
-0.148093
-0.133099
-0.118112
-0.103066
-0.0878987
-0.0725475
-0.0569504
-0.0410458
-0.0247722
-0.00806833
0.0091274
0.0268766
0.0452411
0.064283
0.0840645
0.104648
0.126094
0.148463
0.171814
0.196203
0.221682
0.248294
0.276077
0.305056
0.335242
0.366624
0.399168
0.432805
0.467427
0.502877
0.538935
0.57531
0.611626
0.647408
0.682073
0.714919
0.745122
0.771741
0.793731
0.809979
0.819324
0.82066
0.8133
0.796711
0.766764
0.720902
-0.699408
-0.744389
-0.773285
-0.788617
-0.794646
-0.792152
-0.782077
-0.765749
-0.744492
-0.719523
-0.691927
-0.662632
-0.63241
-0.601876
-0.571511
-0.541674
-0.512625
-0.48454
-0.457528
-0.431644
-0.406903
-0.383291
-0.360767
-0.339277
-0.318753
-0.299121
-0.2803
-0.26221
-0.244766
-0.227886
-0.211489
-0.195493
-0.179821
-0.164397
-0.149144
-0.133991
-0.118867
-0.103701
-0.0884242
-0.07297
-0.0572706
-0.0412596
-0.02487
-0.0080351
0.00931239
0.0272404
0.0458176
0.0651138
0.0851994
0.106146
0.128026
0.150911
0.174875
0.199988
0.226319
0.253933
0.28289
0.313238
0.345016
0.378243
0.412914
0.448996
0.486413
0.525039
0.564681
0.605069
0.645836
0.686499
0.726443
0.764902
0.80095
0.833492
0.86128
0.882939
0.896993
0.901985
0.896904
0.880912
0.849202
0.798899
-0.77418
-0.824585
-0.85566
-0.870347
-0.873789
-0.867186
-0.851904
-0.829701
-0.80227
-0.771117
-0.737536
-0.702602
-0.667171
-0.631906
-0.597297
-0.563697
-0.531337
-0.500363
-0.470843
-0.442797
-0.4162
-0.391
-0.367126
-0.344491
-0.323001
-0.302556
-0.283057
-0.264402
-0.246491
-0.229228
-0.212519
-0.196271
-0.180397
-0.164813
-0.149435
-0.134185
-0.118985
-0.103759
-0.0884336
-0.0729363
-0.0571948
-0.0411376
-0.0246929
-0.00778877
0.00964768
0.0276904
0.0464148
0.0658979
0.0862188
0.107458
0.1297
0.153028
0.17753
0.203293
0.230405
0.258953
0.28902
0.320684
0.354014
0.389065
0.425871
0.46444
0.504739
0.546686
0.590133
0.634847
0.680488
0.726584
0.772506
0.817437
0.860352
0.899998
0.934894
0.963349
0.98349
0.993394
0.991591
0.976791
0.943268
0.887712
-0.86009
-0.91702
-0.950339
-0.963597
-0.963167
-0.950887
-0.928724
-0.89901
-0.863903
-0.825247
-0.78457
-0.743088
-0.701731
-0.661184
-0.621925
-0.58427
-0.548406
-0.514422
-0.482336
-0.45211
-0.423673
-0.396928
-0.371761
-0.34805
-0.325671
-0.304496
-0.284401
-0.265265
-0.24697
-0.229405
-0.212463
-0.196041
-0.180041
-0.16437
-0.148939
-0.133661
-0.118453
-0.103234
-0.0879259
-0.072451
-0.0567327
-0.0406949
-0.0242613
-0.00735503
0.0101019
0.0281892
0.0469885
0.066584
0.087063
0.108516
0.131036
0.154722
0.179674
0.205998
0.233801
0.263192
0.294283
0.327183
0.361996
0.398817
0.437727
0.478785
0.522014
0.567393
0.614834
0.664164
0.715096
0.767195
0.819846
0.872207
0.923172
0.97133
1.01495
1.05196
1.08001
1.09654
1.09945
1.08677
1.05148
0.989659
-0.959974
-1.0248
-1.06026
-1.07082
-1.06462
-1.04448
-1.0132
-0.973882
-0.929245
-0.881524
-0.832483
-0.78346
-0.735428
-0.689053
-0.644765
-0.602812
-0.563301
-0.526245
-0.491585
-0.459217
-0.429005
-0.400799
-0.374436
-0.349754
-0.326592
-0.304794
-0.28421
-0.264697
-0.24612
-0.22835
-0.211269
-0.194761
-0.178721
-0.163046
-0.14764
-0.132411
-0.117269
-0.102131
-0.0869113
-0.0715295
-0.0559047
-0.0399568
-0.0236054
-0.00676933
0.0106342
0.0286899
0.0474855
0.0671117
0.0876634
0.10924
0.131946
0.155891
0.181191
0.207969
0.236352
0.266475
0.298477
0.3325
0.36869
0.407187
0.448125
0.491626
0.537781
0.586647
0.638218
0.692409
0.749017
0.807684
0.867849
0.928685
0.989042
1.04737
1.10169
1.14951
1.18786
1.2134
1.2231
1.21398
1.17718
1.10782
-1.07774
-1.15218
-1.1893
-1.19509
-1.18032
-1.14926
-1.1059
-1.0543
-0.997882
-0.939273
-0.880457
-0.822847
-0.767392
-0.714688
-0.665059
-0.618638
-0.575418
-0.535303
-0.498136
-0.463726
-0.431864
-0.402332
-0.374915
-0.349405
-0.325603
-0.303319
-0.282377
-0.262612
-0.24387
-0.226009
-0.208894
-0.192403
-0.176417
-0.16083
-0.145536
-0.130439
-0.115446
-0.100465
-0.0854111
-0.0701979
-0.0547417
-0.0389588
-0.0227655
-0.00607666
0.0111944
0.0291369
0.0478438
0.0674118
0.0879428
0.109545
0.132331
0.156425
0.181956
0.209063
0.237895
0.268611
0.30138
0.33638
0.373799
0.413829
0.456666
0.502499
0.551506
0.603838
0.659599
0.71882
0.781425
0.847181
0.915639
0.986054
1.05729
1.12773
1.19514
1.25661
1.30845
1.34627
1.3658
1.36253
1.32487
1.2464
-1.21893
-1.30503
-1.34265
-1.3403
-1.31277
-1.2665
-1.20711
-1.13989
-1.06898
-0.99742
-0.927321
-0.860073
-0.796513
-0.737073
-0.681902
-0.630959
-0.584077
-0.541018
-0.501502
-0.465232
-0.431911
-0.40125
-0.372972
-0.34682
-0.322554
-0.299951
-0.278809
-0.258939
-0.24017
-0.222345
-0.205317
-0.188953
-0.173128
-0.157726
-0.14264
-0.127765
-0.113005
-0.0982663
-0.0834586
-0.0684938
-0.0532853
-0.0377466
-0.0217912
-0.00533112
0.0117237
0.0294662
0.0479937
0.067408
0.0878172
0.109336
0.132089
0.156207
0.181835
0.209128
0.238255
0.269399
0.30276
0.338551
0.377006
0.418371
0.462909
0.510889
0.562586
0.618265
0.678164
0.74247
0.81128
0.88455
0.962019
1.04312
1.12683
1.21156
1.29492
1.37361
1.4431
1.49777
1.53163
1.53786
1.50079
1.41132
-1.39173
-1.49177
-1.52726
-1.51124
-1.46468
-1.39722
-1.31665
-1.22964
-1.14111
-1.05434
-0.971439
-0.893597
-0.821395
-0.754984
-0.694243
-0.638887
-0.588538
-0.542778
-0.50118
-0.463326
-0.428818
-0.397289
-0.368397
-0.341834
-0.317319
-0.294595
-0.273435
-0.253628
-0.234987
-0.217339
-0.20053
-0.184416
-0.168865
-0.153757
-0.138977
-0.124419
-0.109984
-0.0955743
-0.0810981
-0.0664651
-0.0515868
-0.0363749
-0.020741
-0.00459486
0.0121558
0.029607
0.0478591
0.0670181
0.0871971
0.108517
0.13111
0.155117
0.180694
0.208011
0.237257
0.268636
0.302378
0.338733
0.377979
0.42042
0.466386
0.516237
0.570353
0.629132
0.692973
0.762257
0.837308
0.918343
1.00539
1.09818
1.19597
1.29737
1.40001
1.50029
1.59291
1.67075
1.72559
1.74728
1.71376
1.61122
-1.60866
-1.72464
-1.75252
-1.7137
-1.63872
-1.54182
-1.43338
-1.32161
-1.21195
-1.10769
-1.0106
-0.921449
-0.840338
-0.766987
-0.700893
-0.641449
-0.588013
-0.539953
-0.49667
-0.457612
-0.422276
-0.39021
-0.361008
-0.334311
-0.309798
-0.287182
-0.266209
-0.246653
-0.22831
-0.210997
-0.194548
-0.178815
-0.163659
-0.148956
-0.134588
-0.120448
-0.106431
-0.0924415
-0.0783847
-0.0641696
-0.0497067
-0.0349069
-0.0196806
-0.00393659
0.0124189
0.0294835
0.0473598
0.0661566
0.0859908
0.106988
0.129286
0.153034
0.178397
0.205559
0.234724
0.266118
0.299997
0.336646
0.376384
0.419573
0.466613
0.517955
0.574093
0.635572
0.702974
0.77691
0.857989
0.946771
1.04369
1.14894
1.26228
1.38276
1.50836
1.63549
1.75827
1.868
1.95371
2.00053
1.97656
1.85934
-1.89
-2.02181
-2.03097
-1.95428
-1.83694
-1.6993
-1.55467
-1.41241
-1.27802
-1.15421
-1.04194
-0.941191
-0.85133
-0.771454
-0.700556
-0.637626
-0.581707
-0.531926
-0.4875
-0.447733
-0.412016
-0.379815
-0.350663
-0.324152
-0.299927
-0.277674
-0.257118
-0.238017
-0.220156
-0.203342
-0.187406
-0.17219
-0.157557
-0.143376
-0.129529
-0.115908
-0.102407
-0.0889302
-0.0753827
-0.0616734
-0.0477127
-0.0334119
-0.0186812
-0.00342946
0.0124374
0.0290174
0.0464142
0.064738
0.0841074
0.104651
0.126511
0.149842
0.174817
0.201628
0.230493
0.261656
0.295394
0.332022
0.371901
0.415441
0.463112
0.515451
0.573072
0.636669
0.707027
0.785014
0.871574
0.967695
1.07435
1.19238
1.32232
1.46408
1.61645
1.77644
1.93813
2.09158
2.22281
2.3106
2.30811
2.17693
-2.2705
-2.41084
-2.3788
-2.23946
-2.05937
-1.86613
-1.67537
-1.49662
-1.33426
-1.1895
-1.06183
-0.949913
-0.852086
-0.76662
-0.691882
-0.626393
-0.568852
-0.518129
-0.47325
-0.433386
-0.397825
-0.365959
-0.337267
-0.311304
-0.287683
-0.26607
-0.246177
-0.22775
-0.210565
-0.194426
-0.179158
-0.164603
-0.150621
-0.137081
-0.123867
-0.110868
-0.0979821
-0.0851116
-0.0721637
-0.0590485
-0.0456776
-0.0319632
-0.0178169
-0.0031486
0.0121349
0.0281308
0.0449422
0.0626791
0.0814605
0.101416
0.122689
0.145436
0.169836
0.196087
0.224415
0.255077
0.288367
0.324623
0.364238
0.407665
0.455433
0.508162
0.566572
0.631509
0.703957
0.785059
0.87613
0.978653
1.09426
1.22467
1.3715
1.53601
1.71857
1.91774
2.12875
2.3415
2.53953
2.69417
2.7369
2.6003
-2.81306
-2.93349
-2.81498
-2.57283
-2.30122
-2.03386
-1.78632
-1.56577
-1.37353
-1.20784
-1.06582
-0.944249
-0.840094
-0.75063
-0.673516
-0.606773
-0.548747
-0.498063
-0.453577
-0.414338
-0.379551
-0.348551
-0.320776
-0.295753
-0.273077
-0.252402
-0.233431
-0.215904
-0.199597
-0.184312
-0.169873
-0.156124
-0.142925
-0.130148
-0.117677
-0.105405
-0.0932315
-0.081061
-0.0688032
-0.0563703
-0.0436764
-0.030636
-0.0171629
-0.00316936
0.0114356
0.0267471
0.042866
0.0599006
0.0779679
0.0971965
0.117728
0.139721
0.163352
0.188823
0.216363
0.246234
0.278742
0.314239
0.353138
0.395925
0.443174
0.495568
0.553921
0.619207
0.692596
0.775496
0.869596
0.976911
1.09982
1.24108
1.40377
1.59108
1.80588
2.0498
2.32128
2.61264
2.90747
3.17067
3.30593
3.19485
-3.63203
-3.65023
-3.35757
-2.95021
-2.54878
-2.18655
-1.87289
-1.60788
-1.38655
-1.20236
-1.04893
-0.92065
-0.812862
-0.721755
-0.644272
-0.57796
-0.520857
-0.471385
-0.428269
-0.390471
-0.357143
-0.327584
-0.301215
-0.277547
-0.256172
-0.236742
-0.218958
-0.202565
-0.187339
-0.173088
-0.159639
-0.14684
-0.134554
-0.12266
-0.111043
-0.0996003
-0.0882355
-0.0768572
-0.0653783
-0.0537146
-0.0417836
-0.0295033
-0.016791
-0.00356236
0.0102699
0.0247974
0.0401173
0.0563342
0.0735615
0.0919238
0.111559
0.132622
0.155287
0.179751
0.206242
0.235022
0.266396
0.300722
0.338419
0.37999
0.426034
0.477271
0.534579
0.599027
0.67193
0.754915
0.850003
0.959714
1.08719
1.23632
1.41188
1.61957
1.86587
2.15739
2.49908
2.89067
3.32211
3.75838
4.07679
4.07836
-4.93386
-4.64056
-4.01637
-3.35554
-2.77789
-2.30074
-1.91613
-1.60901
-1.36368
-1.16663
-1.00704
-0.87658
-0.768905
-0.679198
-0.603793
-0.539878
-0.485279
-0.438295
-0.397583
-0.362072
-0.330899
-0.303359
-0.278875
-0.256968
-0.237237
-0.219342
-0.202997
-0.187954
-0.174
-0.160949
-0.148637
-0.136919
-0.125666
-0.114761
-0.104097
-0.093576
-0.0831066
-0.0726026
-0.0619816
-0.0511643
-0.0400726
-0.0286292
-0.0167559
-0.00437314
0.00860168
0.0222552
0.0366794
0.0519735
0.068245
0.0856125
0.104207
0.124177
0.145689
0.168932
0.194126
0.221524
0.251422
0.28417
0.320182
0.359954
0.404086
0.453307
0.508515
0.570822
0.641623
0.722683
0.816255
0.925251
1.05346
1.20584
1.38893
1.61128
1.88395
2.22078
2.6378
3.15047
3.76661
4.46676
5.12952
5.46076
-7.17806
-6.00414
-4.75328
-3.73044
-2.93569
-2.33553
-1.88765
-1.55085
-1.29366
-1.09399
-0.936393
-0.810048
-0.707295
-0.622654
-0.552133
-0.492778
-0.442364
-0.399189
-0.36193
-0.329547
-0.301207
-0.276241
-0.254101
-0.234335
-0.216566
-0.200478
-0.185802
-0.172307
-0.159795
-0.148094
-0.13705
-0.126531
-0.116416
-0.106595
-0.0969709
-0.087452
-0.0779534
-0.0683953
-0.0587014
-0.0487978
-0.0386123
-0.028073
-0.0171075
-0.00564178
0.00640067
0.0191003
0.0325426
0.0468194
0.0620309
0.0782871
0.0957103
0.114437
0.134624
0.156447
0.180111
0.205853
0.233951
0.264733
0.29859
0.335994
0.377516
0.423856
0.475882
0.534685
0.601647
0.678546
0.767705
0.872201
0.996181
1.14533
1.32755
1.55403
1.84065
2.21009
2.69464
3.33684
4.18013
5.2564
6.56565
7.80734
-11.5601
-7.8026
-5.293
-3.81992
-2.8417
-2.17222
-1.71128
-1.38435
-1.14412
-0.962248
-0.821066
-0.709098
-0.618682
-0.544558
-0.483004
-0.431324
-0.387514
-0.350056
-0.317779
-0.289764
-0.265281
-0.243739
-0.224659
-0.207642
-0.192359
-0.17853
-0.165918
-0.154321
-0.143562
-0.133488
-0.123966
-0.114874
-0.106106
-0.0975655
-0.0891636
-0.0808188
-0.0724551
-0.0640007
-0.0553871
-0.0465477
-0.0374176
-0.0279321
-0.0180261
-0.00763289
0.00331629
0.0148937
0.027176
0.0402457
0.0541923
0.0691141
0.0851203
0.102333
0.120891
0.14095
0.162694
0.186331
0.212108
0.240316
0.271301
0.305479
0.343356
0.385554
0.432842
0.486192
0.546841
0.61639
0.696953
0.791368
0.903536
1.03895
1.2056
1.41536
1.68651
2.04823
2.54903
3.266
4.30363
5.85006
8.44988
12.3182
-18.9698
-9.55619
-5.06807
-3.24732
-2.28431
-1.70016
-1.32926
-1.07801
-0.896587
-0.759508
-0.652585
-0.567172
-0.497678
-0.440309
-0.392386
-0.351951
-0.317539
-0.288026
-0.262537
-0.240377
-0.22099
-0.203919
-0.188791
-0.175294
-0.163166
-0.152184
-0.142157
-0.132921
-0.124332
-0.116265
-0.108608
-0.101262
-0.0941364
-0.0871509
-0.0802303
-0.0733058
-0.0663125
-0.0591892
-0.0518772
-0.0443198
-0.036461
-0.0282454
-0.0196172
-0.0105193
-0.000892769
0.00932399
0.0201963
0.031794
0.0441928
0.0574756
0.0717337
0.087069
0.103596
0.121445
0.140765
0.161727
0.184531
0.209411
0.236644
0.266562
0.299564
0.336136
0.376879
0.42254
0.474065
0.532668
0.599936
0.677983
0.7697
0.879156
1.01231
1.17829
1.39195
1.67954
2.09192
2.72594
3.7569
5.67364
10.2794
19.8164
)
;

boundaryField
{
    movingWall
    {
        type            zeroGradient;
    }
    fixedWalls
    {
        type            zeroGradient;
    }
    frontAndBack
    {
        type            empty;
    }
}


// ************************************************************************* //
