/*--------------------------------*- C++ -*----------------------------------*\
  =========                 |
  \\      /  F ield         | OpenFOAM: The Open Source CFD Toolbox
   \\    /   O peration     | Website:  https://openfoam.org
    \\  /    A nd           | Version:  7
     \\/     M anipulation  |
\*---------------------------------------------------------------------------*/
FoamFile
{
    version     2.0;
    format      ascii;
    class       volScalarField;
    location    "0.2";
    object      p;
}
// * * * * * * * * * * * * * * * * * * * * * * * * * * * * * * * * * * * * * //

dimensions      [0 2 -2 0 0 0 0];

internalField   nonuniform List<scalar> 
6400
(
8.31548e-08
1.24032e-05
-0.000493913
-0.00152603
-0.00296746
-0.00470784
-0.006647
-0.00869537
-0.0107759
-0.0128232
-0.0147821
-0.0166066
-0.0182582
-0.0197052
-0.0209219
-0.0218875
-0.022586
-0.023005
-0.0231361
-0.0229739
-0.022516
-0.0217623
-0.0207155
-0.0193799
-0.0177622
-0.0158704
-0.0137145
-0.0113058
-0.00865682
-0.00578154
-0.00269493
0.000586973
0.00404715
0.00766776
0.0114302
0.015315
0.0193023
0.0233714
0.0275013
0.0316704
0.0358571
0.0400391
0.0441943
0.0483004
0.0523351
0.0562763
0.0601023
0.0637917
0.0673236
0.0706777
0.0738346
0.0767759
0.079484
0.081943
0.0841383
0.0860567
0.0876872
0.0890205
0.0900496
0.09077
0.0911798
0.0912798
0.0910741
0.0905701
0.0897787
0.0887151
0.0873986
0.0858532
0.0841083
0.0821992
0.0801675
0.0780623
0.0759412
0.073871
0.0719293
0.0702044
0.0687934
0.0678004
0.067332
0.0673689
-1.02827e-05
2.68826e-06
-0.000450626
-0.00133329
-0.00254624
-0.00401029
-0.00564949
-0.0073916
-0.00917138
-0.0109317
-0.0126228
-0.0142024
-0.0156342
-0.0168881
-0.0179389
-0.0187663
-0.0193542
-0.0196899
-0.0197643
-0.0195716
-0.0191083
-0.0183737
-0.0173692
-0.0160984
-0.0145666
-0.012781
-0.0107504
-0.00848481
-0.00599579
-0.003296
-0.000399222
0.00267969
0.00592497
0.00932001
0.0128474
0.0164891
0.0202264
0.0240401
0.0279103
0.031817
0.0357397
0.0396578
0.0435504
0.0473967
0.0511759
0.0548676
0.0584513
0.0619071
0.0652157
0.0683584
0.0713172
0.0740751
0.0766163
0.0789261
0.0809913
0.0828003
0.0843431
0.0856118
0.0866006
0.0873059
0.0877268
0.0878649
0.087725
0.0873148
0.0866457
0.0857325
0.0845944
0.0832546
0.0817412
0.0800875
0.0783322
0.0765202
0.0747032
0.0729393
0.0712941
0.0698386
0.0686461
0.0677913
0.0673676
0.0674054
0.000497254
0.000458788
5.14158e-06
-0.000810142
-0.00189999
-0.00320107
-0.00465227
-0.00619353
-0.00776925
-0.00932948
-0.0108299
-0.012232
-0.0135023
-0.0146125
-0.0155389
-0.0162618
-0.0167653
-0.0170372
-0.0170683
-0.0168522
-0.0163851
-0.0156658
-0.0146951
-0.0134758
-0.0120125
-0.0103115
-0.00838081
-0.00622959
-0.00386843
-0.00130905
0.0014357
0.00435196
0.00742497
0.0106391
0.0139781
0.0174248
0.0209616
0.0245705
0.0282326
0.0319291
0.0356405
0.0393473
0.04303
0.0466687
0.0502441
0.0537366
0.0571272
0.0603972
0.0635284
0.0665032
0.0693049
0.0719177
0.0743268
0.0765188
0.0784813
0.080204
0.0816777
0.0828955
0.0838523
0.0845454
0.0849742
0.085141
0.0850508
0.0847115
0.0841342
0.0833337
0.0823282
0.0811399
0.0797954
0.0783255
0.0767661
0.075158
0.0735469
0.0719841
0.0705251
0.0692293
0.068156
0.0673651
0.0669423
0.0669388
0.001531
0.00134546
0.000821847
3.11721e-06
-0.00104414
-0.00226647
-0.00361209
-0.00503037
-0.00647376
-0.00789865
-0.00926592
-0.0105409
-0.0116932
-0.0126969
-0.0135297
-0.0141732
-0.0146124
-0.0148354
-0.0148333
-0.0145996
-0.0141306
-0.0134247
-0.0124823
-0.0113058
-0.00989925
-0.00826839
-0.00642043
-0.00436395
-0.00210879
0.0003341
0.00295264
0.00573383
0.00866373
0.0117276
0.01491
0.0181947
0.0215651
0.0250038
0.0284932
0.0320153
0.0355515
0.0390834
0.0425923
0.0460596
0.0494666
0.0527949
0.0560264
0.0591434
0.0621287
0.0649658
0.0676387
0.0701327
0.0724339
0.0745296
0.0764084
0.0780607
0.079478
0.080654
0.0815842
0.0822663
0.0827001
0.0828882
0.0828354
0.0825496
0.0820416
0.0813253
0.0804182
0.079341
0.0781185
0.0767793
0.0753558
0.0738848
0.0724071
0.0709672
0.0696133
0.0683956
0.0673646
0.0665719
0.0660854
0.0659489
0.00297992
0.00256794
0.00191646
0.0010448
-9.94257e-06
-0.00120295
-0.00249043
-0.00383009
-0.00518178
-0.00650797
-0.00777455
-0.00895081
-0.0100097
-0.0109275
-0.0116841
-0.0122624
-0.0126484
-0.012831
-0.0128017
-0.0125544
-0.0120852
-0.0113925
-0.0104766
-0.00933947
-0.00798477
-0.00641779
-0.00464517
-0.0026749
-0.000516141
0.00182078
0.00432452
0.00698281
0.00978249
0.0127096
0.0157495
0.0188869
0.0221059
0.0253901
0.0287226
0.0320862
0.0354635
0.0388368
0.0421882
0.0455002
0.0487549
0.0519348
0.0550227
0.0580018
0.0608558
0.0635689
0.0661261
0.0685134
0.0707177
0.0727271
0.0745309
0.0761198
0.0774864
0.0786245
0.0795301
0.0802012
0.0806379
0.0808425
0.08082
0.0805779
0.0801263
0.0794785
0.0786506
0.077662
0.0765353
0.0752965
0.073975
0.0726034
0.0712176
0.0698563
0.0685604
0.0673723
0.0663353
0.065493
0.0648864
0.0645379
0.00474182
0.00405321
0.00323084
0.00226609
0.00116257
-4.26413e-05
-0.00131239
-0.00261193
-0.0039078
-0.00516819
-0.00636366
-0.00746748
-0.00845577
-0.00930752
-0.0100045
-0.0105313
-0.0108752
-0.0110259
-0.0109756
-0.0107185
-0.0102511
-0.00957176
-0.00868064
-0.00757956
-0.00627198
-0.00476275
-0.00305809
-0.00116549
0.000906428
0.00314794
0.00554835
0.00809605
0.0107786
0.0135826
0.0164944
0.0194993
0.0225822
0.0257274
0.028919
0.0321405
0.0353753
0.0386064
0.0418169
0.0449899
0.0481086
0.051156
0.054116
0.0569723
0.0597094
0.0623124
0.0647669
0.0670596
0.0691781
0.071111
0.0728482
0.074381
0.0757023
0.0768063
0.0776893
0.0783493
0.0787866
0.0790033
0.0790041
0.0787961
0.0783886
0.077794
0.0770272
0.0761058
0.0750504
0.0738844
0.0726339
0.0713278
0.0699974
0.0686757
0.0673975
0.066198
0.0651143
0.0641829
0.0634136
0.0628022
0.00672608
0.00573269
0.00470976
0.00362036
0.00243424
0.00118189
-0.000104916
-0.00139814
-0.00267029
-0.00389468
-0.0050463
-0.00610219
-0.00704159
-0.00784606
-0.0084995
-0.00898823
-0.00930081
-0.00942799
-0.00936268
-0.00909978
-0.00863608
-0.00797011
-0.0071021
-0.00603382
-0.00476852
-0.00331082
-0.00166659
0.000157089
0.00215201
0.00430899
0.00661788
0.00906765
0.0116464
0.0143417
0.0171401
0.0200278
0.0229904
0.026013
0.0290802
0.0321764
0.0352855
0.0383915
0.0414782
0.0445292
0.0475284
0.0504599
0.0533078
0.0560568
0.058692
0.061199
0.0635642
0.0657747
0.0678186
0.0696851
0.0713645
0.0728484
0.07413
0.0752039
0.0760663
0.0767153
0.077151
0.0773755
0.0773929
0.0772097
0.0768346
0.0762786
0.0755555
0.0746811
0.073674
0.0725549
0.0713471
0.0700756
0.0687676
0.0674513
0.0661557
0.0649098
0.0637457
0.0626939
0.0617318
0.0608283
0.00885354
0.00754207
0.00629955
0.00506239
0.00376761
0.00244049
0.0011084
-0.000206446
-0.00148181
-0.00269562
-0.00382695
-0.00485629
-0.00576588
-0.00653981
-0.00716412
-0.00762682
-0.00791788
-0.00802922
-0.0079546
-0.00768955
-0.00723134
-0.0065788
-0.00573232
-0.00469374
-0.0034662
-0.00205416
-0.000463259
0.00129973
0.00322699
0.00530975
0.00753834
0.00990222
0.0123901
0.0149899
0.0176891
0.0204743
0.0233317
0.0262471
0.0292057
0.0321925
0.0351922
0.0381893
0.0411682
0.0441133
0.0470091
0.0498401
0.0525913
0.0552478
0.0577953
0.0602198
0.0625082
0.0646483
0.0666283
0.068438
0.0700679
0.0715099
0.0727572
0.0738047
0.0746486
0.0752868
0.0757193
0.0759476
0.0759757
0.075809
0.0754556
0.0749253
0.0742304
0.0733852
0.0724061
0.0713114
0.0701216
0.0688583
0.0675449
0.0662054
0.0648637
0.0635434
0.0622726
0.0610769
0.0599025
0.0586925
0.0110574
0.00942396
0.00795081
0.0065497
0.00512686
0.00370352
0.00230363
0.000944412
-0.000356481
-0.00158111
-0.00271215
-0.00373335
-0.00462974
-0.00538781
-0.0059957
-0.00644309
-0.00672141
-0.00682376
-0.00674483
-0.00648089
-0.00602972
-0.00539057
-0.00456408
-0.0035522
-0.00235809
-0.000986121
0.00055821
0.00226835
0.00413682
0.00615518
0.00831415
0.0106036
0.0130128
0.0155301
0.0181434
0.02084
0.0236066
0.0264295
0.0292946
0.0321873
0.0350929
0.0379966
0.0408832
0.0437378
0.0465453
0.0492909
0.0519599
0.0545379
0.0570111
0.059366
0.0615898
0.0636706
0.0655971
0.0673591
0.0689475
0.0703543
0.0715728
0.0725977
0.0734252
0.0740531
0.074481
0.0747101
0.0747435
0.0745862
0.0742452
0.0737291
0.073049
0.0722173
0.0712486
0.070159
0.0689661
0.0676887
0.0663468
0.0649605
0.0635494
0.0621327
0.0607352
0.0593789
0.0579804
0.0564589
0.0132818
0.0113283
0.00961911
0.0080433
0.00647828
0.00494229
0.00345681
0.00203486
0.000690037
-0.00056328
-0.00171097
-0.00273975
-0.00363725
-0.00439225
-0.00499479
-0.00543628
-0.00570957
-0.00580896
-0.00573009
-0.00547001
-0.00502712
-0.00440113
-0.00359299
-0.00260481
-0.00143988
-0.00010257
0.00140172
0.00306662
0.00488486
0.00684827
0.0089479
0.011174
0.0135162
0.0159634
0.0185038
0.0211253
0.0238149
0.0265596
0.0293455
0.0321589
0.0349853
0.0378104
0.0406197
0.0433986
0.0461324
0.0488069
0.0514077
0.0539208
0.0563328
0.0586306
0.0608015
0.062834
0.0647169
0.0664402
0.067995
0.0693732
0.0705681
0.0715743
0.072388
0.0730065
0.073429
0.0736562
0.0736907
0.0735367
0.0732
0.0726883
0.0720112
0.0711796
0.0702061
0.0691049
0.0678911
0.0665809
0.0651911
0.0637387
0.0622397
0.0607093
0.0591702
0.0576418
0.0560128
0.0541808
0.0154801
0.0132118
0.0112649
0.00950759
0.00779038
0.00612944
0.00454453
0.00304515
0.00164144
0.000344716
-0.000833812
-0.00188347
-0.00279425
-0.00355709
-0.00416381
-0.00460751
-0.00488243
-0.00498399
-0.00490885
-0.00465488
-0.00422111
-0.00360776
-0.00281613
-0.00184861
-0.000708634
0.00059938
0.00207005
0.0036971
0.00547342
0.00739107
0.00944135
0.0116148
0.0139015
0.0162905
0.0187705
0.0213298
0.0239559
0.026636
0.0293569
0.0321051
0.0348667
0.0376278
0.0403741
0.0430916
0.045766
0.0483832
0.0509294
0.0533909
0.0557544
0.058007
0.0601365
0.0621313
0.0639804
0.065674
0.0672029
0.0685591
0.0697359
0.0707277
0.0715302
0.0721406
0.0725575
0.0727812
0.0728134
0.0726574
0.0723183
0.0718027
0.0711185
0.0702755
0.0692845
0.0681576
0.0669078
0.0655491
0.0640956
0.0625615
0.0609597
0.0593024
0.0576108
0.0559024
0.0540405
0.0519023
0.017613
0.0150368
0.0128531
0.0109103
0.00903408
0.00723916
0.00554421
0.00395578
0.00248118
0.00112904
-9.20084e-05
-0.0011736
-0.0021079
-0.00288772
-0.00350669
-0.00395945
-0.00424153
-0.00434953
-0.00428109
-0.00403487
-0.00361062
-0.00300906
-0.00223189
-0.00128183
-0.000162511
0.00112154
0.00256493
0.00416141
0.00590395
0.00778481
0.00979547
0.0119267
0.0141688
0.0165113
0.0189432
0.0214529
0.0240285
0.0266574
0.0293269
0.0320237
0.0347345
0.0374455
0.0401429
0.0428129
0.0454416
0.0480151
0.05052
0.0529427
0.05527
0.0574894
0.0595887
0.0615563
0.0633813
0.0650539
0.0665648
0.0679059
0.0690703
0.070052
0.0708466
0.0714506
0.0718624
0.0720814
0.0721088
0.071947
0.0716
0.0710734
0.070374
0.0695099
0.0684905
0.0673261
0.066028
0.0646078
0.0630775
0.0614491
0.059733
0.0579386
0.0560865
0.0541934
0.0520984
0.0496598
0.0196471
0.0167706
0.0143523
0.0122223
0.0101825
0.00824714
0.00643414
0.0047477
0.0031927
0.00177544
0.000502377
-0.000620197
-0.00158642
-0.00239082
-0.00302872
-0.00349613
-0.00378989
-0.00390769
-0.00384815
-0.00361076
-0.00319593
-0.00260492
-0.0018399
-0.0009039
0.000199187
0.00146467
0.0028871
0.0044602
0.00617702
0.00802988
0.0100104
0.0121097
0.0143181
0.0166254
0.0190209
0.0214934
0.0240311
0.0266218
0.0292532
0.0319121
0.0345856
0.0372602
0.0399223
0.0425585
0.045155
0.0476982
0.0501746
0.0525711
0.0548746
0.0570724
0.0591525
0.0611033
0.062914
0.0645743
0.0660752
0.0674082
0.068566
0.0695425
0.0703327
0.0709329
0.0713406
0.0715548
0.0715757
0.0714052
0.0710461
0.070503
0.0697815
0.0688885
0.0678318
0.0666203
0.0652635
0.0637712
0.0621537
0.0604209
0.0585813
0.0566422
0.0546241
0.0525432
0.0502163
0.0474838
0.0215538
0.0183845
0.0157347
0.0134169
0.0112109
0.00913055
0.0071936
0.00540231
0.00375947
0.00226943
0.00093677
-0.000234083
-0.00123897
-0.00207412
-0.00273629
-0.00322282
-0.00353174
-0.00366186
-0.00361272
-0.0033846
-0.00297856
-0.00239645
-0.00164093
-0.000715375
0.000376055
0.00162848
0.00303631
0.00459322
0.00629227
0.00812584
0.0100857
0.0121629
0.0143482
0.0166315
0.0190023
0.0214495
0.0239618
0.0265271
0.0291332
0.0317675
0.034417
0.0370686
0.0397089
0.0423245
0.044902
0.0474279
0.0498888
0.0522715
0.0545631
0.0567509
0.0588229
0.0607674
0.0625734
0.0642306
0.0657295
0.0670615
0.0682191
0.0691957
0.0699857
0.0705849
0.0709904
0.0712003
0.0712142
0.071033
0.0706588
0.070095
0.0693461
0.0684179
0.0673168
0.0660503
0.0646264
0.0630536
0.0613404
0.0594952
0.0575249
0.0554354
0.0532472
0.050977
0.0484199
0.0453999
0.0233082
0.0198532
0.0169752
0.0144701
0.0120964
0.00986795
0.00780279
0.00590149
0.00416511
0.00259637
0.00119819
-2.66877e-05
-0.0010756
-0.0019463
-0.00263685
-0.00314585
-0.0034725
-0.00361662
-0.00357861
-0.00335954
-0.00296116
-0.0023859
-0.00163687
-0.000717848
0.000366711
0.00161171
0.00301138
0.00455933
0.00624856
0.00807148
0.0100199
0.0120851
0.0142577
0.0165279
0.0188854
0.0213192
0.0238182
0.0263706
0.0289643
0.0315868
0.0342254
0.0368671
0.0394988
0.0421071
0.0446786
0.0472001
0.049658
0.0520393
0.0543311
0.0565205
0.0585955
0.0605442
0.0623553
0.0640185
0.0655239
0.0668626
0.0680265
0.0690088
0.0698033
0.0704052
0.0708109
0.071018
0.0710252
0.0708326
0.0704413
0.0698539
0.0690737
0.0681053
0.0669542
0.0656265
0.064129
0.0624687
0.0606531
0.0586893
0.0565828
0.0543385
0.0519774
0.0495168
0.0467315
0.0434295
0.0248882
0.0211539
0.0180511
0.0153596
0.0128174
0.010439
0.00824265
0.00622761
0.00439346
0.00274154
0.00127329
-9.95664e-06
-0.00110698
-0.0020168
-0.00273874
-0.00327258
-0.00361861
-0.00377756
-0.0037507
-0.00353987
-0.00314748
-0.00257653
-0.00183062
-0.000913923
0.000168793
0.00141216
0.00281024
0.00435652
0.00604393
0.00786485
0.00981113
0.0118741
0.0140444
0.0163124
0.0186678
0.0210999
0.0235977
0.0261494
0.0287432
0.0313668
0.0340074
0.0366523
0.0392883
0.0419023
0.0444808
0.0470106
0.0494782
0.0518705
0.0541744
0.0563771
0.0584661
0.0604296
0.0622561
0.0639347
0.0654552
0.0668085
0.0679859
0.06898
0.0697843
0.0703933
0.0708026
0.0710091
0.0710108
0.070807
0.0703979
0.0697849
0.0689707
0.0679588
0.0667534
0.0653596
0.0637833
0.0620303
0.060107
0.0580196
0.0557726
0.0533701
0.0508341
0.0481824
0.0451708
0.0415914
0.026274
0.0222659
0.0189414
0.0160646
0.013354
0.0108244
0.00849485
0.00636343
0.00442848
0.00269012
0.00114849
-0.000196312
-0.00134434
-0.00229576
-0.0030511
-0.00361123
-0.0039774
-0.00415124
-0.00413487
-0.00393084
-0.00354224
-0.00297262
-0.00222605
-0.00130714
-0.00022099
0.00102677
0.00242998
0.003982
0.00567565
0.00750326
0.00945664
0.0115271
0.0137054
0.0159819
0.0183465
0.0207885
0.0232969
0.0258603
0.0284666
0.0311038
0.0337592
0.0364202
0.0390735
0.0417061
0.0443045
0.0468554
0.0493453
0.0517609
0.054089
0.0563167
0.0584313
0.0604204
0.0622725
0.0639762
0.065521
0.0668972
0.0680957
0.0691085
0.0699284
0.0705494
0.0709663
0.0711754
0.0711738
0.0709599
0.0705332
0.0698942
0.0690444
0.0679865
0.0667239
0.0652606
0.0636016
0.0617517
0.0597167
0.0575018
0.055111
0.0525476
0.0498349
0.0469918
0.0437551
0.0399019
0.0274474
0.0231701
0.0196266
0.0165658
0.013687
0.0110057
0.0085417
0.00629214
0.00425432
0.00242723
0.000809964
-0.00059853
-0.0017994
-0.00279396
-0.00358379
-0.00417076
-0.00455701
-0.00474507
-0.00473784
-0.00453859
-0.00415104
-0.00357929
-0.0028279
-0.0019019
-0.000806745
0.000451659
0.00186693
0.00343224
0.0051403
0.00698333
0.00895309
0.0110409
0.0132375
0.0155333
0.0179182
0.0203815
0.0229124
0.0254994
0.0281307
0.0307941
0.0334771
0.0361669
0.0388505
0.0415146
0.0441457
0.0467305
0.0492554
0.0517068
0.0540714
0.0563359
0.0584875
0.0605135
0.0624018
0.0641407
0.0657193
0.0671273
0.068355
0.0693938
0.070236
0.0708747
0.0713042
0.0715198
0.0715179
0.0712961
0.070853
0.0701882
0.0693024
0.0681975
0.0668758
0.0653407
0.0635961
0.0616464
0.0594965
0.0571512
0.0546137
0.0518874
0.0489965
0.0459613
0.0425003
0.0383755
0.0283916
0.0238487
0.0200885
0.0168448
0.0137982
0.0109651
0.00836591
0.00599716
0.00385514
0.00193794
0.000243695
-0.0012297
-0.00248439
-0.00352275
-0.00434732
-0.00496084
-0.00536638
-0.0055673
-0.00556723
-0.00537014
-0.00498036
-0.00440255
-0.00364177
-0.00270345
-0.0015934
-0.000317835
0.00111663
0.00270295
0.0044337
0.006301
0.0082965
0.0104115
0.0126367
0.0149625
0.0173787
0.019875
0.0224401
0.0250629
0.0277314
0.0304335
0.0331568
0.0358883
0.038615
0.0413236
0.0440005
0.046632
0.0492046
0.0517044
0.0541179
0.0564315
0.0586319
0.0607062
0.0626417
0.0644264
0.0660487
0.0674978
0.0687635
0.0698364
0.070708
0.0713709
0.0718186
0.0720455
0.0720474
0.0718207
0.0713634
0.0706743
0.0697532
0.068601
0.0672195
0.0656112
0.0637794
0.0617277
0.0594606
0.0569825
0.0542963
0.051405
0.0483344
0.0451065
0.041421
0.0370256
0.0290905
0.0242846
0.0203094
0.0168838
0.01367
0.0106851
0.00795051
0.00546206
0.00321519
0.00120723
-0.000564594
-0.0021033
-0.00341202
-0.00449403
-0.00535274
-0.00599181
-0.00641514
-0.00662687
-0.00663136
-0.00643325
-0.00603745
-0.00544919
-0.00467401
-0.00371776
-0.00258661
-0.00128708
0.000173937
0.00178921
0.00355111
0.00545164
0.00748235
0.00963441
0.0118986
0.0142651
0.0167239
0.0192645
0.0218757
0.0245463
0.0272644
0.0300178
0.032794
0.0355801
0.0383629
0.041129
0.0438646
0.046556
0.0491893
0.0517503
0.0542253
0.0566003
0.0588617
0.060996
0.0629902
0.0648317
0.0665082
0.0680084
0.0693213
0.070437
0.0713462
0.0720406
0.0725129
0.0727569
0.0727673
0.0725398
0.0720716
0.0713604
0.0704056
0.0692071
0.067766
0.0660841
0.064164
0.062009
0.059623
0.0570103
0.0541734
0.0511155
0.0478638
0.0444418
0.0405312
0.0358648
0.0295285
0.0244615
0.0202725
0.0166658
0.0132851
0.0101486
0.00727869
0.00467044
0.00231866
0.000219888
-0.00162946
-0.00323323
-0.00459543
-0.00572019
-0.00661176
-0.00727467
-0.00771363
-0.00793349
-0.00793934
-0.00773644
-0.00733032
-0.00672674
-0.00593172
-0.00495154
-0.00379273
-0.00246215
-0.000966935
0.000685438
0.00248714
0.00443002
0.00650552
0.00870471
0.0110182
0.0134364
0.0159489
0.0185453
0.0212145
0.023945
0.0267251
0.0295424
0.0323843
0.0352379
0.0380899
0.0409266
0.0437341
0.0464985
0.0492055
0.0518409
0.0543903
0.0568395
0.0591744
0.061381
0.0634457
0.0653554
0.0670973
0.0686591
0.0700294
0.0711972
0.0721527
0.0728867
0.073391
0.0736586
0.0736832
0.07346
0.0729849
0.0722552
0.0712691
0.0700261
0.0685264
0.0667713
0.0647628
0.0625038
0.0599979
0.0572492
0.0542601
0.0510338
0.0475993
0.0439815
0.0398442
0.0349051
0.0296903
0.0243631
0.0199611
0.0161736
0.0126265
0.00933879
0.00633372
0.00360594
0.00114958
-0.00103956
-0.00296578
-0.00463371
-0.00604818
-0.00721411
-0.00813662
-0.00882103
-0.0092728
-0.00949751
-0.00950091
-0.00928892
-0.00886765
-0.00824341
-0.00742268
-0.00641217
-0.00521879
-0.00384973
-0.0023124
-0.000614538
0.00123583
0.00323038
0.00536041
0.00761687
0.00999033
0.012471
0.0150485
0.0177123
0.0204514
0.023254
0.0261085
0.0290023
0.0319229
0.034857
0.0377913
0.0407118
0.0436047
0.0464555
0.0492496
0.0519726
0.0546097
0.0571462
0.0595675
0.0618591
0.0640068
0.0659968
0.0678157
0.0694504
0.0708887
0.0721189
0.0731303
0.0739128
0.0744573
0.0747559
0.0748016
0.0745884
0.0741116
0.0733676
0.0723538
0.0710689
0.0695126
0.0676855
0.0655891
0.0632261
0.0605996
0.0577138
0.0545712
0.0511748
0.0475555
0.0437398
0.0393733
0.0341588
0.0295609
0.0239735
0.0193585
0.0153906
0.0116773
0.00823857
0.00509878
0.00225203
-0.00030824
-0.00258684
-0.00458875
-0.00631939
-0.0077843
-0.00898924
-0.00994015
-0.0106431
-0.0111042
-0.0113299
-0.0113265
-0.0111006
-0.0106588
-0.0100081
-0.00915532
-0.00810766
-0.00687242
-0.00545711
-0.00386947
-0.00211746
-0.000209331
0.0018464
0.00404088
0.00636493
0.008809
0.0113632
0.0140171
0.0167601
0.0195809
0.022468
0.0254094
0.0283925
0.0314047
0.0344325
0.0374624
0.0404803
0.043472
0.0464228
0.0493178
0.0521421
0.0548805
0.0575178
0.0600388
0.0624286
0.0646723
0.0667553
0.0686635
0.0703831
0.0719009
0.0732045
0.0742821
0.0751229
0.0757168
0.0760548
0.0761292
0.0759329
0.0754605
0.0747074
0.0736703
0.0723472
0.0707369
0.0688397
0.0666567
0.0641901
0.0614429
0.0584193
0.0551217
0.0515535
0.0477471
0.043731
0.039132
0.0336378
0.0291248
0.0232765
0.0184482
0.0142997
0.0104202
0.00683087
0.00355687
0.000591895
-0.00207128
-0.00443801
-0.00651397
-0.0083053
-0.00981831
-0.0110595
-0.0120357
-0.0127536
-0.0132201
-0.0134422
-0.0134271
-0.0131818
-0.0127137
-0.0120302
-0.0111386
-0.0100466
-0.00876183
-0.00729217
-0.00564567
-0.00383058
-0.00185533
0.000271321
0.00254038
0.0049425
0.00746803
0.0101069
0.0128487
0.0156827
0.0185974
0.0215813
0.0246222
0.0277076
0.0308244
0.0339593
0.0370983
0.0402273
0.0433316
0.0463963
0.0494061
0.0523457
0.0551994
0.0579515
0.0605862
0.063088
0.0654412
0.0676306
0.0696411
0.0714582
0.0730678
0.0744566
0.0756118
0.0765215
0.0771749
0.0775618
0.0776735
0.0775021
0.0770411
0.0762851
0.07523
0.073873
0.0722124
0.0702478
0.0679799
0.0654107
0.0625432
0.0593812
0.0559274
0.0521853
0.0481892
0.0439696
0.0391341
0.0333549
0.0283665
0.0222557
0.0172132
0.0128837
0.0088381
0.0050983
0.00169068
-0.0013916
-0.00415636
-0.00660952
-0.00875746
-0.010607
-0.0121653
-0.0134395
-0.0144372
-0.0151658
-0.0156331
-0.0158466
-0.0158142
-0.0155437
-0.015043
-0.0143198
-0.0133822
-0.0122381
-0.0108957
-0.00936325
-0.00764904
-0.0057616
-0.00370962
-0.00150205
0.000851909
0.00334279
0.00596078
0.00869572
0.0115371
0.0144739
0.0174948
0.020588
0.0237413
0.0269419
0.0301768
0.0334321
0.036694
0.0399479
0.0431789
0.0463716
0.0495106
0.0525799
0.0555634
0.0584447
0.0612076
0.0638356
0.0663126
0.0686223
0.070749
0.0726772
0.0743918
0.0758784
0.0771234
0.0781139
0.0788377
0.0792839
0.0794426
0.0793049
0.0788633
0.0781116
0.0770448
0.0756592
0.0739526
0.0719241
0.0695739
0.0669036
0.0639162
0.0606156
0.0570043
0.0530862
0.0488977
0.0444709
0.039394
0.0333233
0.0272698
0.0208945
0.0156364
0.0111252
0.0069131
0.00302304
-0.000517546
-0.00371601
-0.00658076
-0.00911835
-0.0113358
-0.0132407
-0.0148408
-0.0161442
-0.0171591
-0.0178937
-0.0183565
-0.0185559
-0.0185002
-0.018198
-0.0176575
-0.0168874
-0.015896
-0.0146918
-0.0132833
-0.0116792
-0.00988803
-0.00791866
-0.00578004
-0.00348132
-0.00103187
0.00155866
0.00428031
0.00712281
0.0100755
0.0131273
0.0162668
0.019482
0.0227606
0.0260897
0.0294559
0.0328455
0.0362442
0.0396371
0.0430091
0.0463445
0.0496273
0.0528411
0.0559692
0.0589948
0.0619008
0.0646701
0.0672857
0.0697306
0.0719881
0.0740416
0.0758752
0.0774734
0.0788215
0.0799053
0.0807117
0.0812287
0.081445
0.081351
0.080938
0.0801987
0.0791274
0.0777195
0.0759722
0.0738839
0.0714544
0.0686851
0.0655788
0.0621394
0.0583696
0.0542733
0.0498891
0.0452509
0.039927
0.0335572
0.0258181
0.0191754
0.0136999
0.00900602
0.00462701
0.000586831
-0.00308602
-0.00639939
-0.00936231
-0.011982
-0.0142661
-0.0162229
-0.017861
-0.0191892
-0.0202164
-0.0209517
-0.0214043
-0.0215832
-0.0214976
-0.0211565
-0.020569
-0.019744
-0.0186906
-0.0174177
-0.0159342
-0.0142491
-0.0123714
-0.0103102
-0.00807475
-0.00567434
-0.00311858
-0.000417296
0.00241943
0.00538118
0.00845718
0.0116363
0.0149068
0.0182569
0.0216738
0.0251447
0.028656
0.0321938
0.0357433
0.0392898
0.0428174
0.0463104
0.049752
0.0531256
0.0564137
0.059599
0.0626637
0.06559
0.0683599
0.0709555
0.0733591
0.0755533
0.0775209
0.0792453
0.0807107
0.0819017
0.0828039
0.0834042
0.0836901
0.0836508
0.0832765
0.082559
0.0814914
0.0800684
0.0782864
0.0761432
0.0736383
0.0707726
0.0675487
0.0639706
0.060041
0.0557643
0.0511809
0.0463267
0.0407493
0.0340716
0.0239941
0.0170806
0.0113854
0.00650747
0.00196096
-0.00222923
-0.0060336
-0.00946047
-0.0125196
-0.0152187
-0.0175662
-0.0195711
-0.0212428
-0.0225908
-0.0236249
-0.024355
-0.0247909
-0.0249425
-0.0248196
-0.024432
-0.0237893
-0.0229011
-0.021777
-0.0204263
-0.0188583
-0.0170826
-0.0151084
-0.0129451
-0.0106022
-0.00808927
-0.00541612
-0.00259272
0.000370695
0.00346359
0.00667507
0.00999384
0.0134082
0.016906
0.0204746
0.0241009
0.0277711
0.0314711
0.035186
0.0389006
0.0425989
0.0462645
0.0498805
0.0534295
0.0568936
0.0602547
0.0634944
0.0665939
0.0695344
0.0722971
0.0748633
0.0772143
0.0793318
0.0811982
0.0827962
0.0841093
0.0851218
0.0858191
0.0861877
0.0862153
0.0858911
0.0852056
0.0841511
0.0827212
0.0809116
0.0787193
0.0761433
0.0731843
0.0698445
0.0661281
0.0620377
0.0575781
0.0527917
0.0477165
0.0418784
0.034883
0.0217797
0.0145913
0.00867367
0.0036102
-0.00110458
-0.00544479
-0.00937987
-0.0129187
-0.0160717
-0.0188473
-0.0212545
-0.0233032
-0.0250035
-0.0263658
-0.0274007
-0.028119
-0.0285312
-0.028648
-0.02848
-0.0280375
-0.027331
-0.0263706
-0.0251664
-0.0237282
-0.022066
-0.0201894
-0.0181083
-0.0158322
-0.013371
-0.0107344
-0.00793251
-0.00497539
-0.00187343
0.0013627
0.00472199
0.00819306
0.0117641
0.0154228
0.0191565
0.0229519
0.026795
0.0306716
0.0345665
0.0384642
0.0423484
0.0462023
0.0500085
0.053749
0.0574055
0.0609591
0.0643906
0.0676804
0.0708087
0.0737557
0.0765016
0.0790266
0.0813113
0.0833364
0.0850836
0.0865349
0.0876732
0.0884826
0.0889482
0.0890562
0.0887947
0.0881529
0.0871218
0.0856944
0.083865
0.0816303
0.0789884
0.0759397
0.0724863
0.0686322
0.0643802
0.0597351
0.0547417
0.0494398
0.0433332
0.0360093
0.0191559
0.0116879
0.00554481
0.000293953
-0.00459002
-0.00908032
-0.0131453
-0.0167944
-0.0200387
-0.0228873
-0.0253502
-0.0274378
-0.0291612
-0.0305317
-0.0315608
-0.0322599
-0.0326407
-0.0327145
-0.0324927
-0.0319865
-0.0312068
-0.0301645
-0.0288703
-0.0273345
-0.0255676
-0.0235795
-0.0213806
-0.0189807
-0.0163899
-0.0136182
-0.0106759
-0.00757314
-0.00432054
-0.000928868
0.00259077
0.00622689
0.00996762
0.0138006
0.0177129
0.0216913
0.0257216
0.0297892
0.033879
0.0379751
0.0420607
0.0461188
0.0501315
0.0540803
0.0579461
0.0617094
0.0653502
0.068848
0.0721821
0.0753316
0.0782755
0.0809928
0.0834626
0.0856646
0.0875787
0.0891855
0.0904667
0.0914045
0.0919826
0.092186
0.092001
0.0914158
0.0904199
0.0890052
0.0871652
0.0848955
0.0821938
0.0790598
0.0754955
0.0715047
0.0670903
0.0622572
0.0570524
0.0515178
0.0451341
0.0374697
0.0161029
0.00835
0.00197787
-0.0034625
-0.0085168
-0.0131573
-0.0173512
-0.0211086
-0.0244414
-0.0273594
-0.0298732
-0.0319944
-0.0337348
-0.0351068
-0.0361226
-0.0367946
-0.0371355
-0.0371573
-0.0368724
-0.0362927
-0.0354298
-0.0342954
-0.0329006
-0.0312564
-0.0293737
-0.0272631
-0.024935
-0.0223997
-0.0196676
-0.016749
-0.0136543
-0.0103938
-0.00697822
-0.0034185
0.000274204
0.00408834
0.00801195
0.0120326
0.0161374
0.0203127
0.0245446
0.0288181
0.0331179
0.0374277
0.0417307
0.0460093
0.0502452
0.0544192
0.0585118
0.0625027
0.0663711
0.0700955
0.0736542
0.0770252
0.0801862
0.083115
0.0857894
0.0881874
0.0902875
0.0920687
0.093511
0.094595
0.0953029
0.0956179
0.0955248
0.0950103
0.0940627
0.0926724
0.0908319
0.0885359
0.0857812
0.082567
0.0788951
0.074769
0.0701915
0.0651678
0.0597471
0.0539735
0.0473034
0.0392856
0.0125997
0.00455592
-0.00204924
-0.00768148
-0.0129074
-0.0176981
-0.0220199
-0.0258836
-0.0293016
-0.0322848
-0.0348445
-0.0369933
-0.038744
-0.0401098
-0.0411041
-0.0417404
-0.042032
-0.0419922
-0.041634
-0.0409703
-0.0400135
-0.0387758
-0.0372692
-0.0355051
-0.0334951
-0.0312501
-0.0287809
-0.0260984
-0.0232129
-0.0201352
-0.0168757
-0.013445
-0.00985391
-0.00611339
-0.00223471
0.00177056
0.0058904
0.0101124
0.0144234
0.01881
0.023258
0.0277522
0.0322773
0.0368167
0.0413532
0.0458688
0.0503449
0.0547618
0.0590992
0.0633362
0.0674509
0.0714212
0.0752242
0.0788367
0.0822352
0.085396
0.0882954
0.09091
0.0932165
0.0951923
0.0968155
0.0980651
0.0989213
0.0993657
0.0993815
0.0989534
0.0980685
0.0967156
0.0948861
0.0925734
0.0897737
0.0864854
0.0827097
0.0784501
0.0737093
0.0684925
0.0628513
0.0568318
0.0498653
0.0414802
0.00862421
0.000282892
-0.00655978
-0.0123865
-0.0177854
-0.0227265
-0.0271751
-0.0311425
-0.0346423
-0.037686
-0.0402859
-0.0424557
-0.0442091
-0.0455605
-0.0465243
-0.0471151
-0.0473474
-0.0472353
-0.0467928
-0.0460337
-0.0449712
-0.0436185
-0.041988
-0.0400919
-0.0379423
-0.0355505
-0.0329279
-0.0300855
-0.0270342
-0.0237848
-0.0203478
-0.0167342
-0.0129547
-0.00902049
-0.00494272
-0.000733044
0.00359652
0.00803351
0.0125649
0.0171771
0.0218557
0.0265859
0.0313516
0.0361365
0.0409229
0.0456926
0.0504263
0.055104
0.0597048
0.0642068
0.0685875
0.0728238
0.0768916
0.0807666
0.0844238
0.0878383
0.0909846
0.0938376
0.0963724
0.0985645
0.10039
0.101826
0.102851
0.103444
0.103587
0.103263
0.102457
0.101156
0.0993504
0.0970321
0.0941964
0.0908408
0.0869661
0.0825754
0.0776712
0.0722588
0.0663922
0.0601198
0.0528462
0.0440788
0.00415288
-0.00449322
-0.0115783
-0.0176025
-0.0231758
-0.0282675
-0.0328415
-0.0369101
-0.0404876
-0.0435865
-0.0462204
-0.0484036
-0.0501514
-0.0514792
-0.0524026
-0.0529374
-0.053099
-0.052903
-0.0523642
-0.0514974
-0.0503167
-0.0488361
-0.0470689
-0.0450279
-0.0427256
-0.0401741
-0.037385
-0.0343698
-0.0311396
-0.0277054
-0.024078
-0.0202684
-0.0162875
-0.0121463
-0.00785616
-0.00342865
0.00112426
0.00579011
0.0105559
0.0154081
0.0203322
0.0253134
0.0303355
0.0353819
0.0404349
0.0454758
0.0504849
0.0554419
0.0603249
0.0651117
0.0697787
0.0743018
0.0786559
0.0828153
0.0867538
0.0904446
0.093861
0.0969758
0.0997623
0.102194
0.104245
0.10589
0.107106
0.10787
0.10816
0.107959
0.107249
0.106017
0.104249
0.101938
0.0990761
0.0956612
0.091693
0.0871742
0.082107
0.0764968
0.0703999
0.063867
0.056275
0.0471093
-0.000838938
-0.00979789
-0.0171308
-0.0233557
-0.0291052
-0.0343474
-0.0390454
-0.043212
-0.0468628
-0.0500112
-0.0526718
-0.0548603
-0.0565931
-0.0578871
-0.0587591
-0.0592261
-0.059305
-0.0590122
-0.0583639
-0.057376
-0.0560636
-0.0544415
-0.0525237
-0.0503239
-0.0478552
-0.0451301
-0.0421609
-0.0389592
-0.0355366
-0.0319042
-0.028073
-0.024054
-0.0198583
-0.0154968
-0.0109808
-0.00632192
-0.00153196
0.00337669
0.00839109
0.0134977
0.0186822
0.0239296
0.0292238
0.034548
0.0398844
0.0452139
0.0505166
0.0557715
0.0609564
0.0660481
0.0710223
0.0758538
0.0805165
0.0849834
0.0892266
0.093218
0.0969288
0.10033
0.103393
0.10609
0.108391
0.11027
0.111701
0.112658
0.113119
0.113061
0.112468
0.111321
0.109608
0.107317
0.104442
0.100977
0.0969215
0.0922784
0.0870492
0.081239
0.0749069
0.0681056
0.0601833
0.0506021
-0.00637749
-0.0156582
-0.0232449
-0.0296741
-0.0356015
-0.0409944
-0.0458146
-0.0500759
-0.0537949
-0.0569861
-0.0596655
-0.06185
-0.0635575
-0.0648063
-0.0656146
-0.066001
-0.0659834
-0.0655799
-0.0648079
-0.0636843
-0.0622254
-0.0604469
-0.0583638
-0.0559904
-0.0533406
-0.0504275
-0.0472636
-0.0438613
-0.0402321
-0.0363875
-0.0323388
-0.0280968
-0.0236726
-0.0190772
-0.0143218
-0.0094178
-0.004377
0.000788392
0.00606558
0.0114411
0.0169008
0.0224297
0.0280118
0.0336302
0.0392668
0.0449026
0.0505172
0.0560891
0.0615957
0.0670131
0.0723161
0.0774785
0.082473
0.0872712
0.0918439
0.0961612
0.100192
0.103907
0.107274
0.110261
0.11284
0.114979
0.116651
0.117827
0.118482
0.118592
0.118136
0.117096
0.115455
0.113201
0.110324
0.10682
0.102685
0.0979225
0.0925327
0.0865208
0.0799484
0.0728707
0.0646053
0.0545903
-0.0124907
-0.022103
-0.0299502
-0.0365876
-0.0426949
-0.0482384
-0.0531787
-0.0575308
-0.0613122
-0.0645389
-0.067228
-0.0693982
-0.0710688
-0.0722597
-0.0729908
-0.073282
-0.0731532
-0.0726236
-0.0717121
-0.0704368
-0.0688154
-0.0668645
-0.0646
-0.0620372
-0.0591907
-0.056074
-0.0527005
-0.0490825
-0.0452322
-0.041161
-0.0368804
-0.0324014
-0.0277348
-0.0228917
-0.0178832
-0.0127204
-0.00741489
-0.0019788
0.00357533
0.00923427
0.014984
0.0208097
0.0266954
0.0326243
0.0385782
0.044538
0.0504829
0.0563913
0.0622399
0.0680041
0.073658
0.0791744
0.0845247
0.0896793
0.0946074
0.0992773
0.103656
0.107712
0.11141
0.114718
0.117603
0.120031
0.121972
0.123395
0.124271
0.124574
0.124281
0.123368
0.12182
0.11962
0.116758
0.113226
0.109021
0.104144
0.0985957
0.0923807
0.085563
0.0782005
0.0695786
0.0591104
-0.0192081
-0.0291631
-0.0372781
-0.0441279
-0.0504173
-0.0561113
-0.0611694
-0.0656077
-0.069445
-0.0726987
-0.0753875
-0.0775316
-0.0791523
-0.080271
-0.0809096
-0.0810899
-0.0808331
-0.0801604
-0.0790921
-0.0776479
-0.0758464
-0.0737057
-0.0712427
-0.0684735
-0.0654135
-0.062077
-0.0584777
-0.0546284
-0.0505416
-0.046229
-0.0417019
-0.0369714
-0.0320484
-0.0269436
-0.021668
-0.0162326
-0.0106486
-0.00492795
0.000917229
0.00687393
0.0129284
0.019066
0.0252711
0.0315267
0.037815
0.0441165
0.0504105
0.0566749
0.062886
0.0690187
0.0750462
0.0809403
0.0866714
0.0922084
0.0975188
0.102569
0.107325
0.111751
0.115812
0.119471
0.122692
0.125441
0.127682
0.129381
0.130508
0.131033
0.130928
0.130169
0.128735
0.126609
0.123778
0.120233
0.115968
0.110984
0.10528
0.0988608
0.091793
0.084137
0.0751445
0.0642023
-0.0265616
-0.0368713
-0.0452624
-0.0523294
-0.0588031
-0.0646473
-0.0698206
-0.0743398
-0.0782256
-0.0814966
-0.0841735
-0.0862784
-0.0878344
-0.088865
-0.0893942
-0.0894456
-0.0890426
-0.0882079
-0.0869638
-0.0853313
-0.0833308
-0.0809813
-0.0783012
-0.0753074
-0.072016
-0.0684423
-0.0646002
-0.0605033
-0.056164
-0.0515943
-0.0468057
-0.041809
-0.0366151
-0.0312346
-0.0256781
-0.0199562
-0.01408
-0.0080609
-0.0019107
0.00435798
0.0107318
0.0171963
0.0237362
0.0303349
0.0369743
0.0436353
0.0502971
0.0569372
0.0635316
0.0700546
0.0764788
0.0827751
0.0889127
0.0948589
0.10058
0.10604
0.111204
0.116032
0.120487
0.12453
0.128122
0.131224
0.133798
0.135807
0.137217
0.137994
0.138107
0.137528
0.136234
0.134205
0.131425
0.127881
0.123569
0.118486
0.11263
0.106007
0.0986843
0.0907258
0.0813478
0.0699096
-0.0345851
-0.0452632
-0.0539394
-0.061229
-0.0678894
-0.0738835
-0.0791685
-0.0837627
-0.0876882
-0.0909657
-0.0936175
-0.0956681
-0.0971428
-0.0980673
-0.098468
-0.0983706
-0.0978008
-0.0967834
-0.0953423
-0.0935006
-0.0912801
-0.0887013
-0.0857838
-0.0825457
-0.0790039
-0.0751743
-0.0710717
-0.0667098
-0.0621013
-0.0572585
-0.0521927
-0.0469148
-0.0414354
-0.0357649
-0.0299135
-0.0238914
-0.0177093
-0.0113781
-0.0049091
0.00168554
0.00839291
0.0151991
0.0220891
0.0290467
0.0360541
0.0430922
0.0501402
0.0571757
0.0641743
0.07111
0.0779545
0.0846779
0.0912482
0.0976316
0.103793
0.109694
0.115296
0.12056
0.125443
0.129905
0.133903
0.137395
0.140339
0.142694
0.144422
0.145485
0.145848
0.145481
0.144355
0.142448
0.13974
0.136217
0.131871
0.126699
0.120697
0.113869
0.106287
0.0980171
0.0882378
0.07628
-0.0433151
-0.054377
-0.0633486
-0.0708664
-0.0777163
-0.0838595
-0.0892523
-0.0939144
-0.0978698
-0.101141
-0.103753
-0.105732
-0.107106
-0.107904
-0.108155
-0.107887
-0.107127
-0.105904
-0.104242
-0.102168
-0.0997048
-0.0968743
-0.0936975
-0.0901938
-0.0863811
-0.082276
-0.0778938
-0.0732486
-0.0683535
-0.0632208
-0.0578619
-0.0522874
-0.0465077
-0.0405328
-0.0343725
-0.0280366
-0.0215351
-0.0148783
-0.00807704
-0.0011428
0.00591208
0.0130743
0.0203293
0.0276613
0.0350531
0.0424856
0.0499384
0.0573889
0.0648126
0.0721832
0.0794718
0.0866477
0.0936779
0.100527
0.107158
0.113532
0.119607
0.125341
0.13069
0.135609
0.140051
0.143972
0.147325
0.150065
0.152149
0.153536
0.154186
0.154064
0.153138
0.151381
0.14877
0.145288
0.140925
0.135675
0.129533
0.122502
0.114657
0.106066
0.0958686
0.0833659
-0.0527908
-0.0642539
-0.0735323
-0.081285
-0.088327
-0.0946185
-0.100114
-0.104836
-0.10881
-0.11206
-0.114615
-0.116503
-0.117755
-0.118404
-0.11848
-0.118016
-0.117041
-0.115585
-0.113678
-0.111346
-0.108614
-0.105508
-0.102048
-0.0982554
-0.0941497
-0.0897479
-0.0850659
-0.0801183
-0.0749184
-0.0694785
-0.0638099
-0.0579231
-0.0518281
-0.0455344
-0.0390513
-0.032388
-0.0255539
-0.0185585
-0.0114118
-0.00412481
0.00329106
0.0108231
0.0184576
0.0261792
0.0339712
0.0418152
0.0496908
0.0575757
0.0654454
0.0732732
0.0810299
0.0886841
0.0962018
0.103546
0.110679
0.117559
0.124142
0.130383
0.136236
0.141651
0.146579
0.150971
0.154775
0.157943
0.160426
0.162177
0.163154
0.163315
0.162624
0.161049
0.158564
0.155147
0.150786
0.145472
0.139198
0.131966
0.123854
0.114932
0.1043
0.0912249
-0.063055
-0.0749389
-0.0845372
-0.0925319
-0.099769
-0.106207
-0.111801
-0.116572
-0.12055
-0.123763
-0.12624
-0.128015
-0.129122
-0.129595
-0.129469
-0.12878
-0.127561
-0.125845
-0.123662
-0.121044
-0.118016
-0.114606
-0.110838
-0.106732
-0.102309
-0.0975884
-0.0925853
-0.087315
-0.0817913
-0.0760262
-0.070031
-0.0638158
-0.0573903
-0.0507634
-0.0439438
-0.0369398
-0.0297601
-0.0224133
-0.0149088
-0.0072563
0.000533437
0.00844865
0.0164763
0.0246021
0.0328098
0.0410816
0.0493976
0.0577359
0.0660721
0.0743794
0.0826283
0.0907868
0.0988199
0.10669
0.114357
0.121777
0.128905
0.135693
0.14209
0.148044
0.153502
0.158409
0.162711
0.166353
0.169281
0.171443
0.172791
0.173277
0.17286
0.171504
0.169176
0.165852
0.161514
0.156152
0.149757
0.142327
0.133945
0.124683
0.113596
0.0999199
-0.0741538
-0.0864808
-0.0964137
-0.104658
-0.112094
-0.118677
-0.124361
-0.129171
-0.133138
-0.136293
-0.138671
-0.140306
-0.141238
-0.141506
-0.141147
-0.140201
-0.138706
-0.136696
-0.134207
-0.131271
-0.127917
-0.124174
-0.120068
-0.115622
-0.110858
-0.105793
-0.100446
-0.094832
-0.0889644
-0.0828555
-0.0765163
-0.0699566
-0.0631854
-0.0562109
-0.0490411
-0.0416834
-0.0341456
-0.0264354
-0.0185609
-0.0105309
-0.00235519
0.00595567
0.0143896
0.0229332
0.0315712
0.0402866
0.0490602
0.0578704
0.0666931
0.0755018
0.0842669
0.0929557
0.101533
0.109959
0.118193
0.12619
0.133901
0.141275
0.14826
0.154799
0.160833
0.166306
0.171155
0.175321
0.178745
0.181368
0.183135
0.183994
0.183896
0.182798
0.180664
0.177464
0.173176
0.167785
0.16128
0.153658
0.145002
0.13539
0.123829
0.10952
-0.0861376
-0.0989335
-0.109217
-0.117721
-0.125358
-0.132083
-0.137849
-0.142684
-0.146622
-0.149697
-0.151948
-0.153414
-0.15414
-0.154167
-0.153541
-0.152302
-0.150493
-0.148154
-0.145322
-0.142033
-0.13832
-0.134212
-0.129738
-0.124923
-0.119788
-0.114354
-0.108639
-0.102659
-0.0964269
-0.089955
-0.083254
-0.0763332
-0.0692009
-0.0618647
-0.0543313
-0.0466075
-0.0386996
-0.0306144
-0.0223587
-0.0139401
-0.00536697
0.00335115
0.0122035
0.0211778
0.0302599
0.0394337
0.0486809
0.0579807
0.0673096
0.0766412
0.0859461
0.0951913
0.104341
0.113355
0.12219
0.1308
0.139134
0.147138
0.154755
0.161926
0.168588
0.174677
0.180128
0.184874
0.188849
0.191988
0.19423
0.195513
0.195783
0.194991
0.193093
0.190052
0.185843
0.180446
0.173846
0.166038
0.157107
0.147134
0.135078
0.120102
-0.099062
-0.112356
-0.12301
-0.131783
-0.139624
-0.146488
-0.152327
-0.15717
-0.161056
-0.164025
-0.166117
-0.167381
-0.167862
-0.167611
-0.166676
-0.165103
-0.16294
-0.160231
-0.157017
-0.153337
-0.149226
-0.144718
-0.139842
-0.134625
-0.129091
-0.123261
-0.117153
-0.110783
-0.104164
-0.0973094
-0.0902284
-0.0829299
-0.0754214
-0.0677093
-0.0597995
-0.0516974
-0.0434083
-0.0349372
-0.0262899
-0.0174724
-0.00849162
0.000644306
0.00992608
0.0193427
0.0288815
0.0385276
0.0482637
0.05807
0.0679237
0.077799
0.0876667
0.0974941
0.107244
0.116877
0.126349
0.135609
0.144607
0.153285
0.161583
0.169437
0.17678
0.183543
0.189654
0.195039
0.199626
0.203343
0.206119
0.207885
0.20858
0.208145
0.20653
0.20369
0.199594
0.194217
0.18754
0.179554
0.170349
0.160005
0.14743
0.13175
-0.112988
-0.126814
-0.13786
-0.146912
-0.154961
-0.16196
-0.167858
-0.172691
-0.1765
-0.17933
-0.181229
-0.182249
-0.182444
-0.181869
-0.180579
-0.178626
-0.176063
-0.172937
-0.169296
-0.165182
-0.160633
-0.155686
-0.150372
-0.144719
-0.138754
-0.132498
-0.125969
-0.119185
-0.112158
-0.1049
-0.0974201
-0.0897272
-0.0818272
-0.0737257
-0.065427
-0.0569354
-0.0482543
-0.0393877
-0.0303393
-0.0211137
-0.0117163
-0.0021532
0.00756772
0.0174372
0.0274441
0.0375749
0.0478138
0.0581421
0.0685383
0.0789773
0.0894303
0.099865
0.110245
0.120528
0.13067
0.14062
0.150324
0.159723
0.168751
0.177342
0.185424
0.192921
0.199754
0.205844
0.211111
0.215472
0.218849
0.221165
0.222347
0.222329
0.22105
0.218459
0.214516
0.20919
0.202458
0.194306
0.184825
0.1741
0.160982
0.144557
-0.127984
-0.14238
-0.153842
-0.163187
-0.171447
-0.178574
-0.184517
-0.189315
-0.193017
-0.195672
-0.197334
-0.198065
-0.197924
-0.196974
-0.195276
-0.19289
-0.189873
-0.186281
-0.182163
-0.177566
-0.172534
-0.167105
-0.161313
-0.155189
-0.148759
-0.142045
-0.135068
-0.127843
-0.120384
-0.112702
-0.104805
-0.0967011
-0.088395
-0.0798907
-0.0711915
-0.0622997
-0.0532172
-0.0439462
-0.0344886
-0.0248472
-0.0150252
-0.00502716
0.00514118
0.0154724
0.0259571
0.0365836
0.0473378
0.0582026
0.0691576
0.0801789
0.0912387
0.102305
0.113342
0.124307
0.135155
0.145834
0.156288
0.166455
0.176267
0.185651
0.194532
0.202827
0.210452
0.217319
0.223337
0.228418
0.232471
0.235409
0.237149
0.237614
0.236734
0.234447
0.230703
0.225466
0.218704
0.210399
0.200645
0.189529
0.175841
0.158625
-0.144125
-0.159137
-0.171044
-0.180695
-0.189169
-0.196415
-0.202385
-0.207121
-0.210678
-0.213113
-0.214491
-0.214877
-0.214343
-0.212958
-0.210792
-0.207912
-0.204384
-0.200266
-0.195616
-0.190485
-0.18492
-0.178963
-0.17265
-0.166013
-0.159081
-0.151878
-0.144421
-0.13673
-0.128815
-0.120687
-0.112355
-0.103823
-0.0950966
-0.0861772
-0.0770664
-0.0677648
-0.0582727
-0.0485898
-0.0387162
-0.0286525
-0.0183999
-0.00796066
0.00266164
0.0134617
0.0244323
0.0355638
0.0468441
0.0582578
0.0697864
0.0814073
0.0930942
0.104816
0.116536
0.128215
0.139804
0.151252
0.1625
0.173484
0.184134
0.194372
0.204117
0.21328
0.22177
0.22949
0.236341
0.242223
0.247035
0.250678
0.253057
0.254082
0.25367
0.25175
0.248261
0.243155
0.236394
0.227955
0.217932
0.206413
0.192127
0.174071
-0.161498
-0.177178
-0.189562
-0.199534
-0.208223
-0.215579
-0.221552
-0.226192
-0.22956
-0.231725
-0.232758
-0.232737
-0.231743
-0.229855
-0.227152
-0.22371
-0.219602
-0.214895
-0.209651
-0.203927
-0.197775
-0.191238
-0.184357
-0.177166
-0.169693
-0.161964
-0.153999
-0.145812
-0.137417
-0.128822
-0.120036
-0.111061
-0.1019
-0.0925532
-0.083021
-0.0733015
-0.0633925
-0.0532918
-0.0429971
-0.0325065
-0.0218189
-0.0109341
0.000146782
0.0114209
0.0228834
0.0345272
0.0463423
0.0583157
0.0704307
0.0826669
0.0949992
0.107398
0.119828
0.13225
0.144615
0.156872
0.16896
0.180813
0.192357
0.203511
0.214188
0.224294
0.233728
0.242386
0.250158
0.256932
0.262596
0.267036
0.270144
0.271816
0.271955
0.270475
0.267303
0.26238
0.255658
0.247107
0.23682
0.224889
0.209973
0.19102
-0.180199
-0.196607
-0.209505
-0.219815
-0.228721
-0.236173
-0.24212
-0.246622
-0.24975
-0.251581
-0.252201
-0.251699
-0.250167
-0.247697
-0.244378
-0.240296
-0.235533
-0.230163
-0.224257
-0.217876
-0.211075
-0.203904
-0.196405
-0.188613
-0.18056
-0.172269
-0.163761
-0.155051
-0.14615
-0.137068
-0.127808
-0.118375
-0.108766
-0.0989826
-0.0890204
-0.0788759
-0.0685447
-0.0580219
-0.0473028
-0.0363826
-0.0252577
-0.0139251
-0.00238322
0.0093679
0.0213262
0.0334872
0.0458436
0.058385
0.0710972
0.0839621
0.0969567
0.110053
0.123218
0.136411
0.149587
0.162692
0.175666
0.18844
0.200937
0.213073
0.224755
0.235882
0.246346
0.256034
0.264823
0.27259
0.279209
0.28455
0.288491
0.290909
0.291692
0.290737
0.287957
0.283278
0.276641
0.268005
0.257464
0.245111
0.229529
0.209617
-0.200338
-0.217545
-0.231001
-0.241666
-0.250789
-0.258317
-0.264203
-0.268516
-0.27134
-0.272765
-0.27289
-0.27182
-0.26966
-0.266516
-0.26249
-0.257679
-0.252175
-0.246063
-0.239417
-0.232308
-0.224794
-0.216929
-0.208757
-0.200316
-0.191637
-0.182746
-0.173662
-0.1644
-0.15497
-0.145379
-0.135629
-0.125722
-0.115655
-0.105424
-0.0950249
-0.0844504
-0.0736934
-0.0627464
-0.0516014
-0.0402513
-0.028689
-0.0169087
-0.0049058
0.00732279
0.0197781
0.0324586
0.0453603
0.0584756
0.0717932
0.0852978
0.0989691
0.112781
0.126703
0.140696
0.154716
0.168709
0.182614
0.196361
0.209872
0.223058
0.235821
0.248055
0.259642
0.270458
0.280371
0.289242
0.29693
0.303291
0.30818
0.311459
0.312994
0.312664
0.310363
0.306001
0.299503
0.290817
0.280035
0.26725
0.250964
0.230022
-0.222043
-0.240131
-0.254193
-0.265234
-0.274569
-0.282149
-0.28793
-0.291992
-0.294435
-0.295365
-0.294899
-0.293158
-0.290265
-0.286341
-0.281504
-0.275864
-0.269524
-0.262577
-0.255107
-0.247191
-0.238893
-0.230269
-0.221366
-0.212225
-0.202877
-0.193346
-0.183652
-0.173809
-0.163824
-0.153703
-0.143447
-0.133053
-0.122517
-0.111832
-0.100991
-0.0899831
-0.0787989
-0.0674275
-0.055858
-0.0440798
-0.0320827
-0.0198575
-0.0073962
0.00530757
0.0182583
0.0314579
0.0449059
0.058598
0.0725264
0.086679
0.101039
0.115582
0.130282
0.1451
0.159995
0.174914
0.189796
0.204571
0.219157
0.233465
0.24739
0.260819
0.273627
0.28568
0.296833
0.306932
0.315819
0.32333
0.329301
0.333571
0.335984
0.336396
0.334677
0.330718
0.324425
0.315732
0.304727
0.291502
0.27447
0.252417
-0.245459
-0.264526
-0.27925
-0.290686
-0.300228
-0.307828
-0.313447
-0.317182
-0.31915
-0.31948
-0.318307
-0.315775
-0.312026
-0.307201
-0.301434
-0.294849
-0.287564
-0.279681
-0.271295
-0.262486
-0.253326
-0.243874
-0.23418
-0.224284
-0.214218
-0.204008
-0.19367
-0.183216
-0.172653
-0.161984
-0.151205
-0.140313
-0.1293
-0.118156
-0.10687
-0.095428
-0.0838178
-0.0720247
-0.0600344
-0.0478327
-0.0354061
-0.0227417
-0.00982772
0.00334585
0.0167873
0.0305024
0.0444944
0.0587631
0.0733045
0.0881102
0.103167
0.118455
0.133949
0.149616
0.165416
0.181298
0.197201
0.213057
0.228783
0.244285
0.259455
0.274175
0.288312
0.301719
0.314238
0.325702
0.335931
0.344742
0.351947
0.357358
0.360795
0.362084
0.36107
0.357619
0.351612
0.342966
0.331762
0.31809
0.300264
0.277007
-0.270757
-0.290917
-0.306368
-0.31822
-0.327957
-0.335534
-0.340921
-0.344233
-0.345613
-0.345214
-0.343198
-0.339732
-0.334984
-0.329117
-0.322283
-0.314625
-0.306272
-0.297341
-0.287935
-0.278141
-0.268036
-0.257682
-0.247132
-0.236425
-0.225595
-0.214664
-0.203647
-0.192556
-0.181392
-0.170157
-0.158843
-0.147444
-0.135947
-0.124341
-0.112609
-0.100736
-0.0887033
-0.076494
-0.0640896
-0.0514724
-0.0386247
-0.0255299
-0.0121722
0.00146254
0.0153866
0.0296101
0.0441405
0.0589818
0.0741346
0.0895948
0.105353
0.121395
0.137699
0.154235
0.170966
0.187845
0.204815
0.221804
0.238733
0.255504
0.272008
0.288119
0.303697
0.318585
0.33261
0.345589
0.357322
0.367601
0.376213
0.38294
0.38757
0.389897
0.389734
0.386916
0.381295
0.372763
0.361392
0.347268
0.328595
0.304027
-0.298138
-0.319523
-0.335776
-0.348066
-0.357978
-0.365475
-0.370539
-0.373312
-0.373965
-0.372683
-0.369659
-0.365092
-0.359179
-0.352105
-0.344049
-0.33517
-0.325615
-0.315511
-0.304972
-0.294093
-0.282954
-0.271621
-0.260147
-0.248572
-0.236928
-0.225236
-0.213509
-0.201753
-0.189969
-0.178151
-0.166292
-0.154379
-0.142397
-0.130328
-0.118154
-0.105854
-0.0934059
-0.0807891
-0.0679808
-0.0549591
-0.0417022
-0.0281892
-0.0144003
-0.000316751
0.0140781
0.0287991
0.0438582
0.0592644
0.075023
0.0911351
0.107596
0.124397
0.141521
0.158943
0.176629
0.194538
0.212614
0.230789
0.248984
0.267101
0.285029
0.302637
0.319777
0.336281
0.351966
0.366626
0.380042
0.391981
0.402197
0.410441
0.416463
0.420019
0.420882
0.418847
0.413733
0.405401
0.393908
0.379331
0.359751
0.333748
-0.327836
-0.350607
-0.367745
-0.380492
-0.390551
-0.397893
-0.40252
-0.404605
-0.404361
-0.402009
-0.397782
-0.391916
-0.384641
-0.376174
-0.366717
-0.356453
-0.345543
-0.33413
-0.322336
-0.310264
-0.297997
-0.285603
-0.273137
-0.260636
-0.248131
-0.235639
-0.223169
-0.210725
-0.198302
-0.185891
-0.173479
-0.161049
-0.148581
-0.136054
-0.123444
-0.110726
-0.0978737
-0.0848617
-0.0716632
-0.0582517
-0.0446012
-0.0306863
-0.0164824
-0.00196629
0.0128836
0.0280869
0.0436609
0.0596197
0.0759743
0.092731
0.109892
0.127452
0.145402
0.163721
0.182383
0.201349
0.22057
0.239981
0.259504
0.279045
0.298489
0.317703
0.336533
0.354802
0.372311
0.388837
0.404138
0.417951
0.429999
0.439993
0.44764
0.45265
0.454748
0.453683
0.449227
0.441202
0.429643
0.414617
0.394064
0.366481
-0.360135
-0.384478
-0.4026
-0.41582
-0.425979
-0.433067
-0.43711
-0.438325
-0.436972
-0.433323
-0.427659
-0.42026
-0.411396
-0.401319
-0.390259
-0.378423
-0.365991
-0.35312
-0.33994
-0.326559
-0.313066
-0.299529
-0.286
-0.272516
-0.259103
-0.245774
-0.232535
-0.219382
-0.206306
-0.193294
-0.180326
-0.16738
-0.154431
-0.141454
-0.128418
-0.115295
-0.102053
-0.0886623
-0.0750913
-0.061309
-0.0472845
-0.0329876
-0.0183892
-0.00346102
0.0118237
0.0274899
0.0435603
0.060055
0.0769905
0.0943799
0.112231
0.130547
0.149323
0.168547
0.188199
0.208246
0.228646
0.249339
0.270252
0.291292
0.312347
0.333281
0.353936
0.374126
0.393639
0.412234
0.429644
0.445577
0.459716
0.47173
0.481276
0.488008
0.491595
0.491725
0.488114
0.480534
0.468989
0.453525
0.431924
0.40259
-0.395371
-0.42151
-0.440726
-0.454428
-0.464623
-0.471324
-0.474593
-0.474707
-0.471986
-0.466764
-0.459382
-0.450173
-0.439454
-0.427518
-0.414626
-0.401012
-0.386874
-0.372381
-0.357674
-0.342866
-0.328045
-0.31328
-0.29862
-0.284098
-0.269734
-0.255536
-0.241503
-0.227626
-0.213889
-0.200272
-0.186749
-0.173294
-0.159874
-0.146459
-0.133013
-0.119502
-0.10589
-0.0921412
-0.0782198
-0.0640896
-0.049715
-0.0350609
-0.0200928
-0.00477736
0.0109175
0.0270224
0.0435659
0.0605742
0.0780707
0.0960748
0.114602
0.133662
0.15326
0.17339
0.19404
0.215187
0.236795
0.258812
0.281171
0.303785
0.326545
0.349316
0.371936
0.394214
0.415925
0.436812
0.456582
0.474909
0.491438
0.505787
0.517554
0.526331
0.531713
0.533318
0.530787
0.523826
0.512399
0.496522
0.473789
0.442501
-0.433954
-0.462157
-0.482592
-0.496774
-0.506908
-0.513044
-0.515296
-0.514016
-0.509605
-0.502474
-0.493036
-0.481691
-0.468809
-0.454729
-0.439748
-0.424125
-0.408079
-0.391792
-0.375411
-0.359051
-0.3428
-0.326724
-0.310867
-0.295256
-0.279903
-0.264809
-0.249964
-0.235353
-0.220952
-0.206733
-0.192664
-0.178711
-0.164836
-0.151
-0.137164
-0.123288
-0.10933
-0.0952494
-0.0810043
-0.0665541
-0.0518579
-0.0368755
-0.0215672
-0.00589425
0.0101811
0.0266954
0.0436834
0.061178
0.0792094
0.0978047
0.116987
0.136775
0.157182
0.178212
0.199862
0.222119
0.244957
0.268334
0.292192
0.316451
0.341008
0.365733
0.390464
0.415006
0.439124
0.462545
0.484952
0.505986
0.525246
0.542295
0.556666
0.567872
0.575424
0.578847
0.577694
0.57158
0.560412
0.544162
0.520203
0.48672
-0.476382
-0.506971
-0.528766
-0.543408
-0.553341
-0.558674
-0.559592
-0.556547
-0.550045
-0.540594
-0.528698
-0.514831
-0.499429
-0.48288
-0.465521
-0.447638
-0.429467
-0.411202
-0.392992
-0.374955
-0.357174
-0.339708
-0.322594
-0.305848
-0.289475
-0.273465
-0.2578
-0.242453
-0.227393
-0.212582
-0.197982
-0.183549
-0.16924
-0.155009
-0.14081
-0.126597
-0.112322
-0.0979397
-0.0834028
-0.0686652
-0.0536808
-0.0384041
-0.02279
-0.00679417
0.00962701
0.0265161
0.0439145
0.0618619
0.0803961
0.0995522
0.119362
0.139854
0.161049
0.182965
0.205609
0.228979
0.253061
0.277826
0.303227
0.329196
0.355639
0.382434
0.409423
0.436412
0.463159
0.489377
0.514728
0.538819
0.561201
0.581376
0.598802
0.612901
0.62308
0.628753
0.629352
0.624381
0.613664
0.597106
0.57182
0.535852
-0.523271
-0.556636
-0.579947
-0.594996
-0.604528
-0.608735
-0.607906
-0.602625
-0.593533
-0.581262
-0.566422
-0.549581
-0.531247
-0.511862
-0.491805
-0.471387
-0.450861
-0.430426
-0.410234
-0.390396
-0.370989
-0.352061
-0.333636
-0.315721
-0.298306
-0.281371
-0.264885
-0.24881
-0.233104
-0.217721
-0.202612
-0.187727
-0.173013
-0.158417
-0.143888
-0.129372
-0.114816
-0.100168
-0.0853768
-0.0703897
-0.0551556
-0.0396235
-0.0237431
-0.00746423
0.00926265
0.0264864
0.0442551
0.0626159
0.0816141
0.101294
0.121696
0.142858
0.164814
0.187593
0.211213
0.235689
0.261019
0.287189
0.314168
0.341903
0.370314
0.399291
0.428686
0.458308
0.487917
0.517217
0.545849
0.573387
0.599336
0.623133
0.644148
0.661698
0.675067
0.683528
0.686361
0.682922
0.672916
0.656157
0.629432
0.590627
-0.575389
-0.612001
-0.636998
-0.652356
-0.661199
-0.663842
-0.660722
-0.652604
-0.640298
-0.624594
-0.606234
-0.585889
-0.56415
-0.541518
-0.518411
-0.495165
-0.472042
-0.449244
-0.426916
-0.405161
-0.384041
-0.363589
-0.343815
-0.324708
-0.306243
-0.288385
-0.271089
-0.254305
-0.237978
-0.222052
-0.206467
-0.191164
-0.176082
-0.161161
-0.14634
-0.131562
-0.116767
-0.101896
-0.0868927
-0.0716992
-0.0562591
-0.0405161
-0.0244141
-0.00789735
0.00908962
0.0266021
0.044695
0.0634229
0.0828395
0.102998
0.123948
0.14574
0.168418
0.192025
0.216595
0.242156
0.268725
0.296305
0.324885
0.35443
0.38488
0.416142
0.448085
0.48053
0.513242
0.545923
0.578201
0.609622
0.639644
0.667635
0.692872
0.714549
0.731801
0.743727
0.749414
0.74802
0.739087
0.722288
0.694009
0.65194
-0.633702
-0.674141
-0.701
-0.716491
-0.724228
-0.724712
-0.718587
-0.706858
-0.690562
-0.670679
-0.648108
-0.623643
-0.597963
-0.571629
-0.545093
-0.518709
-0.492744
-0.467391
-0.442785
-0.419007
-0.396102
-0.374082
-0.352934
-0.332628
-0.313121
-0.294358
-0.276278
-0.258818
-0.241907
-0.225478
-0.20946
-0.193784
-0.178379
-0.163179
-0.148115
-0.133122
-0.118135
-0.10309
-0.087923
-0.0725721
-0.0569752
-0.0410707
-0.0247972
-0.00809333
0.00910242
0.0268517
0.0452164
0.0642585
0.0840402
0.104624
0.12607
0.14844
0.171792
0.196181
0.22166
0.248272
0.276056
0.305036
0.335222
0.366605
0.399149
0.432787
0.467409
0.50286
0.538918
0.575294
0.61161
0.647393
0.682059
0.714905
0.745109
0.771727
0.793719
0.809967
0.819313
0.820651
0.813292
0.796704
0.766758
0.720899
-0.699444
-0.744422
-0.773317
-0.788648
-0.794675
-0.79218
-0.782104
-0.765775
-0.744516
-0.719546
-0.691949
-0.662654
-0.63243
-0.601895
-0.57153
-0.541692
-0.512643
-0.484557
-0.457544
-0.43166
-0.40692
-0.383307
-0.360784
-0.339294
-0.318771
-0.299138
-0.280318
-0.262228
-0.244785
-0.227906
-0.211509
-0.195514
-0.179843
-0.164419
-0.149167
-0.134014
-0.11889
-0.103724
-0.0884481
-0.0729941
-0.057295
-0.0412841
-0.0248946
-0.00805981
0.00928769
0.0272158
0.0457932
0.0650895
0.0851754
0.106122
0.128003
0.150889
0.174853
0.199966
0.226297
0.253912
0.282869
0.313218
0.344996
0.378224
0.412896
0.448979
0.486396
0.525022
0.564664
0.605053
0.645821
0.686484
0.726429
0.764888
0.800936
0.833479
0.861268
0.882928
0.896983
0.901976
0.896896
0.880905
0.849196
0.798895
-0.774214
-0.824617
-0.85569
-0.870377
-0.873817
-0.867213
-0.85193
-0.829726
-0.802294
-0.77114
-0.737558
-0.702623
-0.667191
-0.631924
-0.597315
-0.563714
-0.531354
-0.500379
-0.470859
-0.442813
-0.416216
-0.391016
-0.367142
-0.344507
-0.323018
-0.302574
-0.283075
-0.26442
-0.24651
-0.229247
-0.212538
-0.196291
-0.180418
-0.164834
-0.149457
-0.134207
-0.119008
-0.103782
-0.0884571
-0.07296
-0.0572188
-0.0411617
-0.0247172
-0.00781318
0.00962327
0.0276661
0.0463906
0.0658739
0.086195
0.107435
0.129677
0.153006
0.177508
0.203271
0.230384
0.258932
0.288999
0.320664
0.353995
0.389046
0.425853
0.464422
0.504722
0.546669
0.590117
0.634832
0.680473
0.72657
0.772492
0.817423
0.860339
0.899985
0.934882
0.963338
0.98348
0.993384
0.991583
0.976784
0.943262
0.887709
-0.860123
-0.917051
-0.950369
-0.963626
-0.963194
-0.950913
-0.928749
-0.899034
-0.863926
-0.825269
-0.784591
-0.743108
-0.70175
-0.661202
-0.621942
-0.584286
-0.548422
-0.514438
-0.482351
-0.452126
-0.423689
-0.396943
-0.371777
-0.348066
-0.325687
-0.304512
-0.284418
-0.265282
-0.246988
-0.229424
-0.212482
-0.196061
-0.180062
-0.164391
-0.148961
-0.133683
-0.118475
-0.103257
-0.0879491
-0.0724744
-0.0567564
-0.0407188
-0.0242853
-0.00737919
0.0100777
0.0281651
0.0469645
0.0665603
0.0870395
0.108493
0.131013
0.154699
0.179652
0.205976
0.233779
0.263172
0.294263
0.327164
0.361977
0.398798
0.437709
0.478768
0.521998
0.567377
0.614819
0.664149
0.715081
0.767181
0.819832
0.872194
0.923159
0.971317
1.01494
1.05195
1.08
1.09653
1.09945
1.08676
1.05148
0.989656
-0.960005
-1.02483
-1.06029
-1.07084
-1.06465
-1.0445
-1.01322
-0.973905
-0.929267
-0.881545
-0.832502
-0.783479
-0.735445
-0.68907
-0.644782
-0.602827
-0.563317
-0.52626
-0.4916
-0.459232
-0.42902
-0.400813
-0.374451
-0.349769
-0.326608
-0.304811
-0.284227
-0.264714
-0.246137
-0.228368
-0.211287
-0.194781
-0.178741
-0.163067
-0.147661
-0.132432
-0.117291
-0.102153
-0.0869341
-0.0715525
-0.055928
-0.0399804
-0.0236292
-0.00679322
0.0106103
0.0286661
0.0474617
0.0670881
0.0876401
0.109217
0.131923
0.155869
0.181169
0.207947
0.236331
0.266454
0.298457
0.332481
0.368671
0.407168
0.448108
0.491609
0.537765
0.586631
0.638203
0.692394
0.749003
0.807671
0.867835
0.928672
0.98903
1.04736
1.10168
1.1495
1.18785
1.21339
1.22309
1.21397
1.17717
1.10782
-1.07777
-1.1522
-1.18933
-1.19512
-1.18035
-1.14928
-1.10592
-1.05433
-0.997902
-0.939293
-0.880476
-0.822864
-0.767409
-0.714704
-0.665075
-0.618653
-0.575433
-0.535317
-0.49815
-0.463741
-0.431878
-0.402346
-0.37493
-0.34942
-0.325618
-0.303334
-0.282393
-0.262629
-0.243887
-0.226027
-0.208913
-0.192422
-0.176437
-0.16085
-0.145557
-0.130461
-0.115467
-0.100487
-0.0854335
-0.0702207
-0.0547647
-0.0389822
-0.022789
-0.00610033
0.0111706
0.0291133
0.0478202
0.0673884
0.0879197
0.109522
0.132309
0.156403
0.181934
0.209041
0.237874
0.26859
0.30136
0.336361
0.37378
0.413811
0.456648
0.502482
0.55149
0.603823
0.659584
0.718805
0.781411
0.847168
0.915627
0.986042
1.05728
1.12772
1.19513
1.2566
1.30844
1.34626
1.3658
1.36252
1.32487
1.24639
-1.21896
-1.30506
-1.34267
-1.34032
-1.31279
-1.26652
-1.20713
-1.13991
-1.069
-0.997439
-0.927339
-0.86009
-0.796529
-0.737088
-0.681917
-0.630973
-0.584092
-0.541032
-0.501516
-0.465246
-0.431925
-0.401263
-0.372986
-0.346834
-0.322568
-0.299966
-0.278824
-0.258955
-0.240187
-0.222362
-0.205335
-0.188971
-0.173147
-0.157746
-0.14266
-0.127786
-0.113026
-0.0982879
-0.0834806
-0.0685162
-0.053308
-0.0377696
-0.0218145
-0.00535455
0.0117002
0.0294427
0.0479702
0.0673847
0.0877941
0.109313
0.132066
0.156185
0.181813
0.209107
0.238234
0.269379
0.30274
0.338532
0.376987
0.418353
0.462891
0.510872
0.56257
0.618249
0.678149
0.742456
0.811267
0.884537
0.962007
1.0431
1.12682
1.21154
1.29491
1.3736
1.44309
1.49776
1.53162
1.53786
1.50079
1.41131
-1.39175
-1.4918
-1.52728
-1.51126
-1.4647
-1.39725
-1.31667
-1.22966
-1.14113
-1.05436
-0.971455
-0.893613
-0.821411
-0.754999
-0.694258
-0.638901
-0.588551
-0.542792
-0.501193
-0.463339
-0.428831
-0.397302
-0.368411
-0.341848
-0.317333
-0.29461
-0.27345
-0.253643
-0.235003
-0.217356
-0.200547
-0.184434
-0.168884
-0.153776
-0.138996
-0.12444
-0.110005
-0.0955956
-0.0811198
-0.0664872
-0.0516093
-0.0363977
-0.020764
-0.00461808
0.0121325
0.0295837
0.0478358
0.0669949
0.0871741
0.108495
0.131087
0.155095
0.180672
0.20799
0.237236
0.268616
0.302358
0.338714
0.37796
0.420402
0.466369
0.51622
0.570337
0.629117
0.692959
0.762243
0.837295
0.918331
1.00538
1.09817
1.19596
1.29735
1.4
1.50028
1.5929
1.67074
1.72559
1.74727
1.71376
1.61122
-1.60869
-1.72466
-1.75255
-1.71372
-1.63875
-1.54184
-1.4334
-1.32163
-1.21197
-1.10771
-1.01062
-0.921464
-0.840352
-0.767
-0.700907
-0.641462
-0.588026
-0.539966
-0.496683
-0.457625
-0.422289
-0.390222
-0.361021
-0.334324
-0.309811
-0.287196
-0.266224
-0.246668
-0.228325
-0.211013
-0.194565
-0.178832
-0.163677
-0.148974
-0.134607
-0.120467
-0.106452
-0.0924623
-0.078406
-0.0641914
-0.0497289
-0.0349295
-0.0197034
-0.00395961
0.0123957
0.0294603
0.0473366
0.0661336
0.0859678
0.106965
0.129263
0.153011
0.178375
0.205538
0.234703
0.266098
0.299977
0.336626
0.376366
0.419555
0.466596
0.517938
0.574077
0.635556
0.702959
0.776896
0.857976
0.946759
1.04368
1.14893
1.26227
1.38275
1.50835
1.63548
1.75826
1.86799
1.95371
2.00053
1.97656
1.85934
-1.89003
-2.02183
-2.031
-1.9543
-1.83696
-1.69932
-1.55469
-1.41243
-1.27804
-1.15422
-1.04196
-0.941205
-0.851343
-0.771467
-0.700569
-0.637638
-0.581719
-0.531938
-0.487511
-0.447745
-0.412028
-0.379827
-0.350675
-0.324165
-0.29994
-0.277687
-0.257132
-0.238031
-0.22017
-0.203358
-0.187422
-0.172207
-0.157574
-0.143394
-0.129548
-0.115927
-0.102427
-0.0889507
-0.0754037
-0.0616948
-0.0477347
-0.0334342
-0.0187038
-0.0034523
0.0124144
0.0289943
0.0463911
0.0647149
0.0840845
0.104629
0.126489
0.14982
0.174795
0.201606
0.230472
0.261635
0.295374
0.332003
0.371882
0.415423
0.463094
0.515434
0.573056
0.636654
0.707013
0.785
0.871561
0.967683
1.07434
1.19237
1.32231
1.46407
1.61644
1.77643
1.93812
2.09157
2.2228
2.3106
2.3081
2.17692
-2.27052
-2.41086
-2.37882
-2.23948
-2.05939
-1.86614
-1.67539
-1.49663
-1.33427
-1.18951
-1.06184
-0.949927
-0.852099
-0.766632
-0.691893
-0.626405
-0.568863
-0.51814
-0.473262
-0.433397
-0.397836
-0.36597
-0.337279
-0.311316
-0.287695
-0.266083
-0.24619
-0.227763
-0.210579
-0.194441
-0.179173
-0.164619
-0.150637
-0.137099
-0.123886
-0.110887
-0.0980017
-0.0851317
-0.0721844
-0.0590697
-0.0456992
-0.0319852
-0.0178393
-0.00317125
0.012112
0.0281079
0.0449192
0.0626562
0.0814377
0.101393
0.122666
0.145414
0.169814
0.196066
0.224394
0.255057
0.288347
0.324604
0.364219
0.407646
0.455416
0.508145
0.566556
0.631493
0.703942
0.785045
0.876116
0.978641
1.09425
1.22466
1.37149
1.536
1.71856
1.91773
2.12874
2.34149
2.53952
2.69416
2.73689
2.60029
-2.81308
-2.93351
-2.815
-2.57285
-2.30124
-2.03388
-1.78634
-1.56579
-1.37354
-1.20786
-1.06583
-0.944262
-0.840106
-0.750642
-0.673527
-0.606784
-0.548758
-0.498074
-0.453588
-0.414349
-0.379562
-0.348562
-0.320787
-0.295764
-0.273089
-0.252414
-0.233443
-0.215917
-0.199611
-0.184326
-0.169888
-0.15614
-0.142941
-0.130165
-0.117695
-0.105424
-0.0932507
-0.0810808
-0.0688235
-0.0563912
-0.0436978
-0.0306578
-0.0171852
-0.00319188
0.0114129
0.0267242
0.0428431
0.0598777
0.0779452
0.0971739
0.117706
0.139699
0.16333
0.188801
0.216341
0.246214
0.278722
0.314219
0.353119
0.395907
0.443157
0.495551
0.553905
0.619191
0.692581
0.775482
0.869582
0.976898
1.09981
1.24107
1.40376
1.59107
1.80587
2.04979
2.32127
2.61263
2.90746
3.17066
3.30592
3.19485
-3.63204
-3.65025
-3.35759
-2.95023
-2.54879
-2.18656
-1.87291
-1.60789
-1.38656
-1.20237
-1.04894
-0.920663
-0.812873
-0.721766
-0.644282
-0.57797
-0.520867
-0.471395
-0.428279
-0.390481
-0.357153
-0.327595
-0.301225
-0.277558
-0.256183
-0.236753
-0.21897
-0.202577
-0.187353
-0.173102
-0.159653
-0.146855
-0.13457
-0.122676
-0.11106
-0.0996185
-0.0882544
-0.0768767
-0.0653984
-0.0537352
-0.0418047
-0.0295249
-0.016813
-0.00358475
0.0102473
0.0247746
0.0400945
0.0563114
0.0735388
0.0919012
0.111537
0.1326
0.155265
0.179729
0.206221
0.235001
0.266376
0.300702
0.3384
0.379972
0.426016
0.477254
0.534562
0.599011
0.671914
0.7549
0.849989
0.959701
1.08718
1.23631
1.41187
1.61956
1.86586
2.15739
2.49907
2.89066
3.3221
3.75837
4.07678
4.07835
-4.93388
-4.64058
-4.01638
-3.35556
-2.77791
-2.30076
-1.91614
-1.60902
-1.3637
-1.16664
-1.00705
-0.876591
-0.768916
-0.679208
-0.603802
-0.539887
-0.485288
-0.438304
-0.397592
-0.362081
-0.330908
-0.303368
-0.278885
-0.256978
-0.237247
-0.219353
-0.203009
-0.187966
-0.174013
-0.160962
-0.148651
-0.136934
-0.125682
-0.114777
-0.104114
-0.0935939
-0.0831252
-0.0726217
-0.0620014
-0.0511847
-0.0400936
-0.0286506
-0.0167778
-0.00439543
0.00857912
0.0222325
0.0366566
0.0519507
0.0682223
0.0855899
0.104185
0.124155
0.145667
0.16891
0.194104
0.221503
0.251401
0.28415
0.320162
0.359935
0.404067
0.453289
0.508498
0.570806
0.641607
0.722667
0.816241
0.925237
1.05344
1.20583
1.38891
1.61126
1.88394
2.22077
2.63779
3.15046
3.7666
4.46676
5.12951
5.46076
-7.17807
-6.00416
-4.7533
-3.73046
-2.93571
-2.33554
-1.88767
-1.55086
-1.29367
-1.094
-0.936405
-0.810059
-0.707306
-0.622664
-0.552142
-0.492787
-0.442373
-0.399197
-0.361939
-0.329555
-0.301216
-0.27625
-0.25411
-0.234344
-0.216576
-0.200488
-0.185812
-0.172318
-0.159807
-0.148107
-0.137064
-0.126546
-0.116431
-0.106611
-0.0969877
-0.0874695
-0.0779716
-0.0684142
-0.0587209
-0.048818
-0.038633
-0.0280943
-0.0171293
-0.00566401
0.00637814
0.0190776
0.0325198
0.0467966
0.0620082
0.0782645
0.0956878
0.114415
0.134602
0.156425
0.180089
0.205832
0.23393
0.264712
0.29857
0.335975
0.377497
0.423837
0.475865
0.534668
0.60163
0.67853
0.76769
0.872187
0.996168
1.14531
1.32754
1.55402
1.84064
2.21008
2.69464
3.33683
4.18012
5.25639
6.56564
7.80733
-11.5601
-7.80262
-5.29301
-3.81994
-2.84171
-2.17223
-1.7113
-1.38436
-1.14413
-0.962261
-0.821078
-0.709109
-0.618693
-0.544567
-0.483013
-0.431333
-0.387522
-0.350064
-0.317786
-0.289771
-0.265288
-0.243747
-0.224667
-0.207651
-0.192368
-0.178539
-0.165928
-0.154331
-0.143573
-0.133501
-0.123979
-0.114888
-0.106121
-0.0975811
-0.08918
-0.080836
-0.072473
-0.0640194
-0.0554064
-0.0465677
-0.0374383
-0.0279534
-0.0180479
-0.00765518
0.00329367
0.0148709
0.0271531
0.0402227
0.0541693
0.0690912
0.0850975
0.10231
0.120868
0.140928
0.162672
0.186309
0.212087
0.240295
0.271281
0.305459
0.343337
0.385535
0.432824
0.486174
0.546824
0.616374
0.696938
0.791353
0.903521
1.03894
1.20558
1.41535
1.6865
2.04822
2.54902
3.26599
4.30362
5.85005
8.44987
12.3182
-18.9698
-9.55621
-5.06809
-3.24733
-2.28433
-1.70017
-1.32928
-1.07803
-0.896601
-0.759521
-0.652597
-0.567183
-0.497688
-0.440318
-0.392394
-0.351959
-0.317546
-0.288032
-0.262543
-0.240384
-0.220996
-0.203926
-0.188798
-0.175301
-0.163174
-0.152192
-0.142166
-0.132931
-0.124343
-0.116277
-0.108621
-0.101275
-0.0941508
-0.0871661
-0.0802464
-0.0733226
-0.0663301
-0.0592076
-0.0518964
-0.0443397
-0.0364817
-0.0282668
-0.0196392
-0.0105418
-0.00091567
0.00930082
0.0201729
0.0317706
0.0441694
0.0574522
0.0717104
0.0870458
0.103573
0.121422
0.140742
0.161704
0.184509
0.209389
0.236623
0.266541
0.299543
0.336116
0.37686
0.422521
0.474047
0.532651
0.59992
0.677968
0.769685
0.879142
1.0123
1.17828
1.39194
1.67953
2.09191
2.72593
3.75689
5.67363
10.2794
19.8164
)
;

boundaryField
{
    movingWall
    {
        type            zeroGradient;
    }
    fixedWalls
    {
        type            zeroGradient;
    }
    frontAndBack
    {
        type            empty;
    }
}


// ************************************************************************* //
