/*--------------------------------*- C++ -*----------------------------------*\
  =========                 |
  \\      /  F ield         | OpenFOAM: The Open Source CFD Toolbox
   \\    /   O peration     | Website:  https://openfoam.org
    \\  /    A nd           | Version:  7
     \\/     M anipulation  |
\*---------------------------------------------------------------------------*/
FoamFile
{
    version     2.0;
    format      ascii;
    class       volScalarField;
    location    "0.1";
    object      p;
}
// * * * * * * * * * * * * * * * * * * * * * * * * * * * * * * * * * * * * * //

dimensions      [0 2 -2 0 0 0 0];

internalField   nonuniform List<scalar> 
6400
(
-9.00151e-08
1.2255e-05
-0.000487692
-0.00150514
-0.00292506
-0.00463896
-0.00654834
-0.00856533
-0.010614
-0.0126297
-0.0145582
-0.0163538
-0.0179786
-0.0194011
-0.0205958
-0.0215421
-0.0222239
-0.0226291
-0.0227493
-0.0225789
-0.0221155
-0.021359
-0.020312
-0.0189791
-0.0173667
-0.0154831
-0.0133379
-0.0109424
-0.00830884
-0.00545103
-0.00238373
0.000877087
0.00431458
0.007911
0.0116478
0.0155059
0.0194655
0.0235063
0.0276077
0.0317482
0.0359063
0.0400599
0.044187
0.0482655
0.0522735
0.0561893
0.0599913
0.0636582
0.0671694
0.0705046
0.0736445
0.0765706
0.0792657
0.0817138
0.0839006
0.0858131
0.0874403
0.0887729
0.089804
0.0905289
0.0909458
0.0910555
0.0908619
0.0903724
0.0895978
0.0885531
0.0872573
0.0857342
0.0840129
0.0821283
0.0801215
0.0780413
0.0759444
0.0738973
0.0719767
0.0702699
0.0688732
0.0678897
0.0674255
0.067462
-1.10812e-05
4.96745e-06
-0.000440391
-0.00130902
-0.00250315
-0.00394461
-0.00555849
-0.00727356
-0.00902572
-0.0107585
-0.0124228
-0.0139768
-0.0153846
-0.0166165
-0.0176474
-0.0184572
-0.0190297
-0.0193526
-0.0194168
-0.0192161
-0.0187474
-0.0180097
-0.0170046
-0.0157357
-0.0142083
-0.0124296
-0.0104082
-0.008154
-0.00567834
-0.0029938
-0.000113931
0.00294649
0.00617175
0.00954538
0.0130501
0.016668
0.0203807
0.0241692
0.028014
0.0318952
0.0357925
0.0396853
0.0435528
0.0473745
0.0511301
0.054799
0.0583613
0.0617972
0.0650876
0.0682136
0.0711574
0.0739021
0.0764319
0.0787322
0.08079
0.082594
0.0841342
0.0854026
0.0863933
0.087103
0.0875305
0.0876775
0.0875486
0.0871515
0.0864976
0.0856014
0.0844818
0.0831619
0.0816694
0.0800374
0.078304
0.0765139
0.074718
0.0729742
0.0713471
0.0699071
0.0687269
0.0678806
0.0674611
0.0674986
0.000490931
0.000457787
1.33263e-05
-0.000787972
-0.00186022
-0.003141
-0.0045697
-0.00608693
-0.00763793
-0.00917351
-0.0106499
-0.0120288
-0.0132774
-0.0143675
-0.0152755
-0.0159822
-0.0164716
-0.0167315
-0.0167527
-0.0165289
-0.0160564
-0.0153338
-0.0143621
-0.0131441
-0.0116844
-0.00998922
-0.00806643
-0.00592516
-0.00357572
-0.00102975
0.00170002
0.00459987
0.00765507
0.0108501
0.0141687
0.0175941
0.0211088
0.024695
0.0283344
0.032008
0.0356964
0.0393804
0.0430404
0.0466571
0.0502111
0.0536832
0.0570546
0.0603067
0.0634216
0.0663816
0.0691699
0.0717709
0.0741699
0.0763535
0.0783097
0.0800282
0.0814997
0.0827174
0.0836763
0.0843735
0.0848086
0.0849837
0.0849037
0.0845765
0.0840132
0.0832282
0.0822395
0.0810693
0.0797437
0.0782935
0.076754
0.0751656
0.0735737
0.0720288
0.0705861
0.0693043
0.0682421
0.0674595
0.0670409
0.0670373
0.00151529
0.00133717
0.000823893
1.94383e-05
-0.00101066
-0.0022139
-0.00353879
-0.00493513
-0.00635593
-0.0077583
-0.00910358
-0.0103574
-0.0114897
-0.0124746
-0.0132904
-0.0139188
-0.0143447
-0.0145564
-0.0145448
-0.0143037
-0.0138293
-0.0131199
-0.0121761
-0.0110003
-0.00959658
-0.00797061
-0.0061295
-0.00408172
-0.00183689
0.000594145
0.0031994
0.00596595
0.00887994
0.0119266
0.0150907
0.0183561
0.0217065
0.0251249
0.0285938
0.0320951
0.0356105
0.0391217
0.04261
0.0460571
0.0494447
0.0527544
0.0559685
0.0590695
0.0620402
0.0648639
0.0675248
0.0700082
0.0723003
0.0743886
0.0762619
0.0779105
0.0793261
0.0805023
0.0814345
0.0821207
0.0825606
0.0827565
0.0827133
0.0824389
0.0819439
0.081242
0.0803505
0.0792901
0.0780852
0.0767641
0.0753592
0.0739065
0.0724466
0.0710235
0.0696848
0.0684803
0.0674602
0.0666757
0.0661942
0.0660586
0.00295163
0.00254944
0.00190963
0.00105252
1.46319e-05
-0.00115992
-0.00242781
-0.00374704
-0.00507782
-0.00638318
-0.00762938
-0.00878606
-0.00982636
-0.0107268
-0.0114674
-0.0120314
-0.012405
-0.0125768
-0.0125385
-0.0122839
-0.0118093
-0.011113
-0.0101953
-0.00905836
-0.00770577
-0.00614278
-0.00437599
-0.00241321
-0.000263488
0.00206301
0.00455504
0.00720039
0.00998593
0.0128977
0.0159212
0.0190413
0.0222423
0.0255082
0.0288222
0.0321672
0.0355256
0.0388801
0.042213
0.0455066
0.0487437
0.0519068
0.054979
0.0579437
0.0607844
0.0634855
0.0660319
0.0684097
0.0706059
0.0726088
0.0744078
0.0759937
0.0773588
0.0784973
0.0794051
0.0800802
0.0805227
0.0807349
0.0807215
0.08049
0.0800508
0.0794165
0.0786032
0.0776301
0.0765199
0.0752983
0.0739943
0.0726402
0.0712712
0.0699258
0.0686445
0.0674694
0.0664433
0.0656098
0.0650094
0.0646638
0.00469794
0.00402172
0.00321268
0.00226289
0.00117618
-1.09777e-05
-0.00126174
-0.00254189
-0.00381812
-0.00505891
-0.00623526
-0.00732073
-0.00829164
-0.00912711
-0.00980914
-0.0103225
-0.0106544
-0.0107948
-0.0107358
-0.0104716
-0.00999874
-0.00931562
-0.00842242
-0.00732103
-0.00601488
-0.00450881
-0.00280901
-0.000922797
0.00114134
0.00337379
0.00576396
0.00830027
0.0109703
0.0137608
0.0166579
0.0196474
0.0227142
0.0258432
0.0290181
0.0322228
0.0354406
0.0386547
0.0418485
0.045005
0.0481077
0.05114
0.0540857
0.056929
0.0596543
0.0622464
0.0646912
0.0669754
0.0690867
0.0710139
0.0727469
0.0742771
0.0755973
0.0767019
0.0775872
0.0782513
0.0786942
0.0789181
0.0789276
0.0787298
0.0783341
0.0777523
0.0769992
0.0760925
0.0750529
0.0739033
0.0726697
0.0713804
0.0700661
0.0687599
0.0674961
0.0663098
0.0652375
0.0643159
0.0635542
0.0629482
0.0066641
0.00568589
0.00467805
0.00360447
0.00243539
0.00120103
-6.72037e-05
-0.00134166
-0.00259503
-0.00380082
-0.0049343
-0.00597272
-0.00689556
-0.0076846
-0.00832386
-0.00879973
-0.00910088
-0.00921815
-0.00914443
-0.0088746
-0.00840541
-0.00773549
-0.00686512
-0.00579605
-0.00453156
-0.00307626
-0.00143598
0.000382336
0.00237065
0.00451985
0.00681987
0.00925973
0.0118276
0.0145107
0.0172962
0.0201703
0.0231187
0.0261267
0.029179
0.0322601
0.035354
0.0384448
0.0415163
0.0445524
0.0475373
0.0504552
0.0532904
0.0560277
0.0586522
0.0611494
0.0635058
0.0657087
0.0677464
0.0696078
0.0712835
0.0727652
0.074046
0.0751207
0.0759855
0.0766385
0.0770797
0.0773112
0.077337
0.0771637
0.0767998
0.0762561
0.0755461
0.0746859
0.073694
0.072591
0.0713996
0.0701444
0.0688523
0.0675513
0.0662703
0.0650381
0.0638863
0.0628453
0.0618926
0.0609974
0.00877183
0.00747828
0.00625263
0.00503235
0.00375518
0.00244619
0.00113254
-0.000163811
-0.00142093
-0.00261692
-0.00373084
-0.00474338
-0.00563708
-0.0063962
-0.00700688
-0.00745719
-0.00773726
-0.00783906
-0.00775625
-0.00748436
-0.00702067
-0.00636405
-0.00551492
-0.0044751
-0.0032478
-0.00183743
-0.000249606
0.00150898
0.00343071
0.00550692
0.00772793
0.0100832
0.0125615
0.0151508
0.0178387
0.0206118
0.0234567
0.0263591
0.0293044
0.0322777
0.0352639
0.0382474
0.0412127
0.0441445
0.0470275
0.0498464
0.0525862
0.0552321
0.0577699
0.0601856
0.0624663
0.0645996
0.066574
0.0683791
0.0700057
0.0714459
0.0726929
0.0737415
0.0745878
0.0752299
0.0756677
0.0759028
0.0759391
0.0757821
0.0754395
0.074921
0.0742388
0.0734074
0.0724433
0.0713645
0.0701908
0.0689436
0.0676461
0.0663221
0.0649955
0.0636895
0.062432
0.0612484
0.0600853
0.0588866
0.010955
0.00934201
0.0078876
0.00650452
0.00510008
0.00369524
0.00231389
0.00097309
-0.000309836
-0.00151703
-0.00263118
-0.00363614
-0.00451716
-0.00526089
-0.00585555
-0.00629097
-0.00655864
-0.00665173
-0.00656482
-0.00629413
-0.00583746
-0.00519413
-0.00436473
-0.00335116
-0.00215669
-0.000785739
0.000756297
0.00246302
0.00432703
0.00633994
0.00849248
0.0107746
0.0131755
0.0156837
0.0182872
0.0209732
0.0237287
0.0265401
0.0293934
0.0322742
0.0351678
0.0380595
0.040934
0.0437768
0.0465729
0.0493076
0.0519664
0.0545349
0.0569994
0.0593465
0.0615634
0.0636382
0.0655596
0.0673176
0.0689031
0.0703085
0.071527
0.0725531
0.073383
0.0740147
0.0744479
0.0746837
0.0747252
0.0745773
0.0742467
0.0737422
0.0730745
0.0722566
0.0713027
0.0702287
0.0690518
0.0677906
0.0664647
0.0650944
0.0636991
0.0622975
0.0609144
0.0595715
0.0581863
0.0566791
0.013158
0.0112277
0.00953902
0.00798239
0.00643666
0.00491981
0.00345316
0.00204966
0.00072277
-0.000513243
-0.00164435
-0.00265728
-0.00353979
-0.00428079
-0.00487044
-0.00530031
-0.00556332
-0.00565363
-0.00556688
-0.00530017
-0.00485183
-0.00422146
-0.00341006
-0.00241982
-0.00125404
8.29436e-05
0.00158577
0.00324815
0.00506289
0.00702187
0.00911617
0.0113361
0.0136713
0.0161107
0.0186426
0.0212548
0.0239347
0.0266692
0.0294449
0.0322477
0.0350636
0.0378781
0.0406767
0.0434451
0.0461689
0.0488337
0.0514253
0.05393
0.0563343
0.0586251
0.0607899
0.0628169
0.0646952
0.066415
0.0679674
0.0693446
0.0705397
0.0715472
0.0723633
0.0729856
0.0734133
0.0736473
0.0736897
0.0735448
0.0732183
0.072718
0.0720532
0.0712353
0.0702765
0.0691908
0.0679931
0.0666992
0.0653259
0.0638902
0.0624076
0.0608933
0.0593696
0.057856
0.0562425
0.0544277
0.0153346
0.0130923
0.0111678
0.00943091
0.00773395
0.00609287
0.00452721
0.00304647
0.0016608
0.000381368
-0.00078072
-0.00181474
-0.00271072
-0.00345983
-0.00405404
-0.00448641
-0.00475119
-0.00484388
-0.00476105
-0.00450048
-0.00406115
-0.00344324
-0.00264809
-0.0016781
-0.000536731
0.00077161
0.00224158
0.00386696
0.00564068
0.00755484
0.00960079
0.0117692
0.01405
0.0164324
0.0189052
0.0214564
0.024074
0.0267453
0.0294572
0.0321962
0.0349486
0.0377003
0.0404373
0.0431456
0.045811
0.0484196
0.0509577
0.0534117
0.0557684
0.0580149
0.0601388
0.0621287
0.0639737
0.0656642
0.0671912
0.0685468
0.069724
0.0707171
0.0715221
0.0721364
0.0725585
0.0727888
0.0728288
0.0726818
0.0723528
0.0718484
0.0711766
0.0703471
0.0693707
0.0682593
0.0670258
0.0656838
0.0642473
0.0627304
0.0611459
0.0595055
0.0578305
0.0561386
0.0542942
0.052176
0.0174462
0.0148986
0.0127393
0.0108183
0.00896327
0.00718897
0.00551385
0.00394445
0.00248801
0.00115317
-5.13813e-05
-0.00111742
-0.00203714
-0.00280345
-0.00341013
-0.00385178
-0.00412393
-0.00422317
-0.00414712
-0.00389432
-0.00346438
-0.00285804
-0.00207705
-0.00112413
-2.90203e-06
0.00128214
0.00272556
0.00432113
0.00606188
0.00794013
0.00994744
0.0120747
0.014312
0.016649
0.0190746
0.0215775
0.0241457
0.026767
0.0294287
0.0321175
0.0348202
0.0375231
0.0402124
0.0428742
0.045495
0.0480609
0.0505586
0.0529747
0.0552962
0.0575101
0.0596043
0.0615675
0.063389
0.0650589
0.0665683
0.067909
0.0690739
0.0700572
0.0708543
0.0714623
0.0718793
0.0721048
0.0721399
0.0719869
0.07165
0.0711346
0.0704475
0.0695969
0.0685921
0.0674434
0.0661617
0.0647586
0.0632458
0.0616352
0.059937
0.0581607
0.0563265
0.0544513
0.0523758
0.04996
0.01946
0.0166147
0.0142226
0.0121157
0.0100982
0.00818426
0.00639167
0.00472467
0.00318812
0.00178825
0.000531667
-0.000575356
-0.0015271
-0.00231826
-0.00294404
-0.00340045
-0.00368439
-0.00379357
-0.00372646
-0.00348238
-0.00306167
-0.00246567
-0.00169656
-0.000757291
0.000348245
0.00161534
0.00303844
0.00461133
0.00632712
0.00817824
0.0101564
0.0122526
0.0144572
0.01676
0.0191503
0.021617
0.0241484
0.0267326
0.0293572
0.0320092
0.0346758
0.0373433
0.0399983
0.0426272
0.0452166
0.0477531
0.0502233
0.0526141
0.0549123
0.0571052
0.0591808
0.0611278
0.0629353
0.0645935
0.0660932
0.067426
0.0685845
0.0695627
0.0703557
0.0709599
0.0713728
0.0715933
0.0716219
0.0714601
0.071111
0.070579
0.0698698
0.0689903
0.0679483
0.0667526
0.0654125
0.0639376
0.0623381
0.0606237
0.0588027
0.0568827
0.0548837
0.0528222
0.0505166
0.0478094
0.021348
0.0182121
0.0155903
0.0132969
0.0111142
0.00905602
0.00714017
0.00536873
0.0037446
0.00227221
0.000956105
-0.000199293
-0.00118988
-0.00201188
-0.00266202
-0.00313766
-0.00343691
-0.00355843
-0.0035016
-0.00326662
-0.00285457
-0.00226728
-0.00150733
-0.000578057
0.000516322
0.00177087
0.00317996
0.00473734
0.00643613
0.00826878
0.0102271
0.0123021
0.0144845
0.0167642
0.0191308
0.0215732
0.0240801
0.0266399
0.0292402
0.0318686
0.0345121
0.0371575
0.0397915
0.0424007
0.044972
0.047492
0.0499474
0.0523251
0.054612
0.0567955
0.0588636
0.0608046
0.0626079
0.0642633
0.0657613
0.0670934
0.0682519
0.0692303
0.0700232
0.0706265
0.0710371
0.0712533
0.0712748
0.0711023
0.070738
0.0701853
0.0694487
0.068534
0.0674477
0.0661972
0.0647902
0.063235
0.0615401
0.0597139
0.0577631
0.0556935
0.0535257
0.0512761
0.0487421
0.0457495
0.0230857
0.0196663
0.0168177
0.0143381
0.0119887
0.00978318
0.00773963
0.00585869
0.00414138
0.00259044
0.00120884
-6.20384e-07
-0.00103531
-0.00189293
-0.00257155
-0.0030698
-0.0033868
-0.00352222
-0.00347638
-0.00325032
-0.00284575
-0.00226504
-0.00151123
-0.000588073
0.000499873
0.00174747
0.00314897
0.00469804
0.00638774
0.00821051
0.0101582
0.0122219
0.0143925
0.01666
0.0190141
0.021444
0.0239386
0.0264863
0.0290751
0.0316926
0.034326
0.0369623
0.0395884
0.042191
0.0447571
0.0472733
0.0497265
0.0521034
0.054391
0.0565766
0.0586481
0.0605937
0.0624025
0.0640642
0.0655689
0.0669079
0.068073
0.0690572
0.0698547
0.0704607
0.0708716
0.071085
0.0710996
0.0709156
0.0705343
0.0699579
0.0691901
0.0682353
0.0670991
0.0657874
0.0643069
0.0626645
0.0608675
0.0589232
0.0568369
0.0546134
0.0522737
0.0498348
0.0470742
0.0438016
0.0246512
0.0209545
0.0178824
0.0152174
0.0127004
0.0103456
0.0081714
0.00617711
0.00436231
0.00272832
0.00127666
8.79949e-06
-0.00107403
-0.00197084
-0.00268098
-0.00320413
-0.00354043
-0.00369054
-0.00365571
-0.00343775
-0.00303896
-0.00246225
-0.0017112
-0.000790006
0.00029648
0.00154291
0.00294339
0.00449143
0.00617998
0.00800144
0.00994764
0.0120099
0.0141789
0.016445
0.0187978
0.0212268
0.023721
0.0262689
0.0288586
0.0314779
0.034114
0.0367542
0.0393853
0.0419942
0.0445679
0.0470931
0.0495565
0.0519449
0.0542452
0.0564444
0.0585304
0.0604912
0.0623156
0.0639929
0.065513
0.0668668
0.0680455
0.0690417
0.069849
0.0704621
0.0708766
0.0710893
0.0710984
0.0709031
0.0705039
0.0699021
0.0691004
0.0681021
0.0669116
0.065534
0.0639746
0.0622397
0.0603355
0.058268
0.0560418
0.0536608
0.051147
0.0485182
0.0455325
0.0419843
0.0260251
0.0220562
0.0187637
0.0159142
0.0132295
0.0107242
0.00841726
0.0063069
0.00439149
0.00267111
0.0011461
-0.000183336
-0.00131722
-0.00225578
-0.0029994
-0.00354879
-0.0039051
-0.00406998
-0.00404553
-0.00383419
-0.00343891
-0.00286321
-0.00211119
-0.00118748
-9.7185e-05
0.00115413
0.00256031
0.00411469
0.00581007
0.0076388
0.00959273
0.0116632
0.0138409
0.0161162
0.018479
0.0209186
0.0234242
0.0259844
0.0285874
0.0312209
0.0338726
0.0365294
0.0391784
0.0418065
0.0444006
0.0469474
0.0494336
0.0518457
0.0541706
0.0563952
0.0585069
0.0604936
0.0623439
0.0640465
0.0655911
0.0669679
0.0681677
0.0691827
0.0700058
0.0706309
0.071053
0.0712683
0.071274
0.0710686
0.0706518
0.070024
0.0691867
0.0681425
0.0668948
0.0654477
0.0638057
0.0619742
0.0599584
0.0577639
0.0553943
0.0528532
0.0501633
0.0473439
0.0441344
0.0403138
0.0271893
0.0229527
0.0194422
0.0164094
0.0135571
0.0109007
0.00845959
0.00623129
0.0042131
0.00240406
0.000803416
-0.000589784
-0.00177666
-0.00275846
-0.00353657
-0.00411269
-0.00448902
-0.00466806
-0.0046526
-0.00444578
-0.00405124
-0.00347314
-0.00271607
-0.00178497
-0.000685255
0.000577207
0.00199599
0.00356417
0.00527446
0.00711916
0.00909007
0.0111785
0.0133751
0.0156704
0.018054
0.0205157
0.0230445
0.025629
0.0282576
0.030918
0.0335977
0.0362839
0.0389637
0.0416238
0.0442511
0.0468323
0.0493538
0.051802
0.0541636
0.0564254
0.0585744
0.0605982
0.0624848
0.0642228
0.0658013
0.0672098
0.068439
0.0694801
0.0703255
0.0709683
0.0714029
0.0716246
0.0716299
0.0714167
0.0709835
0.0703299
0.0694567
0.0683654
0.0670586
0.0655396
0.0638123
0.061881
0.0597507
0.0574261
0.0549103
0.0522065
0.0493391
0.0463285
0.0428956
0.0388047
0.0281272
0.0236262
0.0198999
0.0166848
0.0136651
0.0108571
0.00828118
0.00593381
0.00381147
0.00191232
0.000234585
-0.00122367
-0.00246451
-0.00349013
-0.00430291
-0.00490558
-0.00530118
-0.00549297
-0.00548445
-0.00527952
-0.00488253
-0.00429818
-0.00353147
-0.0025877
-0.00147264
-0.000192546
0.00124587
0.00283551
0.00456897
0.00643845
0.00843567
0.0105518
0.0127776
0.0151034
0.0175191
0.0200142
0.0225779
0.0251988
0.0278652
0.0305649
0.0332854
0.0360138
0.0387371
0.0414422
0.0441156
0.0467439
0.0493134
0.0518103
0.054221
0.0565319
0.05873
0.0608022
0.0627362
0.06452
0.0661422
0.0675919
0.068859
0.0699342
0.0708091
0.0714761
0.0719288
0.0721617
0.0721707
0.0719526
0.0715053
0.0708273
0.0699187
0.0687801
0.0674134
0.0658212
0.0640067
0.0619736
0.0597263
0.057269
0.0546047
0.0517364
0.0486899
0.0454871
0.0418306
0.0374702
0.028823
0.0240599
0.0201192
0.0167227
0.013536
0.0105764
0.00786511
0.00539807
0.00317085
0.00118082
-0.000574659
-0.00209838
-0.00339332
-0.0044626
-0.00530958
-0.00593785
-0.0063512
-0.00655363
-0.00654944
-0.00634328
-0.00594013
-0.00534516
-0.00456375
-0.00360165
-0.00246507
-0.00116063
0.000304719
0.0019237
0.00368879
0.00559202
0.00762495
0.0097787
0.012044
0.014411
0.0168698
0.0194098
0.0220202
0.0246895
0.027406
0.0301574
0.0329314
0.0357148
0.0384946
0.0412575
0.04399
0.0466783
0.0493086
0.051867
0.0543394
0.056712
0.0589711
0.0611035
0.0630962
0.0649368
0.0666132
0.0681139
0.0694283
0.0705462
0.0714585
0.0721569
0.0726342
0.0728841
0.0729015
0.0726826
0.0722241
0.0715241
0.0705815
0.0693965
0.0679701
0.0663043
0.0644016
0.0622652
0.0598991
0.0573074
0.0544927
0.051458
0.0482308
0.0448344
0.0409535
0.0363228
0.0292614
0.0242375
0.0200834
0.0165059
0.0131525
0.0100414
0.00719468
0.00460775
0.00227543
0.000194384
-0.00163878
-0.00322768
-0.00457617
-0.0056883
-0.00656826
-0.00722042
-0.00764928
-0.00785967
-0.00785669
-0.00764566
-0.00723207
-0.00662154
-0.00581995
-0.00483355
-0.003669
-0.0023332
-0.000833325
0.000823165
0.00262852
0.00457456
0.00665272
0.00885401
0.0111691
0.0135883
0.0161013
0.0186977
0.0213664
0.0240961
0.026875
0.0296909
0.032531
0.0353824
0.0382317
0.0410656
0.0438702
0.0466316
0.0493359
0.0519687
0.0545157
0.0569626
0.0592953
0.0615001
0.0635633
0.065472
0.0672137
0.068776
0.0701476
0.0713176
0.072276
0.0730139
0.073523
0.0737964
0.073828
0.073613
0.0731476
0.0724288
0.0714549
0.0702252
0.0687401
0.067001
0.0650099
0.0627695
0.0602834
0.0575557
0.0545889
0.0513861
0.0479764
0.0443847
0.0402774
0.0353747
0.0294269
0.0241428
0.0197757
0.0160175
0.0124976
0.0092351
0.00625311
0.00354644
0.00110929
-0.00106234
-0.00297254
-0.00462576
-0.00602667
-0.00718014
-0.00809114
-0.00876476
-0.00920634
-0.0094215
-0.00941604
-0.00919585
-0.00876693
-0.00813545
-0.00730785
-0.00629088
-0.00509154
-0.003717
-0.00217467
-0.000472284
0.00138213
0.00338022
0.00551326
0.00777221
0.0101477
0.0126298
0.0152083
0.0178725
0.0206115
0.0234138
0.0262675
0.0291603
0.0320795
0.0350118
0.0379438
0.0408618
0.0437519
0.0465999
0.0493915
0.0521121
0.0547468
0.0572811
0.0597002
0.0619899
0.0641361
0.0661251
0.0679436
0.0695787
0.0710181
0.0722503
0.0732644
0.0740506
0.0745998
0.074904
0.0749565
0.0747514
0.074284
0.0735506
0.0725488
0.0712771
0.0697353
0.067924
0.0658448
0.0635002
0.0608935
0.0580287
0.0549083
0.0515355
0.0479411
0.0441519
0.0398157
0.0346378
0.0293045
0.0237599
0.0191795
0.0152407
0.0115544
0.00814059
0.00502357
0.00219762
-0.000343713
-0.00260503
-0.00459113
-0.00630726
-0.00775884
-0.0089515
-0.00989093
-0.010583
-0.011034
-0.0112501
-0.0112379
-0.0110036
-0.010554
-0.00989576
-0.00903596
-0.00798171
-0.00674032
-0.00531927
-0.00372629
-0.00196941
-5.69394e-05
0.00200262
0.00420043
0.00652735
0.00897382
0.0115299
0.0141851
0.0169288
0.01975
0.0226371
0.0255781
0.0285607
0.0315719
0.0345982
0.037626
0.0406416
0.0436307
0.0465789
0.0494715
0.0522934
0.0550295
0.0576646
0.0601835
0.0625713
0.0648134
0.0668954
0.068803
0.0705228
0.0720415
0.0733468
0.074427
0.0752712
0.0758695
0.0762129
0.0762938
0.0761054
0.0756421
0.0748994
0.073874
0.0725638
0.0709678
0.0690863
0.0669202
0.0644718
0.0617443
0.0587415
0.055466
0.0519213
0.0481399
0.0441502
0.0395817
0.0341242
0.0288785
0.0230725
0.0182783
0.0141584
0.0103056
0.00674071
0.0034891
0.000544541
-0.00210001
-0.00444976
-0.0065102
-0.00828729
-0.00978719
-0.0110163
-0.011981
-0.0126881
-0.0131445
-0.0133572
-0.0133331
-0.0130793
-0.0126032
-0.011912
-0.0110133
-0.00991461
-0.0086235
-0.00714785
-0.00549575
-0.00367555
-0.00169574
0.000434998
0.0027077
0.00511304
0.00764129
0.0102823
0.0130257
0.0158607
0.0187761
0.0217604
0.0248014
0.0278865
0.0310026
0.0341362
0.0372735
0.0404003
0.0435022
0.0465645
0.049572
0.0525092
0.0553606
0.0581104
0.060743
0.0632428
0.0655943
0.0677825
0.0697923
0.0716094
0.0732196
0.0746098
0.0757673
0.0766802
0.0773376
0.0777297
0.0778475
0.0776836
0.0772314
0.0764855
0.0754418
0.0740975
0.0724509
0.0705017
0.0682505
0.0656992
0.062851
0.0597095
0.0562776
0.0525589
0.0485878
0.0443944
0.0395892
0.0338465
0.0281334
0.0220641
0.0170549
0.0127535
0.00873389
0.00501807
0.00163235
-0.00142994
-0.00417646
-0.00661304
-0.00874581
-0.0105814
-0.0121267
-0.013389
-0.0143753
-0.0150934
-0.0155507
-0.0157547
-0.0157132
-0.0154341
-0.0149252
-0.0141944
-0.0132496
-0.0120987
-0.0107498
-0.00921111
-0.00749113
-0.00559844
-0.0035417
-0.00132979
0.00102813
0.0035225
0.00614344
0.00888072
0.0117238
0.0146619
0.0176838
0.0207777
0.0239314
0.027132
0.0303664
0.0336207
0.0368811
0.040133
0.0433618
0.0465523
0.0496889
0.0527558
0.0557369
0.0586159
0.0613766
0.0640027
0.0664779
0.0687863
0.070912
0.0728398
0.0745547
0.0760425
0.0772895
0.0782828
0.0790104
0.0794613
0.0796258
0.0794952
0.0790621
0.0783201
0.0772643
0.0758911
0.0741982
0.0721846
0.0698508
0.0671981
0.0642296
0.0609492
0.0573595
0.0534645
0.0493006
0.0448996
0.0398526
0.033818
0.027053
0.0207179
0.0154923
0.0110084
0.00682159
0.00295488
-0.000564399
-0.00374341
-0.00659043
-0.00911189
-0.0113145
-0.0132058
-0.0147932
-0.0160848
-0.0170886
-0.0178129
-0.0182657
-0.0184555
-0.0183907
-0.0180797
-0.0175312
-0.0167534
-0.0157547
-0.0145436
-0.0131284
-0.011518
-0.00972098
-0.00774622
-0.00560262
-0.00329929
-0.000845652
0.00174854
0.00447326
0.00731823
0.0102729
0.0133262
0.0164669
0.019683
0.0229622
0.0262914
0.0296574
0.0330462
0.0364435
0.0398347
0.0432047
0.0465379
0.0498183
0.0530296
0.0561553
0.0591786
0.0620823
0.0648496
0.0674633
0.0699067
0.0721629
0.0742158
0.0760494
0.0776484
0.0789981
0.0800844
0.0808942
0.0814155
0.0816372
0.0815499
0.0811448
0.0804148
0.0793541
0.0779582
0.0762242
0.0741504
0.0717369
0.0689847
0.0658969
0.0624772
0.0587285
0.0546549
0.0502947
0.0456819
0.0403872
0.0340528
0.0256205
0.0190167
0.0135725
0.00890498
0.00455042
0.000532834
-0.00311943
-0.006414
-0.0093598
-0.0119639
-0.0142336
-0.0161771
-0.0178028
-0.0191195
-0.020136
-0.0208611
-0.0213037
-0.021473
-0.0213782
-0.0210285
-0.0204329
-0.0196002
-0.0185394
-0.0172594
-0.0157692
-0.0140778
-0.0121942
-0.0101274
-0.0078867
-0.00548147
-0.00292139
-0.000216351
0.00262353
0.00558789
0.00866601
0.0118468
0.0151188
0.0184699
0.0218875
0.0253587
0.0288699
0.0324071
0.0359555
0.0395004
0.0430261
0.0465167
0.049956
0.053327
0.0566128
0.0597957
0.0628581
0.0657822
0.06855
0.0711438
0.0735459
0.0757391
0.0777064
0.0794313
0.080898
0.0820911
0.0829963
0.0836004
0.0838912
0.083858
0.0834912
0.0827824
0.0817249
0.0803134
0.0785442
0.0764151
0.0739255
0.0710763
0.0678704
0.0643115
0.0604025
0.0561478
0.0515877
0.0467582
0.0412092
0.034566
0.0238187
0.0169425
0.0112773
0.00642457
0.00190152
-0.00226701
-0.00605161
-0.00946046
-0.0125031
-0.0151871
-0.0175208
-0.0195129
-0.0211726
-0.0225095
-0.0235331
-0.0242531
-0.0246791
-0.0248212
-0.0246893
-0.0242931
-0.0236423
-0.0227463
-0.0216147
-0.0202569
-0.0186823
-0.0169002
-0.0149198
-0.0127508
-0.0104025
-0.00788464
-0.0052071
-0.00237988
0.000586812
0.00368246
0.00689623
0.0102169
0.0136327
0.0171317
0.0207011
0.0243278
0.0279981
0.0316977
0.0354116
0.0391246
0.042821
0.0464843
0.0500978
0.0536443
0.057106
0.0604647
0.0637019
0.066799
0.0697373
0.0724978
0.0750622
0.0774119
0.0795288
0.0813954
0.0829943
0.084309
0.085324
0.0860246
0.0863976
0.0864307
0.0861134
0.0854361
0.0843911
0.0829721
0.0811745
0.0789957
0.0764344
0.0734913
0.0701689
0.0664711
0.0624006
0.0579622
0.0531982
0.0481468
0.0423363
0.0353743
0.0216294
0.0144764
0.00858727
0.00354775
-0.00114474
-0.00546434
-0.0093806
-0.0129023
-0.0160395
-0.0188007
-0.0211947
-0.0232312
-0.0249201
-0.0262717
-0.0272964
-0.0280046
-0.0284072
-0.0285147
-0.0283377
-0.0278867
-0.027172
-0.0262038
-0.0249921
-0.0235469
-0.021878
-0.0199949
-0.0179075
-0.0156255
-0.0131588
-0.0105173
-0.00771095
-0.0047499
-0.00164452
0.00159453
0.00495624
0.00842927
0.0120019
0.0156618
0.0193964
0.0231924
0.0270358
0.0309121
0.0348061
0.0387022
0.0425844
0.0464359
0.0502396
0.0539777
0.0576316
0.0611827
0.0646116
0.0678987
0.0710245
0.0739691
0.0767129
0.0792363
0.0815199
0.0835448
0.0852925
0.086745
0.0878853
0.0886974
0.0891668
0.0892798
0.0890245
0.0883902
0.087368
0.0859506
0.0841326
0.0819105
0.0792826
0.0762492
0.0728124
0.0689761
0.0647432
0.0601184
0.0551465
0.0498674
0.0437872
0.0364954
0.0190336
0.0115988
0.0054825
0.000254169
-0.00460885
-0.00907971
-0.0131269
-0.0167598
-0.0199892
-0.0228243
-0.0252747
-0.0273508
-0.0290633
-0.0304235
-0.0314426
-0.0321321
-0.0325035
-0.0325682
-0.0323375
-0.0318227
-0.0310349
-0.0299849
-0.0286833
-0.0271406
-0.0253668
-0.0233722
-0.0211669
-0.018761
-0.0161647
-0.013388
-0.0104412
-0.00733436
-0.00407819
-0.000683461
0.0028387
0.00647687
0.0102193
0.0140536
0.0179671
0.0219462
0.0259769
0.0300443
0.0341331
0.0382276
0.0423112
0.0463669
0.050377
0.0543232
0.0581864
0.061947
0.0655849
0.0690799
0.0724111
0.0755579
0.0784993
0.0812145
0.083683
0.0858842
0.0877983
0.0894059
0.0906885
0.0916285
0.0922099
0.0924176
0.0922382
0.0916598
0.0906719
0.0892664
0.0874369
0.085179
0.0824905
0.079371
0.0758224
0.0718485
0.0674521
0.0626383
0.057454
0.0519412
0.0455827
0.0379489
0.0160113
0.00828913
0.00194186
-0.00347755
-0.00851232
-0.0131347
-0.017312
-0.0210542
-0.0243732
-0.0272786
-0.0297808
-0.0318911
-0.0336213
-0.0349833
-0.0359896
-0.0366524
-0.0369841
-0.036997
-0.0367034
-0.0361152
-0.0352443
-0.0341022
-0.0327002
-0.031049
-0.0291595
-0.0270422
-0.0247077
-0.0221665
-0.0194289
-0.0165053
-0.0134058
-0.0101411
-0.00672188
-0.00315899
0.000536333
0.00435265
0.0082781
0.0123003
0.0164064
0.0205827
0.024815
0.0290883
0.0333871
0.0376953
0.0419963
0.0462724
0.0505056
0.0546769
0.0587666
0.0627546
0.0666198
0.070341
0.0738966
0.0772645
0.0804227
0.0833491
0.0860216
0.0884183
0.0905179
0.0922993
0.0937424
0.0948282
0.0955387
0.0958573
0.0957691
0.0952606
0.0943201
0.0929381
0.0911072
0.0888221
0.0860797
0.082879
0.0792218
0.0751116
0.0705511
0.0655456
0.0601443
0.0543912
0.0477449
0.0397561
0.0125412
0.00452552
-0.00205689
-0.00766989
-0.0128778
-0.0176518
-0.0219584
-0.025808
-0.0292134
-0.0321849
-0.0347339
-0.0368725
-0.0386135
-0.03997
-0.0409553
-0.0415827
-0.0418655
-0.041817
-0.0414502
-0.0407782
-0.0398136
-0.0385684
-0.0370545
-0.0352835
-0.0332666
-0.031015
-0.0285396
-0.0258511
-0.0229602
-0.0198773
-0.016613
-0.013178
-0.00958311
-0.00583935
-0.0019579
0.00204975
0.00617167
0.0103954
0.014708
0.0190956
0.023544
0.028038
0.0325621
0.0370999
0.0416343
0.0461475
0.0506207
0.0550346
0.0593689
0.0636025
0.0677139
0.0716807
0.0754803
0.0790893
0.0824845
0.0856424
0.0885394
0.0911521
0.0934575
0.0954329
0.0970564
0.0983072
0.0991654
0.0996129
0.0996327
0.0992098
0.0983311
0.0969856
0.0951647
0.0928619
0.0900734
0.0867975
0.0830354
0.0787906
0.0740656
0.0688657
0.0632426
0.0572424
0.0502982
0.0419403
0.00860099
0.000284995
-0.0065372
-0.0123466
-0.0177291
-0.0226551
-0.0270898
-0.0310446
-0.0345329
-0.0375659
-0.040156
-0.0423163
-0.0440607
-0.0454034
-0.0463587
-0.0469411
-0.0471649
-0.0470443
-0.0465935
-0.0458263
-0.0447562
-0.043396
-0.0417584
-0.0398554
-0.037699
-0.0353008
-0.032672
-0.0298238
-0.0267669
-0.0235122
-0.0200704
-0.0164524
-0.0126691
-0.00873146
-0.00465072
-0.000438407
0.00389348
0.00833244
0.0128654
0.0174787
0.0221578
0.0268878
0.0316527
0.0364359
0.0412202
0.0459872
0.0507179
0.0553923
0.0599896
0.064488
0.0688651
0.0730976
0.0771616
0.0810327
0.0846862
0.0880971
0.0912404
0.094091
0.096624
0.0988151
0.10064
0.102077
0.103103
0.103699
0.103845
0.103525
0.102724
0.10143
0.0996319
0.0973224
0.0944967
0.0911524
0.0872901
0.0829128
0.0780231
0.0726264
0.0667765
0.0605219
0.0532691
0.044527
0.00416706
-0.00445677
-0.0115238
-0.0175327
-0.0230915
-0.0281697
-0.0327313
-0.0367886
-0.0403557
-0.0434451
-0.0460699
-0.0482446
-0.0499841
-0.0513039
-0.0522193
-0.0527461
-0.0528996
-0.0526954
-0.0521486
-0.051274
-0.0500859
-0.048598
-0.0468237
-0.0447759
-0.0424671
-0.0399092
-0.037114
-0.0340929
-0.0308572
-0.0274177
-0.0237855
-0.0199715
-0.0159866
-0.0118418
-0.00754846
-0.00311807
0.00143735
0.00610529
0.0108727
0.015726
0.0206508
0.0256318
0.0306531
0.035698
0.0407487
0.0457868
0.0507927
0.055746
0.0606253
0.0654081
0.0700712
0.0745902
0.07894
0.0830951
0.0870293
0.090716
0.0941286
0.0972404
0.100024
0.102454
0.104504
0.10615
0.107366
0.108131
0.108424
0.108226
0.107521
0.106294
0.104533
0.102229
0.0993764
0.0959715
0.0920144
0.0875077
0.0824536
0.0768576
0.0707759
0.0642594
0.0566865
0.047544
-0.000785616
-0.00972552
-0.017043
-0.0232547
-0.0289916
-0.0342221
-0.0389092
-0.0430659
-0.0467075
-0.0498474
-0.0524999
-0.0546808
-0.0564062
-0.0576928
-0.0585573
-0.0590168
-0.059088
-0.0587875
-0.0581316
-0.0571361
-0.0558163
-0.0541871
-0.0522624
-0.050056
-0.0475809
-0.0448496
-0.0418743
-0.0386668
-0.0352386
-0.031601
-0.027765
-0.0237416
-0.0195417
-0.0151764
-0.010657
-0.00599499
-0.00120241
0.00370837
0.00872444
0.0138322
0.0190174
0.0242648
0.0295583
0.034881
0.040215
0.0455415
0.0508406
0.0560916
0.0612725
0.06636
0.0713299
0.0761569
0.0808149
0.0852769
0.0895152
0.0935018
0.0972083
0.100606
0.103666
0.10636
0.10866
0.110538
0.111968
0.112926
0.113388
0.113334
0.112744
0.111601
0.109894
0.107609
0.104741
0.101285
0.0972394
0.092607
0.0873893
0.0815918
0.0752734
0.068487
0.0605819
0.0510219
-0.00628353
-0.0155486
-0.0231226
-0.0295408
-0.0354577
-0.0408405
-0.0456514
-0.0499042
-0.0536153
-0.0567992
-0.0594716
-0.0616494
-0.0633503
-0.0645924
-0.0653938
-0.0657732
-0.0657485
-0.0653377
-0.0645583
-0.0634274
-0.0619613
-0.0601758
-0.0580861
-0.0557063
-0.0530502
-0.0501309
-0.046961
-0.0435529
-0.0399182
-0.0360686
-0.0320149
-0.0277684
-0.0233398
-0.0187404
-0.0139814
-0.00907427
-0.00403082
0.00113673
0.00641563
0.0117924
0.0172529
0.0227819
0.0283634
0.0339801
0.0396143
0.0452469
0.0508577
0.0564255
0.0619278
0.0673406
0.0726388
0.0777963
0.0827856
0.0875784
0.0921456
0.0964575
0.100484
0.104194
0.107557
0.110541
0.113117
0.115255
0.116925
0.118101
0.118757
0.118869
0.118415
0.117378
0.115742
0.113493
0.110623
0.107125
0.102999
0.0982453
0.0928655
0.0868647
0.0803044
0.0732399
0.0649899
0.0549939
-0.0123548
-0.021955
-0.0297923
-0.0364209
-0.0425198
-0.0480551
-0.0529878
-0.0573328
-0.0611078
-0.0643284
-0.0670117
-0.0691761
-0.0708409
-0.0720257
-0.0727506
-0.0730355
-0.0729
-0.0723635
-0.0714449
-0.0701626
-0.0685343
-0.0665767
-0.0643058
-0.0617368
-0.058884
-0.0557612
-0.0523817
-0.048758
-0.0449023
-0.040826
-0.0365405
-0.0320567
-0.0273857
-0.0225384
-0.0175261
-0.0123601
-0.00705201
-0.00161374
0.00394216
0.00960245
0.015353
0.0211788
0.0270639
0.0329911
0.0389425
0.0448989
0.05084
0.056744
0.0625879
0.0683472
0.0739959
0.0795068
0.0848514
0.09
0.094922
0.0995859
0.103959
0.10801
0.111704
0.115008
0.117889
0.120314
0.122253
0.123675
0.124551
0.124855
0.124562
0.123653
0.122107
0.119911
0.117054
0.113528
0.10933
0.10446
0.0989203
0.0927148
0.0859076
0.0785565
0.0699481
0.0594966
-0.0190294
-0.0289758
-0.0370837
-0.0439272
-0.0502102
-0.055898
-0.0609503
-0.0653832
-0.0692155
-0.0724644
-0.0751485
-0.0772878
-0.0789034
-0.080017
-0.0806501
-0.0808246
-0.0805617
-0.0798825
-0.0788075
-0.0773565
-0.0755484
-0.0734013
-0.070932
-0.0681567
-0.0650905
-0.061748
-0.0581428
-0.0542879
-0.0501958
-0.0458779
-0.0413458
-0.0366104
-0.0316827
-0.0265737
-0.0212943
-0.0158557
-0.0102691
-0.00454616
0.00130083
0.00725891
0.0133142
0.0194519
0.0256562
0.0319102
0.0381958
0.0444939
0.0507838
0.0570436
0.0632497
0.069377
0.0753989
0.081287
0.0870119
0.0925423
0.0978462
0.10289
0.10764
0.11206
0.116115
0.11977
0.122987
0.125731
0.127969
0.129667
0.130793
0.131317
0.131212
0.130454
0.129022
0.126899
0.124071
0.12053
0.116271
0.111292
0.105595
0.0991842
0.0921252
0.0844788
0.0754978
0.0645699
-0.0263392
-0.0366441
-0.045031
-0.0520941
-0.0585637
-0.0644038
-0.0695731
-0.0740887
-0.0779709
-0.0812385
-0.0839118
-0.0860128
-0.0875647
-0.088591
-0.0891154
-0.0891616
-0.088753
-0.0879123
-0.0866619
-0.0850231
-0.0830163
-0.0806607
-0.0779744
-0.0749745
-0.0716771
-0.0680974
-0.0642496
-0.0601471
-0.0558024
-0.0512274
-0.0464335
-0.0414318
-0.0362331
-0.0308483
-0.0252879
-0.0195628
-0.0136839
-0.0076625
-0.00151048
0.00475952
0.011134
0.0175986
0.0241376
0.0307345
0.0373712
0.0440287
0.0506862
0.0573214
0.0639105
0.0704278
0.0768459
0.0831357
0.0892664
0.0952057
0.10092
0.106373
0.111529
0.116351
0.1208
0.124837
0.128424
0.131521
0.134092
0.136098
0.137505
0.13828
0.138392
0.137814
0.136521
0.134493
0.131714
0.128174
0.123865
0.118786
0.112936
0.106319
0.0990032
0.0910525
0.0816839
0.0702575
-0.0343185
-0.0449956
-0.0536707
-0.0609589
-0.0676176
-0.0736098
-0.0788927
-0.083485
-0.0874085
-0.0906837
-0.0933331
-0.0953809
-0.0968524
-0.0977735
-0.0981701
-0.0980683
-0.0974934
-0.0964705
-0.0950237
-0.0931761
-0.0909496
-0.0883649
-0.0854415
-0.0821973
-0.0786496
-0.0748142
-0.0707058
-0.0663383
-0.0617243
-0.056876
-0.0518048
-0.0465218
-0.0410376
-0.0353626
-0.0295073
-0.0234818
-0.0172969
-0.0109634
-0.00449263
0.0021032
0.00881113
0.0156172
0.0225062
0.0294619
0.0364665
0.043501
0.0505446
0.0575749
0.0645678
0.0714972
0.0783352
0.0850516
0.0916147
0.0979907
0.104144
0.110037
0.115632
0.120889
0.125766
0.130221
0.134213
0.1377
0.140639
0.14299
0.144714
0.145774
0.146135
0.145767
0.14464
0.142733
0.140026
0.136504
0.13216
0.126991
0.120992
0.114169
0.106592
0.0983279
0.0885558
0.0766073
-0.0430042
-0.054069
-0.0630427
-0.0705618
-0.0774123
-0.0835558
-0.0889485
-0.0936103
-0.0975652
-0.100836
-0.103446
-0.105424
-0.106796
-0.107591
-0.107839
-0.107566
-0.106803
-0.105574
-0.103908
-0.101828
-0.099359
-0.0965228
-0.0933403
-0.0898308
-0.0860123
-0.0819014
-0.0775134
-0.0728625
-0.0679618
-0.0628235
-0.0574591
-0.0518794
-0.0460947
-0.0401152
-0.0339508
-0.0276114
-0.0211069
-0.0144478
-0.00764491
-0.000709644
0.00634563
0.0135075
0.0207614
0.0280915
0.0354803
0.0429091
0.0503571
0.0578022
0.0652199
0.0725838
0.0798654
0.087034
0.0940565
0.100898
0.107521
0.113887
0.119954
0.12568
0.131022
0.135933
0.140369
0.144283
0.14763
0.150365
0.152444
0.153827
0.154474
0.154349
0.153421
0.151662
0.149051
0.145569
0.141207
0.135957
0.129818
0.122789
0.114947
0.10636
0.0961678
0.0836717
-0.0524361
-0.0639061
-0.0731897
-0.0809463
-0.0879913
-0.0942852
-0.0997829
-0.104506
-0.108481
-0.111732
-0.114286
-0.116174
-0.117425
-0.118072
-0.118146
-0.117678
-0.1167
-0.11524
-0.113328
-0.110991
-0.108254
-0.105142
-0.101677
-0.0978787
-0.0937673
-0.0893597
-0.0846719
-0.0797185
-0.074513
-0.0690674
-0.0633933
-0.0575011
-0.0514009
-0.0451024
-0.038615
-0.031948
-0.0251108
-0.018113
-0.0109649
-0.00367691
0.0037392
0.0112708
0.0189041
0.0266236
0.0344125
0.0422525
0.0501231
0.0580023
0.0658655
0.0736863
0.0814357
0.0890821
0.0965917
0.103928
0.111052
0.117923
0.124498
0.130731
0.136576
0.141983
0.146904
0.151288
0.155085
0.158247
0.160724
0.16247
0.163442
0.1636
0.162905
0.161327
0.15884
0.155422
0.151059
0.145744
0.139471
0.13224
0.124129
0.115209
0.104579
0.0915084
-0.0626572
-0.0745518
-0.0841585
-0.0921597
-0.0994021
-0.105845
-0.111442
-0.116217
-0.120198
-0.123412
-0.125891
-0.127666
-0.128772
-0.129244
-0.129118
-0.128426
-0.127204
-0.125484
-0.123298
-0.120675
-0.117642
-0.114228
-0.110454
-0.106342
-0.101914
-0.0971876
-0.0921786
-0.0869027
-0.0813732
-0.0756025
-0.0696017
-0.063381
-0.0569501
-0.0503181
-0.0434938
-0.036486
-0.0293031
-0.021954
-0.0144479
-0.00679456
0.000995324
0.00890997
0.0169363
0.0250597
0.0332642
0.0415317
0.0498426
0.0581748
0.0665042
0.0748042
0.0830454
0.0911957
0.0992203
0.107082
0.114739
0.122151
0.12927
0.136048
0.142437
0.148383
0.153832
0.158732
0.163026
0.16666
0.169581
0.171737
0.173079
0.17356
0.173139
0.171778
0.169447
0.166119
0.161779
0.156415
0.150017
0.142587
0.134204
0.124942
0.113855
0.10018
-0.073714
-0.0860556
-0.0959999
-0.104254
-0.111696
-0.118286
-0.123976
-0.128791
-0.132762
-0.135921
-0.1383
-0.139938
-0.140871
-0.141138
-0.140779
-0.139832
-0.138334
-0.136322
-0.133829
-0.130889
-0.127531
-0.123783
-0.119672
-0.115221
-0.110451
-0.105381
-0.100028
-0.0944084
-0.0885351
-0.0824206
-0.0760756
-0.0695102
-0.0627332
-0.0557534
-0.0485788
-0.0412171
-0.033676
-0.0259633
-0.0180872
-0.0100564
-0.00188054
0.00642966
0.0148621
0.0234032
0.0320378
0.0407486
0.0495167
0.0583206
0.0671363
0.0759373
0.0846942
0.0933745
0.101943
0.11036
0.118584
0.126571
0.134273
0.141638
0.148613
0.155143
0.161169
0.166632
0.171473
0.175631
0.179047
0.181663
0.183423
0.184275
0.184171
0.183068
0.180929
0.177724
0.173432
0.168037
0.161528
0.153903
0.145245
0.13563
0.124067
0.109757
-0.0856573
-0.0984714
-0.10877
-0.117285
-0.124931
-0.131666
-0.137439
-0.142281
-0.146224
-0.149304
-0.151558
-0.153028
-0.153755
-0.153784
-0.153158
-0.151919
-0.150109
-0.147767
-0.144932
-0.14164
-0.137922
-0.133811
-0.129332
-0.124511
-0.119371
-0.113932
-0.108212
-0.102226
-0.0959878
-0.0895102
-0.0828033
-0.0758765
-0.0687384
-0.0613965
-0.0538582
-0.0461301
-0.0382188
-0.0301309
-0.0218734
-0.0134539
-0.00488071
0.00383667
0.0126874
0.021659
0.0307374
0.0399065
0.049148
0.0584412
0.0677628
0.0770864
0.0863827
0.0956189
0.104759
0.113763
0.122589
0.131188
0.139512
0.147506
0.155114
0.162275
0.168928
0.175008
0.180449
0.185186
0.189152
0.192283
0.194516
0.195792
0.196055
0.195256
0.193351
0.190305
0.186089
0.180686
0.174081
0.166268
0.157333
0.147356
0.135295
0.120315
-0.0985427
-0.111859
-0.12253
-0.131316
-0.13917
-0.146045
-0.151893
-0.156744
-0.160638
-0.163612
-0.16571
-0.166978
-0.167462
-0.167213
-0.166279
-0.164707
-0.162544
-0.159833
-0.156616
-0.152933
-0.148819
-0.144307
-0.139427
-0.134205
-0.128666
-0.12283
-0.116717
-0.110341
-0.103717
-0.0968562
-0.0897691
-0.0824645
-0.0749498
-0.067232
-0.059317
-0.0512104
-0.0429176
-0.0344437
-0.0257945
-0.0169759
-0.00799508
0.00114005
0.0104201
0.0198339
0.0293689
0.03901
0.0487402
0.0585396
0.0683856
0.0782526
0.0881114
0.0979294
0.10767
0.117293
0.126754
0.136004
0.144991
0.153659
0.161946
0.16979
0.177123
0.183876
0.189976
0.195352
0.19993
0.203637
0.206404
0.208162
0.208848
0.208405
0.206781
0.203934
0.19983
0.194446
0.187762
0.17977
0.170557
0.160207
0.147625
0.131938
-0.112432
-0.126283
-0.137349
-0.146418
-0.154481
-0.161493
-0.167402
-0.172245
-0.176063
-0.1789
-0.180805
-0.181831
-0.18203
-0.181458
-0.18017
-0.178219
-0.175656
-0.17253
-0.168887
-0.16477
-0.160218
-0.155267
-0.149949
-0.144292
-0.138322
-0.13206
-0.125526
-0.118736
-0.111703
-0.104439
-0.0969537
-0.0892544
-0.0813483
-0.0732408
-0.0649368
-0.0564403
-0.0477554
-0.0388856
-0.0298352
-0.0206085
-0.0112109
-0.00164869
0.0080704
0.017937
0.0279399
0.0380656
0.0482984
0.0586196
0.0690078
0.0794381
0.0898819
0.100307
0.110676
0.120949
0.13108
0.14102
0.150713
0.1601
0.169118
0.177698
0.185769
0.193255
0.200078
0.206157
0.211414
0.215765
0.219132
0.221438
0.222611
0.222582
0.221294
0.218694
0.214742
0.209408
0.202666
0.194505
0.185016
0.174283
0.161156
0.144721
-0.127393
-0.141818
-0.153304
-0.162667
-0.170944
-0.178085
-0.184041
-0.188851
-0.192563
-0.195226
-0.196897
-0.197634
-0.197498
-0.196552
-0.194857
-0.192473
-0.189458
-0.185866
-0.181747
-0.177148
-0.172114
-0.166681
-0.160885
-0.154757
-0.148321
-0.141603
-0.13462
-0.127389
-0.119924
-0.112236
-0.104333
-0.0962227
-0.0879102
-0.0793999
-0.070695
-0.0617982
-0.0527115
-0.0434372
-0.0339774
-0.0243347
-0.0145126
-0.00451541
0.00565105
0.0159793
0.0264599
0.0370813
0.0478292
0.0586866
0.0696333
0.0806456
0.0916958
0.102752
0.113778
0.124733
0.13557
0.146238
0.15668
0.166835
0.176635
0.186009
0.194878
0.203162
0.210775
0.217631
0.223639
0.228708
0.232751
0.235678
0.237408
0.237862
0.236971
0.234673
0.230919
0.225671
0.218898
0.210583
0.200819
0.189692
0.175993
0.158765
-0.143503
-0.158547
-0.17048
-0.180151
-0.188643
-0.195907
-0.201891
-0.20664
-0.210209
-0.212655
-0.214041
-0.214435
-0.213907
-0.212527
-0.210366
-0.207489
-0.203963
-0.199846
-0.195196
-0.190063
-0.184496
-0.178536
-0.172219
-0.165578
-0.158641
-0.151432
-0.14397
-0.136273
-0.128352
-0.120218
-0.111879
-0.103341
-0.0946077
-0.085682
-0.0765653
-0.0672585
-0.0577618
-0.0480755
-0.0381995
-0.0281345
-0.0178817
-0.00744327
0.00317715
0.0139742
0.0249407
0.0360669
0.0473407
0.0587469
0.0702669
0.0818786
0.0935554
0.105267
0.116976
0.128643
0.140221
0.151657
0.162894
0.173866
0.184504
0.19473
0.204462
0.213614
0.222092
0.2298
0.23664
0.242511
0.247311
0.250943
0.25331
0.254323
0.2539
0.251967
0.248466
0.243348
0.236575
0.228124
0.218088
0.206557
0.192257
0.174186
-0.160848
-0.176562
-0.188974
-0.198969
-0.207679
-0.215054
-0.221043
-0.225697
-0.229079
-0.231255
-0.232298
-0.232286
-0.231299
-0.229418
-0.22672
-0.223283
-0.219177
-0.214472
-0.209228
-0.203504
-0.197349
-0.19081
-0.183926
-0.17673
-0.169253
-0.161518
-0.153546
-0.145354
-0.136952
-0.128351
-0.119558
-0.110576
-0.101408
-0.0920554
-0.0825171
-0.0727919
-0.0628782
-0.0527738
-0.0424766
-0.0319846
-0.0212967
-0.0104127
0.000666373
0.0119375
0.0233959
0.0350343
0.0468427
0.0588083
0.0709146
0.0831412
0.0954633
0.107851
0.120271
0.13268
0.145034
0.157279
0.169354
0.181195
0.192726
0.203868
0.214533
0.224626
0.234048
0.242694
0.250454
0.257216
0.262868
0.267296
0.270392
0.272051
0.272176
0.270683
0.267498
0.262561
0.255826
0.24726
0.236959
0.225014
0.210082
0.191112
-0.179523
-0.195969
-0.208898
-0.219232
-0.228161
-0.235633
-0.241598
-0.246116
-0.249258
-0.251103
-0.251734
-0.251242
-0.249719
-0.247256
-0.243943
-0.239866
-0.235107
-0.22974
-0.223835
-0.217453
-0.210652
-0.203478
-0.195976
-0.18818
-0.180121
-0.171824
-0.16331
-0.154593
-0.145686
-0.136597
-0.127331
-0.11789
-0.108275
-0.098484
-0.0885152
-0.078365
-0.0680288
-0.0575021
-0.0467802
-0.0358585
-0.0247331
-0.0134012
-0.00186112
0.00988703
0.0218411
0.0339966
0.0463463
0.0588797
0.071583
0.084438
0.0974221
0.110508
0.123661
0.136842
0.150006
0.163099
0.176059
0.18882
0.201305
0.213428
0.225097
0.236211
0.246663
0.256338
0.265115
0.27287
0.279475
0.284804
0.288732
0.291136
0.291905
0.290936
0.288141
0.283447
0.276794
0.268143
0.257586
0.245217
0.229617
0.209685
-0.199642
-0.216889
-0.230377
-0.241069
-0.250215
-0.257765
-0.263671
-0.268002
-0.270841
-0.272281
-0.272418
-0.271359
-0.269209
-0.266073
-0.262055
-0.25725
-0.251751
-0.245641
-0.238998
-0.231888
-0.224374
-0.216507
-0.208332
-0.199887
-0.191203
-0.182306
-0.173215
-0.163946
-0.154509
-0.14491
-0.135154
-0.125239
-0.115164
-0.104927
-0.0945205
-0.0839399
-0.0731777
-0.0622264
-0.0510784
-0.0397265
-0.0281636
-0.0163839
-0.00438275
0.00784288
0.0202939
0.0329689
0.0458637
0.0589709
0.0722794
0.0857739
0.0994344
0.113235
0.127145
0.141126
0.155133
0.169113
0.183005
0.196739
0.210237
0.22341
0.23616
0.24838
0.259954
0.270757
0.280657
0.289516
0.297191
0.303538
0.308414
0.311678
0.313199
0.312854
0.310536
0.306158
0.299643
0.29094
0.28014
0.267337
0.251032
0.230067
-0.221329
-0.239461
-0.253556
-0.264625
-0.273986
-0.281589
-0.287391
-0.291472
-0.293932
-0.294878
-0.294425
-0.292697
-0.289814
-0.2859
-0.281071
-0.275438
-0.269103
-0.26216
-0.254693
-0.246778
-0.238479
-0.229854
-0.220948
-0.211802
-0.202448
-0.192912
-0.183211
-0.17336
-0.163368
-0.15324
-0.142976
-0.132574
-0.12203
-0.111338
-0.100489
-0.0894749
-0.0782851
-0.0669092
-0.0553363
-0.043556
-0.0315581
-0.0193334
-0.00687376
0.00582707
0.0187735
0.0319676
0.0454086
0.0590924
0.0730115
0.0871538
0.101502
0.116035
0.130722
0.145528
0.16041
0.175315
0.190184
0.204945
0.219518
0.233812
0.247723
0.261139
0.273935
0.285974
0.297114
0.3072
0.316073
0.32357
0.329527
0.333782
0.33618
0.336575
0.334839
0.330863
0.324552
0.31584
0.304816
0.291571
0.274518
0.252439
-0.244733
-0.263845
-0.278604
-0.290069
-0.299638
-0.307263
-0.312904
-0.316659
-0.318646
-0.318992
-0.317834
-0.315315
-0.311579
-0.306764
-0.301006
-0.294429
-0.287149
-0.279271
-0.270888
-0.262081
-0.252921
-0.243468
-0.233771
-0.22387
-0.213799
-0.203582
-0.193237
-0.182776
-0.172205
-0.161528
-0.150741
-0.13984
-0.128819
-0.117667
-0.106373
-0.0949241
-0.0833078
-0.0715097
-0.0595156
-0.0473116
-0.034884
-0.0222198
-0.0093074
0.00386331
0.0173005
0.03101
0.044995
0.0592553
0.0737871
0.0885822
0.103627
0.118904
0.134386
0.15004
0.165826
0.181694
0.197585
0.213426
0.229138
0.244626
0.259783
0.27449
0.288612
0.302006
0.314512
0.325962
0.336177
0.344974
0.352164
0.357561
0.360981
0.362253
0.361221
0.357751
0.351726
0.34306
0.331835
0.318142
0.300292
0.277008
-0.270023
-0.290229
-0.305717
-0.317599
-0.327364
-0.334967
-0.340377
-0.343711
-0.345111
-0.344729
-0.342729
-0.339278
-0.334543
-0.328687
-0.321863
-0.314213
-0.305867
-0.296942
-0.287539
-0.277748
-0.267643
-0.257288
-0.246735
-0.236024
-0.225188
-0.21425
-0.203226
-0.192126
-0.180954
-0.16971
-0.158387
-0.146979
-0.135474
-0.123859
-0.112119
-0.100238
-0.0881989
-0.0759841
-0.0635756
-0.0509556
-0.0381066
-0.0250117
-0.0116554
0.00197651
0.0158964
0.0301143
0.0446376
0.0594704
0.0746134
0.0900628
0.10581
0.121839
0.13813
0.154653
0.171371
0.188236
0.205192
0.222167
0.239082
0.255839
0.272329
0.288426
0.30399
0.318864
0.332876
0.345841
0.35756
0.367825
0.376421
0.383133
0.387746
0.390056
0.389874
0.387036
0.381395
0.372842
0.361449
0.347303
0.328605
0.304008
-0.297401
-0.318833
-0.335123
-0.347445
-0.357386
-0.36491
-0.369998
-0.372793
-0.373468
-0.372204
-0.369198
-0.364646
-0.358746
-0.351686
-0.34364
-0.33477
-0.325222
-0.315125
-0.30459
-0.293713
-0.282575
-0.271241
-0.259764
-0.248185
-0.236535
-0.224836
-0.213101
-0.201336
-0.189542
-0.177716
-0.165847
-0.153924
-0.141933
-0.129855
-0.117672
-0.105364
-0.0929089
-0.080286
-0.0674731
-0.0544482
-0.0411896
-0.0276764
-0.0138886
0.000192326
0.0145832
0.0292985
0.0443505
0.0597481
0.0754969
0.0915979
0.108047
0.124836
0.141946
0.159354
0.177028
0.194922
0.212983
0.231145
0.249325
0.267428
0.285342
0.302935
0.320061
0.336552
0.352223
0.366869
0.380271
0.392195
0.402396
0.410624
0.416629
0.420166
0.42101
0.418956
0.413821
0.405466
0.39395
0.379349
0.359743
0.333709
-0.327101
-0.349919
-0.367096
-0.379875
-0.389963
-0.397333
-0.401985
-0.404094
-0.403871
-0.401539
-0.397331
-0.391481
-0.384221
-0.375767
-0.366322
-0.356067
-0.345166
-0.333759
-0.32197
-0.3099
-0.297634
-0.28524
-0.27277
-0.260266
-0.247754
-0.235254
-0.222777
-0.210323
-0.19789
-0.185469
-0.173047
-0.160607
-0.148129
-0.135592
-0.122972
-0.110246
-0.0973858
-0.0843672
-0.0711635
-0.0577484
-0.0440958
-0.0301802
-0.0159772
-0.00146349
0.0133825
0.0285804
0.0441473
0.0600975
0.076442
0.0931875
0.110336
0.127884
0.14582
0.164126
0.182773
0.201725
0.220931
0.240328
0.259837
0.279363
0.298792
0.317992
0.336808
0.355063
0.372558
0.38907
0.404357
0.418156
0.430188
0.440166
0.447795
0.452786
0.454865
0.453779
0.449301
0.441253
0.429671
0.41462
0.394039
0.366423
-0.359407
-0.383798
-0.401958
-0.41521
-0.4254
-0.432516
-0.436584
-0.437824
-0.436494
-0.432866
-0.427221
-0.41984
-0.410991
-0.400928
-0.389881
-0.378055
-0.365632
-0.352767
-0.339592
-0.326214
-0.312722
-0.299184
-0.285652
-0.272164
-0.258745
-0.245408
-0.23216
-0.218997
-0.205911
-0.192887
-0.179908
-0.166952
-0.153993
-0.141004
-0.127959
-0.114826
-0.101576
-0.0881781
-0.0746013
-0.0608147
-0.0467876
-0.0324898
-0.0178919
-0.0029658
0.0123153
0.0279762
0.0440397
0.0605257
0.0774511
0.094829
0.112668
0.13097
0.149733
0.168943
0.188581
0.208614
0.228998
0.249677
0.270575
0.2916
0.31264
0.33356
0.354201
0.374377
0.393875
0.412456
0.429852
0.44577
0.459894
0.471892
0.48142
0.488134
0.491701
0.49181
0.488177
0.480572
0.469003
0.453514
0.431883
0.402515
-0.394654
-0.420842
-0.440096
-0.45383
-0.464055
-0.470784
-0.47408
-0.474219
-0.471522
-0.466322
-0.45896
-0.449769
-0.439068
-0.427146
-0.414268
-0.400664
-0.386535
-0.37205
-0.357348
-0.342543
-0.327723
-0.312957
-0.298294
-0.283767
-0.269397
-0.25519
-0.241147
-0.22726
-0.213511
-0.199883
-0.186349
-0.172881
-0.15945
-0.146024
-0.132567
-0.119046
-0.105425
-0.0916686
-0.0777408
-0.0636059
-0.0492282
-0.0345726
-0.0196046
-0.0042909
0.0114006
0.0275005
0.0440371
0.0610369
0.0785232
0.0965159
0.115031
0.134078
0.153661
0.173777
0.194413
0.215545
0.237137
0.259139
0.281484
0.304083
0.326827
0.349584
0.37219
0.394454
0.416151
0.437023
0.456779
0.475092
0.491605
0.505938
0.517688
0.526446
0.531808
0.533391
0.530838
0.523853
0.512401
0.496497
0.473733
0.44241
-0.433253
-0.461504
-0.481978
-0.496192
-0.506355
-0.51252
-0.514799
-0.513545
-0.509157
-0.502049
-0.492633
-0.481307
-0.468443
-0.454378
-0.439411
-0.4238
-0.407764
-0.391485
-0.375108
-0.358751
-0.342502
-0.326425
-0.310565
-0.294948
-0.279587
-0.264484
-0.24963
-0.235007
-0.220594
-0.206363
-0.192281
-0.178315
-0.164428
-0.150581
-0.136734
-0.122847
-0.108879
-0.0947896
-0.0805376
-0.066082
-0.0513822
-0.0363978
-0.0210892
-0.00541759
0.0106548
0.0271643
0.0441457
0.0616318
0.0796531
0.0982369
0.117407
0.137182
0.157574
0.17859
0.200225
0.222467
0.24529
0.268651
0.292494
0.316737
0.341279
0.36599
0.390706
0.415233
0.439338
0.462745
0.485137
0.506157
0.525402
0.542435
0.556788
0.567976
0.575508
0.57891
0.577733
0.571595
0.560402
0.544124
0.520134
0.486614
-0.475702
-0.506338
-0.528171
-0.542844
-0.552807
-0.558168
-0.559114
-0.556095
-0.549618
-0.540191
-0.528316
-0.514469
-0.499086
-0.482553
-0.465209
-0.447338
-0.429178
-0.41092
-0.392716
-0.374682
-0.356902
-0.339435
-0.322316
-0.305565
-0.289184
-0.273164
-0.257488
-0.242129
-0.227056
-0.212232
-0.197618
-0.183172
-0.16885
-0.154606
-0.140395
-0.12617
-0.111885
-0.0974939
-0.0829493
-0.0682058
-0.0532172
-0.037938
-0.0223231
-0.00632815
0.0100904
0.0269751
0.0443671
0.0623063
0.0808305
0.0999753
0.119773
0.140251
0.161432
0.183333
0.205962
0.229317
0.253383
0.278132
0.303518
0.329471
0.355899
0.382679
0.409654
0.436627
0.463361
0.489565
0.514902
0.538978
0.561345
0.581505
0.598913
0.612994
0.623154
0.628805
0.629381
0.624386
0.613642
0.597057
0.571739
0.535733
-0.522617
-0.556026
-0.579374
-0.594454
-0.604017
-0.608252
-0.60745
-0.602196
-0.593128
-0.580881
-0.566064
-0.549244
-0.530929
-0.511562
-0.49152
-0.471115
-0.450599
-0.430172
-0.409986
-0.390151
-0.370744
-0.351814
-0.333385
-0.315464
-0.298041
-0.281095
-0.264597
-0.248509
-0.23279
-0.217393
-0.202269
-0.187369
-0.172641
-0.158032
-0.14349
-0.128962
-0.114395
-0.0997372
-0.0849374
-0.0699437
-0.0547048
-0.0391698
-0.023288
-0.00700951
0.00971517
0.0269348
0.0446976
0.0630504
0.082039
0.101707
0.122097
0.143246
0.165188
0.187951
0.211557
0.236017
0.261331
0.287485
0.314448
0.342167
0.370563
0.399524
0.428904
0.458512
0.488107
0.517393
0.54601
0.573534
0.599469
0.62325
0.644248
0.661781
0.675131
0.683571
0.686381
0.682917
0.672885
0.656098
0.62934
0.590497
-0.574764
-0.611419
-0.636451
-0.651839
-0.660712
-0.663383
-0.660291
-0.652199
-0.639919
-0.624239
-0.605902
-0.585579
-0.56386
-0.541246
-0.518155
-0.494922
-0.47181
-0.449019
-0.426698
-0.404945
-0.383825
-0.363371
-0.343591
-0.324477
-0.306004
-0.288135
-0.270826
-0.254028
-0.237687
-0.221746
-0.206146
-0.190827
-0.17573
-0.160794
-0.14596
-0.131169
-0.116362
-0.10148
-0.086468
-0.0712673
-0.0558218
-0.0400751
-0.0239712
-0.0074544
0.00953084
0.0270397
0.0451271
0.0638475
0.0832548
0.103402
0.12434
0.146118
0.168783
0.192375
0.216929
0.242474
0.269027
0.296591
0.325155
0.354684
0.385118
0.416364
0.448292
0.480722
0.51342
0.546087
0.578351
0.609758
0.639766
0.667742
0.692962
0.714622
0.731855
0.743761
0.749426
0.748007
0.739048
0.722221
0.693909
0.651801
-0.633109
-0.67359
-0.700482
-0.716003
-0.723769
-0.72428
-0.718182
-0.70648
-0.69021
-0.670352
-0.647804
-0.623362
-0.597702
-0.571387
-0.544867
-0.518496
-0.492542
-0.467198
-0.442597
-0.418821
-0.395916
-0.373893
-0.35274
-0.332426
-0.312909
-0.294135
-0.276042
-0.258566
-0.24164
-0.225195
-0.209161
-0.193468
-0.178048
-0.162832
-0.147754
-0.132747
-0.117747
-0.10269
-0.0875136
-0.0721547
-0.0565517
-0.0406429
-0.0243669
-0.00766238
0.00953223
0.0272785
0.0456381
0.0646733
0.0844461
0.105019
0.126453
0.14881
0.172148
0.196522
0.221985
0.248582
0.276349
0.305313
0.335482
0.366849
0.399377
0.432998
0.467606
0.503041
0.539085
0.575447
0.611749
0.647518
0.682169
0.715001
0.745189
0.771791
0.793765
0.809993
0.819318
0.820631
0.813246
0.796631
0.766652
0.720752
-0.698888
-0.743905
-0.772832
-0.78819
-0.794245
-0.791778
-0.781729
-0.765426
-0.744193
-0.719249
-0.691676
-0.662404
-0.632201
-0.601685
-0.571336
-0.541512
-0.512473
-0.484396
-0.457388
-0.431505
-0.406764
-0.383148
-0.360619
-0.339121
-0.318587
-0.298943
-0.280108
-0.262003
-0.244543
-0.227646
-0.211232
-0.19522
-0.179532
-0.164092
-0.148824
-0.133657
-0.118519
-0.103341
-0.0880542
-0.0725914
-0.0568855
-0.0408696
-0.024477
-0.00764087
0.00970618
0.0276319
0.0462049
0.0654948
0.0855723
0.106509
0.128378
0.151251
0.175201
0.200299
0.226615
0.254214
0.283154
0.313487
0.345248
0.378459
0.413115
0.449181
0.486583
0.525193
0.564821
0.605195
0.645949
0.686599
0.726529
0.764975
0.801008
0.833534
0.861307
0.882947
0.896981
0.90195
0.896844
0.880826
0.849085
0.798744
-0.773698
-0.824137
-0.85524
-0.869953
-0.87342
-0.866842
-0.851585
-0.829408
-0.802003
-0.770874
-0.737317
-0.702405
-0.666994
-0.631747
-0.597154
-0.563566
-0.531217
-0.50025
-0.470735
-0.442689
-0.416091
-0.390888
-0.367007
-0.344363
-0.322862
-0.302405
-0.282891
-0.26422
-0.246293
-0.229012
-0.212285
-0.19602
-0.180129
-0.164528
-0.149134
-0.133869
-0.118654
-0.103415
-0.0880789
-0.0725723
-0.0568234
-0.0407606
-0.0243122
-0.00740599
0.0100308
0.0280719
0.0467927
0.0662703
0.0865837
0.107814
0.130045
0.153361
0.17785
0.203599
0.230696
0.259228
0.289279
0.320927
0.35424
0.389275
0.426065
0.464617
0.5049
0.546832
0.590265
0.634965
0.680592
0.726675
0.772583
0.817501
0.860402
0.900033
0.934914
0.963351
0.983473
0.993355
0.991528
0.976702
0.943149
0.887556
-0.859649
-0.916609
-0.949954
-0.963236
-0.96283
-0.950574
-0.928436
-0.898749
-0.863666
-0.825036
-0.784383
-0.742923
-0.701587
-0.661057
-0.621814
-0.584172
-0.548318
-0.514341
-0.482259
-0.452034
-0.423595
-0.396846
-0.371671
-0.347952
-0.32556
-0.304372
-0.284261
-0.265109
-0.246797
-0.229214
-0.212253
-0.195812
-0.179794
-0.164106
-0.148657
-0.133363
-0.118139
-0.102907
-0.0875867
-0.0721016
-0.056375
-0.0403307
-0.0238924
-0.00698324
0.0104749
0.0285613
0.0473579
0.0669487
0.087421
0.108865
0.131376
0.15505
0.179989
0.206299
0.234087
0.263463
0.294538
0.327422
0.362217
0.399022
0.437915
0.478957
0.52217
0.567533
0.614959
0.664275
0.715192
0.767278
0.819916
0.872264
0.923215
0.971359
1.01496
1.05196
1.07999
1.0965
1.09939
1.08668
1.05136
0.989504
-0.959574
-1.02443
-1.05991
-1.07049
-1.06432
-1.0442
-1.01295
-0.973652
-0.929041
-0.881344
-0.832327
-0.783327
-0.735315
-0.688959
-0.644687
-0.602746
-0.563246
-0.526196
-0.49154
-0.459172
-0.428958
-0.400746
-0.374376
-0.349684
-0.32651
-0.304698
-0.284098
-0.264567
-0.245971
-0.228183
-0.211082
-0.194555
-0.178495
-0.162802
-0.147378
-0.132131
-0.116974
-0.10182
-0.0865874
-0.0711944
-0.0555603
-0.0396049
-0.0232479
-0.00640787
0.0109977
0.0290536
0.0478473
0.0674697
0.0880156
0.109585
0.132281
0.156215
0.181503
0.208268
0.236637
0.266744
0.29873
0.332737
0.368909
0.407389
0.448311
0.491794
0.537933
0.586782
0.638338
0.692514
0.749108
0.807762
0.867913
0.928736
0.98908
1.0474
1.1017
1.14951
1.18784
1.21336
1.22304
1.21389
1.17706
1.10767
-1.07738
-1.15184
-1.18899
-1.1948
-1.18005
-1.14901
-1.10567
-1.05411
-0.997709
-0.939126
-0.880334
-0.822746
-0.767312
-0.714626
-0.665013
-0.618604
-0.575394
-0.535285
-0.498122
-0.463712
-0.431846
-0.402309
-0.374884
-0.349363
-0.325548
-0.303249
-0.282291
-0.262508
-0.243747
-0.225866
-0.208731
-0.192219
-0.176214
-0.160606
-0.145293
-0.130178
-0.115167
-0.100171
-0.0851025
-0.0698769
-0.0544102
-0.0386186
-0.0224185
-0.00572471
0.0115494
0.0294932
0.0481993
0.0677646
0.0882908
0.109886
0.132664
0.156748
0.182267
0.209361
0.238179
0.26888
0.301633
0.336617
0.374019
0.414032
0.456851
0.502667
0.551657
0.603973
0.659717
0.718923
0.781513
0.847256
0.9157
0.986102
1.05733
1.12775
1.19515
1.25661
1.30842
1.34622
1.36574
1.36244
1.32476
1.24625
-1.21862
-1.30474
-1.34237
-1.34004
-1.31253
-1.26628
-1.20692
-1.13972
-1.06884
-0.997304
-0.927229
-0.860004
-0.796464
-0.737043
-0.681888
-0.630957
-0.584085
-0.541031
-0.501518
-0.465248
-0.431923
-0.401256
-0.372969
-0.346806
-0.322526
-0.299908
-0.278749
-0.25886
-0.240072
-0.222225
-0.205177
-0.188791
-0.172945
-0.157523
-0.142416
-0.127522
-0.112744
-0.0979878
-0.0831646
-0.0681862
-0.0529659
-0.0374173
-0.0214539
-0.00498765
0.0120715
0.0298165
0.0483443
0.0677569
0.0881624
0.109676
0.132421
0.15653
0.182148
0.209429
0.238542
0.269672
0.303017
0.338792
0.37723
0.418578
0.463098
0.51106
0.56274
0.618401
0.678283
0.742573
0.811368
0.884624
0.962079
1.04316
1.12686
1.21158
1.29493
1.3736
1.44308
1.49773
1.53157
1.53778
1.50069
1.41118
-1.39146
-1.49152
-1.52702
-1.51102
-1.46447
-1.39704
-1.31649
-1.22951
-1.141
-1.05426
-0.971377
-0.893558
-0.821377
-0.754984
-0.694259
-0.638915
-0.588575
-0.542821
-0.501226
-0.463371
-0.428859
-0.397323
-0.368423
-0.341848
-0.317318
-0.294579
-0.273401
-0.253574
-0.234913
-0.217244
-0.200413
-0.184276
-0.168704
-0.153573
-0.138772
-0.124194
-0.109739
-0.0953113
-0.0808183
-0.0661703
-0.0512788
-0.0360557
-0.0204123
-0.00425864
0.0124978
0.0299527
0.0482064
0.067365
0.0875415
0.108857
0.131444
0.155443
0.18101
0.208317
0.237549
0.268914
0.302641
0.33898
0.37821
0.420633
0.466581
0.516414
0.570513
0.629274
0.693098
0.762364
0.837399
0.918419
1.00545
1.09823
1.19601
1.29739
1.40002
1.50028
1.59289
1.67072
1.72554
1.74721
1.71366
1.6111
-1.60843
-1.72442
-1.75232
-1.71351
-1.63855
-1.54166
-1.43325
-1.3215
-1.21187
-1.10764
-1.01057
-0.921439
-0.840348
-0.767015
-0.700937
-0.641506
-0.588079
-0.540024
-0.496744
-0.457685
-0.422346
-0.390272
-0.361061
-0.334352
-0.309824
-0.287192
-0.266201
-0.246625
-0.22826
-0.210925
-0.194453
-0.178697
-0.163519
-0.148792
-0.134403
-0.12024
-0.106203
-0.0921934
-0.0781183
-0.0638868
-0.0494093
-0.0345966
-0.0193593
-0.00360624
0.0127564
0.0298262
0.0477055
0.0665034
0.0863365
0.107331
0.129624
0.153365
0.17872
0.205872
0.235024
0.266406
0.30027
0.336903
0.376625
0.419796
0.466819
0.518142
0.574262
0.635722
0.703107
0.777025
0.858087
0.946853
1.04376
1.14899
1.26232
1.38278
1.50837
1.63548
1.75825
1.86796
1.95367
2.00047
1.97648
1.85923
-1.88981
-2.02163
-2.0308
-1.95412
-1.8368
-1.69918
-1.55457
-1.41234
-1.27797
-1.15418
-1.04194
-0.941208
-0.851367
-0.77151
-0.700627
-0.637709
-0.581799
-0.532025
-0.487601
-0.447833
-0.412113
-0.379905
-0.350743
-0.32422
-0.29998
-0.27771
-0.257135
-0.238013
-0.22013
-0.203294
-0.187334
-0.172094
-0.157437
-0.143232
-0.129362
-0.115717
-0.102195
-0.0886963
-0.075129
-0.0614016
-0.0474247
-0.0331093
-0.018366
-0.00310348
0.0127721
0.0293589
0.0467603
0.0650866
0.0844565
0.104999
0.126855
0.150181
0.175148
0.20195
0.230804
0.261954
0.295679
0.332292
0.372155
0.415678
0.463331
0.515652
0.573254
0.636833
0.707172
0.78514
0.871682
0.967786
1.07442
1.19244
1.32237
1.4641
1.61646
1.77644
1.93812
2.09156
2.22277
2.31055
2.30803
2.17683
-2.27035
-2.41069
-2.37865
-2.23932
-2.05925
-1.86603
-1.6753
-1.49656
-1.33423
-1.18949
-1.06185
-0.949955
-0.852148
-0.7667
-0.691978
-0.626502
-0.568971
-0.518254
-0.473379
-0.433514
-0.397949
-0.366076
-0.337375
-0.311399
-0.287763
-0.266133
-0.24622
-0.227771
-0.210564
-0.194401
-0.179108
-0.164529
-0.150521
-0.136957
-0.123718
-0.110694
-0.0977845
-0.0848912
-0.0719219
-0.0587868
-0.0453978
-0.031667
-0.0175062
-0.00282539
0.0124686
0.028473
0.0452907
0.0630318
0.0818152
0.101771
0.123041
0.145785
0.170179
0.196422
0.22474
0.25539
0.288667
0.324909
0.364508
0.407918
0.455669
0.508379
0.566771
0.631688
0.704117
0.7852
0.876252
0.978757
1.09435
1.22474
1.37155
1.53605
1.71859
1.91775
2.12875
2.34148
2.5395
2.69412
2.73684
2.60022
-2.81293
-2.93337
-2.81486
-2.57272
-2.30113
-2.03379
-1.78627
-1.56574
-1.37352
-1.20786
-1.06586
-0.944314
-0.840179
-0.750735
-0.673637
-0.606907
-0.548891
-0.498214
-0.453732
-0.414493
-0.379703
-0.348696
-0.320912
-0.295876
-0.273184
-0.252492
-0.2335
-0.215952
-0.199621
-0.184311
-0.169846
-0.156071
-0.142846
-0.130043
-0.117546
-0.105247
-0.0930482
-0.0808532
-0.0685721
-0.0561175
-0.0434035
-0.0303447
-0.0168552
-0.00284717
0.0117702
0.0270919
0.043219
0.0602594
0.0783306
0.0975609
0.118092
0.140082
0.163709
0.189173
0.216704
0.246565
0.27906
0.314543
0.353428
0.396199
0.443431
0.495806
0.55414
0.619406
0.692776
0.775656
0.869735
0.97703
1.09992
1.24117
1.40383
1.59112
1.80591
2.04982
2.32128
2.61263
2.90745
3.17064
3.30588
3.19479
-3.63192
-3.65013
-3.35747
-2.95012
-2.5487
-2.18649
-1.87285
-1.60786
-1.38656
-1.2024
-1.04899
-0.920736
-0.81297
-0.721883
-0.644416
-0.578119
-0.521027
-0.471563
-0.428451
-0.390654
-0.357323
-0.327758
-0.301379
-0.277699
-0.256308
-0.236859
-0.219054
-0.202638
-0.187389
-0.173112
-0.159636
-0.146809
-0.134496
-0.122573
-0.110928
-0.099458
-0.088066
-0.0766612
-0.0651569
-0.0534693
-0.0415161
-0.0292152
-0.0164844
-0.00323935
0.0106073
0.025147
0.0404769
0.0567016
0.0739346
0.0923003
0.111937
0.132999
0.15566
0.180119
0.206602
0.235373
0.266736
0.301048
0.338732
0.380287
0.426313
0.477533
0.534821
0.599249
0.672131
0.755096
0.850163
0.959854
1.08731
1.23642
1.41196
1.61964
1.86592
2.15742
2.49909
2.89067
3.3221
3.75836
4.07676
4.07831
-4.93377
-4.64047
-4.01628
-3.35547
-2.77783
-2.3007
-1.91611
-1.60901
-1.36371
-1.16668
-1.00712
-0.876685
-0.769034
-0.679348
-0.603961
-0.540062
-0.485475
-0.4385
-0.397793
-0.362284
-0.331108
-0.303562
-0.279069
-0.257149
-0.237402
-0.219488
-0.203122
-0.188055
-0.174076
-0.160998
-0.148658
-0.136911
-0.125629
-0.114694
-0.104
-0.0934487
-0.0829499
-0.0724172
-0.0617687
-0.0509252
-0.039809
-0.0283428
-0.0164488
-0.00404746
0.00894385
0.0226116
0.0370479
0.0523517
0.0686307
0.0860034
0.104601
0.124571
0.146081
0.16932
0.194507
0.221897
0.251785
0.284521
0.320519
0.360276
0.404391
0.453594
0.508782
0.571069
0.64185
0.722888
0.816439
0.925412
1.0536
1.20596
1.38902
1.61135
1.88401
2.22082
2.63782
3.15048
3.76661
4.46675
5.1295
5.46073
-7.17798
-6.00406
-4.75321
-3.73037
-2.93564
-2.3355
-1.88764
-1.55086
-1.2937
-1.09406
-0.936491
-0.810173
-0.707446
-0.622827
-0.552326
-0.492989
-0.442588
-0.399423
-0.36217
-0.329788
-0.301447
-0.276476
-0.254326
-0.234547
-0.216762
-0.200654
-0.185956
-0.172436
-0.159898
-0.148168
-0.137096
-0.126546
-0.116399
-0.106546
-0.09689
-0.0873389
-0.0778087
-0.0682196
-0.0584957
-0.0485636
-0.0383511
-0.0277867
-0.0167981
-0.00531155
0.00674962
0.0194657
0.0329221
0.0472108
0.0624317
0.0786948
0.0961224
0.114852
0.135038
0.156858
0.180516
0.206251
0.234339
0.26511
0.298955
0.336344
0.377848
0.42417
0.476177
0.53496
0.6019
0.678777
0.767913
0.872387
0.996344
1.14547
1.32767
1.55413
1.84073
2.21015
2.69469
3.33687
4.18014
5.2564
6.56564
7.80732
-11.56
-7.80253
-5.29292
-3.81986
-2.84165
-2.17219
-1.71128
-1.38438
-1.14417
-0.962334
-0.821183
-0.709244
-0.618857
-0.544757
-0.483227
-0.431566
-0.387771
-0.350324
-0.318054
-0.290042
-0.265557
-0.24401
-0.224921
-0.207891
-0.192591
-0.178741
-0.166106
-0.154483
-0.143696
-0.133592
-0.124038
-0.114913
-0.106112
-0.0975369
-0.0891001
-0.0807205
-0.0723224
-0.0638342
-0.0551877
-0.0463169
-0.0371571
-0.0276437
-0.0177119
-0.00729517
0.00367529
0.0152716
0.0275705
0.0406542
0.0546123
0.069543
0.0855554
0.102772
0.12133
0.141388
0.163128
0.186759
0.212527
0.240725
0.271697
0.30586
0.343721
0.385899
0.433168
0.486497
0.547124
0.616651
0.69719
0.791581
0.903725
1.03912
1.20574
1.41547
1.68661
2.0483
2.54908
3.26603
4.30365
5.85007
8.44988
12.3182
-18.9697
-9.55611
-5.068
-3.24725
-2.28426
-1.70013
-1.32926
-1.07805
-0.896655
-0.75961
-0.652722
-0.567344
-0.497881
-0.440542
-0.392644
-0.352231
-0.317836
-0.288337
-0.262856
-0.240701
-0.221312
-0.204237
-0.189099
-0.175588
-0.163442
-0.152438
-0.142387
-0.133123
-0.124504
-0.116404
-0.108713
-0.101331
-0.0941688
-0.0871455
-0.0801867
-0.0732239
-0.0661926
-0.0590319
-0.0516835
-0.0440911
-0.0361991
-0.0279523
-0.0192951
-0.0101704
-0.000519562
0.00971902
0.0206106
0.0322249
0.0446377
0.0579315
0.0721979
0.0875386
0.104068
0.121917
0.141234
0.162191
0.184987
0.209856
0.237077
0.266981
0.299966
0.336519
0.377242
0.422881
0.474383
0.532963
0.600206
0.678228
0.769919
0.879349
1.01248
1.17843
1.39206
1.67964
2.09199
2.72599
3.75693
5.67365
10.2794
19.8164
)
;

boundaryField
{
    movingWall
    {
        type            zeroGradient;
    }
    fixedWalls
    {
        type            zeroGradient;
    }
    frontAndBack
    {
        type            empty;
    }
}


// ************************************************************************* //
